30 135 edge_degree 4.5
0 28 0.5
0 22 0.3
0 10 0.5
0 23 0.1
0 29 0.5
0 15 0.5
0 7 0.7
0 12 0.7
0 11 0.1
0 25 0.3
0 27 0.3
0 14 0.1
0 9 0.3
0 26 0.3
0 20 0.5
0 17 0.9
1 15 0.3
1 9 0.5
1 13 0.5
1 8 0.5
1 23 0.5
2 24 0.3
2 11 0.3
2 27 0.5
2 9 0.3
3 8 0.9
3 15 0.7
3 28 0.9
3 5 0.9
3 23 0.7
3 16 0.7
4 18 0.9
4 25 0.9
4 12 0.7
4 9 0.5
4 8 0.3
5 11 0.3
5 24 0.5
5 20 0.7
5 16 0.3
5 17 0.5
5 18 0.9
5 21 0.5
5 14 0.7
5 23 0.3
6 25 0.5
6 13 0.1
6 21 0.3
6 24 0.1
6 17 0.7
6 8 0.9
6 16 0.3
6 28 0.1
7 18 0.1
7 16 0.3
7 11 0.7
7 21 0.1
7 24 0.9
7 23 0.5
7 12 0.7
7 20 0.3
7 8 0.3
8 14 0.5
8 29 0.5
8 16 0.9
8 20 0.9
9 14 0.9
9 27 0.3
9 22 0.9
9 29 0.1
10 28 0.5
10 19 0.9
10 15 0.5
10 12 0.7
10 21 0.1
11 12 0.3
11 16 0.9
11 14 0.3
11 18 0.5
11 13 0.5
12 20 0.3
12 26 0.5
12 21 0.3
12 16 0.1
12 25 0.1
12 18 0.5
13 19 0.9
13 26 0.5
13 16 0.9
13 21 0.7
13 25 0.1
13 20 0.3
13 18 0.3
14 15 0.5
14 24 0.3
14 21 0.5
14 19 0.9
14 22 0.7
14 16 0.1
15 24 0.5
15 17 0.1
15 27 0.3
15 23 0.3
15 26 0.9
16 29 0.1
16 26 0.3
16 23 0.3
16 24 0.7
16 22 0.7
17 20 0.7
17 29 0.9
17 28 0.7
17 27 0.3
17 21 0.3
17 25 0.3
17 26 0.5
18 28 0.5
18 27 0.5
18 19 0.1
18 25 0.3
19 23 0.1
19 25 0.9
20 29 0.5
20 23 0.9
21 23 0.7
21 26 0.3
22 23 0.1
22 24 0.1
22 27 0.5
22 25 0.9
23 25 0.5
23 28 0.9
25 27 0.9
26 29 0.7
26 28 0.3
