30 72 edge_degree 2.4
0 27 0.7
0 7 0.7
0 23 0.5
1 2 0.3
1 19 0.7
1 28 0.9
1 3 0.3
1 8 0.7
2 11 0.7
2 25 0.5
4 5 0.1
5 26 0.5
5 13 0.5
5 17 0.9
5 7 0.9
5 10 0.1
5 28 0.3
5 14 0.1
6 19 0.9
6 15 0.3
6 23 0.3
7 16 0.5
7 10 0.5
8 9 0.7
8 16 0.3
8 15 0.9
8 19 0.5
9 15 0.1
9 25 0.7
9 23 0.7
10 29 0.7
10 26 0.7
11 17 0.7
11 14 0.1
11 16 0.3
11 25 0.1
11 18 0.5
11 27 0.9
11 21 0.5
12 20 0.9
12 29 0.7
12 24 0.7
13 28 0.7
13 23 0.9
13 18 0.7
14 29 0.5
14 25 0.1
14 20 0.3
14 28 0.9
14 23 0.5
15 29 0.3
15 21 0.5
16 27 0.9
16 28 0.1
16 29 0.1
16 17 0.9
17 21 0.1
17 29 0.1
18 21 0.9
18 23 0.7
18 20 0.1
19 20 0.3
19 28 0.9
21 27 0.1
21 29 0.1
22 23 0.3
22 26 0.9
23 25 0.1
24 29 0.5
25 26 0.3
26 29 0.9
28 29 0.1
