80 360 edge_degree 4.5
0 9 0.7
0 61 0.3
0 62 0.5
0 41 0.9
0 71 0.7
0 75 0.7
0 3 0.3
0 13 0.1
0 28 0.7
1 60 0.9
1 8 0.1
1 43 0.1
1 61 0.9
2 37 0.7
2 40 0.9
2 75 0.5
2 7 0.3
2 30 0.9
2 31 0.7
2 34 0.1
2 68 0.1
2 59 0.3
2 26 0.1
3 34 0.3
3 35 0.9
3 13 0.7
3 16 0.7
3 22 0.7
3 14 0.3
3 71 0.9
3 37 0.1
3 61 0.5
3 6 0.5
3 21 0.7
4 17 0.3
4 39 0.7
4 68 0.1
4 67 0.7
4 52 0.3
4 28 0.1
4 65 0.7
4 61 0.1
4 11 0.1
4 32 0.3
4 37 0.7
4 27 0.3
4 76 0.7
4 58 0.3
5 38 0.9
5 15 0.5
5 48 0.1
5 43 0.1
5 31 0.7
5 47 0.3
5 79 0.3
5 67 0.7
5 51 0.3
5 21 0.9
5 17 0.1
5 52 0.7
6 73 0.9
6 52 0.9
6 34 0.9
6 60 0.7
6 8 0.5
6 55 0.1
6 49 0.3
7 42 0.7
7 61 0.7
7 16 0.3
7 70 0.9
7 45 0.7
8 77 0.7
8 61 0.3
8 44 0.3
8 75 0.7
8 30 0.5
8 22 0.7
8 45 0.5
8 26 0.3
8 68 0.7
9 40 0.9
9 54 0.1
9 23 0.7
9 61 0.7
9 62 0.5
9 35 0.1
9 63 0.1
9 25 0.7
10 43 0.1
10 79 0.9
10 48 0.3
10 53 0.1
10 15 0.5
10 17 0.9
11 61 0.7
11 65 0.9
11 72 0.9
11 54 0.5
11 33 0.9
11 79 0.7
12 46 0.1
12 13 0.9
12 48 0.1
12 70 0.5
12 63 0.7
12 32 0.7
12 45 0.3
12 75 0.7
13 27 0.7
13 76 0.7
13 79 0.3
13 48 0.1
13 68 0.5
13 70 0.1
13 43 0.3
13 71 0.7
13 23 0.9
13 40 0.3
14 78 0.9
14 55 0.7
14 67 0.3
14 63 0.5
14 72 0.3
14 23 0.3
14 17 0.3
15 36 0.1
15 28 0.9
15 21 0.5
15 25 0.7
15 68 0.5
15 16 0.3
15 59 0.1
15 67 0.5
15 43 0.7
15 40 0.9
15 58 0.9
16 69 0.5
16 72 0.3
16 53 0.3
16 43 0.5
16 35 0.7
16 75 0.7
17 56 0.9
17 48 0.1
17 75 0.5
17 23 0.9
17 33 0.1
17 59 0.1
18 60 0.7
18 74 0.3
18 61 0.7
18 42 0.9
18 77 0.9
18 47 0.5
19 50 0.3
19 29 0.5
19 52 0.7
19 33 0.1
19 25 0.7
19 51 0.1
19 20 0.3
19 23 0.5
19 34 0.1
19 36 0.1
20 75 0.7
20 77 0.1
20 40 0.7
20 53 0.3
20 50 0.5
20 24 0.3
21 56 0.1
21 30 0.5
21 72 0.9
21 74 0.1
22 40 0.1
22 72 0.3
22 25 0.5
22 47 0.1
22 67 0.1
23 46 0.3
23 55 0.9
23 73 0.3
23 30 0.3
23 79 0.1
23 40 0.1
23 58 0.7
23 56 0.1
24 29 0.9
24 40 0.3
24 33 0.5
24 30 0.1
24 72 0.7
24 50 0.3
24 76 0.1
24 67 0.3
25 52 0.3
25 55 0.5
25 34 0.7
25 58 0.1
26 76 0.7
26 74 0.5
26 54 0.1
26 33 0.9
27 63 0.3
27 72 0.5
27 68 0.7
27 39 0.3
27 32 0.9
28 34 0.5
28 42 0.3
28 45 0.9
28 54 0.5
28 62 0.9
29 43 0.3
29 68 0.9
29 59 0.3
29 62 0.3
29 64 0.1
30 75 0.1
30 64 0.9
30 55 0.7
30 41 0.9
30 49 0.9
30 67 0.1
30 52 0.5
31 34 0.5
31 58 0.5
32 47 0.5
32 69 0.5
32 46 0.7
33 70 0.5
33 55 0.7
33 66 0.5
33 76 0.9
33 71 0.1
33 37 0.3
34 73 0.9
34 64 0.9
34 57 0.1
34 59 0.5
34 75 0.3
34 74 0.1
35 70 0.5
35 62 0.9
35 43 0.9
36 69 0.1
36 61 0.5
37 78 0.3
37 66 0.9
37 53 0.7
37 52 0.1
37 72 0.3
38 53 0.3
38 55 0.9
38 70 0.9
38 58 0.5
38 48 0.7
38 64 0.3
38 46 0.3
38 74 0.3
38 71 0.7
38 67 0.9
38 62 0.1
39 64 0.9
39 61 0.9
39 63 0.5
40 46 0.5
40 47 0.9
40 53 0.7
40 72 0.7
40 65 0.3
40 49 0.3
41 69 0.7
41 76 0.9
41 47 0.7
41 72 0.1
41 43 0.1
42 75 0.9
42 54 0.9
42 51 0.3
42 44 0.1
43 74 0.9
44 73 0.1
44 75 0.5
44 53 0.7
44 49 0.5
44 71 0.7
45 59 0.1
45 77 0.5
45 57 0.5
45 65 0.9
46 72 0.7
46 79 0.9
46 67 0.7
47 77 0.7
47 63 0.3
47 67 0.7
47 57 0.7
48 58 0.1
48 78 0.3
48 69 0.5
48 64 0.7
48 61 0.1
48 55 0.9
49 66 0.9
49 54 0.1
49 64 0.1
49 75 0.1
50 73 0.5
50 78 0.5
50 76 0.1
50 62 0.3
50 53 0.3
51 73 0.3
51 58 0.3
51 76 0.5
51 64 0.5
52 74 0.7
52 72 0.7
52 56 0.3
53 54 0.7
53 74 0.5
53 58 0.1
53 61 0.7
53 76 0.5
54 66 0.3
55 71 0.1
56 75 0.5
56 67 0.3
56 64 0.5
57 69 0.5
58 66 0.1
58 77 0.1
58 68 0.7
59 74 0.5
60 74 0.3
60 69 0.7
60 70 0.5
60 76 0.1
60 63 0.1
61 66 0.9
61 64 0.9
62 64 0.3
63 65 0.7
65 79 0.3
65 72 0.1
67 68 0.1
67 79 0.7
67 69 0.9
68 74 0.7
68 72 0.1
69 70 0.5
70 74 0.7
71 76 0.3
72 73 0.3
72 74 0.5
74 76 0.1
75 76 0.5
77 78 0.1
