30 135 edge_degree 4.5
0 2 0.7
0 29 0.3
0 1 0.1
0 10 0.3
0 18 0.3
0 6 0.5
0 19 0.7
1 7 0.1
1 25 0.5
1 2 0.5
1 26 0.9
1 11 0.9
1 3 0.5
1 17 0.1
1 15 0.3
1 6 0.7
1 8 0.5
1 10 0.5
1 27 0.7
2 4 0.1
2 11 0.9
2 8 0.7
2 13 0.7
2 28 0.5
2 26 0.5
2 12 0.7
2 15 0.7
3 23 0.7
3 26 0.7
3 10 0.5
3 14 0.7
3 18 0.9
3 12 0.1
4 10 0.9
4 24 0.9
4 8 0.1
4 19 0.7
5 24 0.7
5 6 0.9
5 7 0.3
5 14 0.1
5 11 0.9
5 29 0.3
5 10 0.7
5 23 0.9
5 22 0.3
5 21 0.3
6 8 0.9
6 13 0.7
6 21 0.1
6 29 0.1
6 28 0.1
6 15 0.5
6 7 0.7
6 16 0.9
6 25 0.5
7 9 0.1
7 15 0.5
7 22 0.3
7 27 0.1
7 10 0.3
7 13 0.1
7 14 0.9
7 8 0.7
7 24 0.9
7 28 0.3
8 11 0.3
8 25 0.3
8 26 0.9
8 16 0.5
8 14 0.3
8 24 0.1
8 10 0.3
8 27 0.9
8 28 0.3
9 29 0.1
9 26 0.7
9 18 0.3
9 27 0.7
9 13 0.3
9 14 0.5
9 23 0.3
9 10 0.9
9 19 0.3
9 24 0.9
10 21 0.9
10 18 0.7
10 20 0.7
10 19 0.1
11 22 0.1
11 25 0.7
12 15 0.5
12 17 0.3
12 16 0.9
12 19 0.9
12 28 0.3
12 29 0.9
12 23 0.9
12 25 0.1
13 19 0.9
13 23 0.3
13 20 0.3
13 14 0.7
13 26 0.3
13 27 0.5
14 20 0.7
15 22 0.5
15 18 0.1
15 21 0.1
16 17 0.9
16 24 0.9
16 26 0.1
17 27 0.9
17 20 0.9
18 19 0.5
18 28 0.3
19 27 0.1
19 21 0.7
20 26 0.3
20 27 0.5
20 28 0.5
20 25 0.3
20 21 0.1
21 25 0.5
21 27 0.9
22 28 0.1
22 23 0.1
23 27 0.9
24 25 0.7
25 27 0.5
25 28 0.5
26 29 0.5
27 28 0.7
27 29 0.3
28 29 0.1
