80 360 edge_degree 4.5
0 76 0.9
0 47 0.9
0 44 0.9
0 32 0.3
0 38 0.7
0 34 0.7
0 36 0.3
1 27 0.9
1 57 0.9
1 74 0.9
1 61 0.5
1 24 0.3
1 17 0.5
1 16 0.3
1 20 0.3
2 38 0.5
2 32 0.5
2 70 0.5
2 40 0.5
2 16 0.1
2 7 0.7
2 79 0.5
2 18 0.9
2 78 0.5
3 59 0.7
3 34 0.9
3 61 0.3
3 67 0.9
3 42 0.9
3 69 0.5
3 25 0.9
3 56 0.9
4 37 0.9
4 30 0.5
4 7 0.1
4 39 0.5
4 53 0.7
4 47 0.1
4 60 0.1
4 16 0.1
4 73 0.1
4 75 0.7
4 61 0.3
4 44 0.3
4 20 0.9
4 70 0.1
4 6 0.1
4 8 0.7
5 23 0.5
5 60 0.3
5 37 0.1
5 71 0.5
5 25 0.1
5 26 0.7
5 21 0.3
6 31 0.1
6 20 0.9
6 17 0.9
6 8 0.3
6 15 0.7
6 49 0.9
6 60 0.5
6 7 0.7
6 25 0.5
6 54 0.5
7 22 0.1
7 53 0.9
7 73 0.1
7 17 0.3
7 59 0.7
7 35 0.5
8 33 0.5
8 43 0.7
8 46 0.7
8 59 0.1
8 10 0.3
8 54 0.7
8 20 0.9
8 70 0.3
8 12 0.3
8 36 0.7
8 39 0.5
9 20 0.3
9 75 0.5
9 35 0.3
9 47 0.7
9 30 0.7
9 27 0.9
9 12 0.5
10 19 0.9
10 76 0.9
10 53 0.1
10 43 0.5
10 62 0.7
10 79 0.1
10 29 0.9
10 68 0.3
10 54 0.9
11 55 0.9
11 69 0.3
11 62 0.7
11 77 0.3
11 15 0.3
11 33 0.1
12 38 0.9
12 24 0.3
12 44 0.9
12 20 0.7
13 69 0.1
13 59 0.9
13 52 0.7
13 48 0.1
13 67 0.9
13 40 0.5
13 34 0.3
14 20 0.7
14 18 0.5
14 40 0.5
14 70 0.5
14 78 0.7
14 28 0.1
14 32 0.9
14 17 0.7
15 31 0.1
15 79 0.3
15 77 0.1
15 28 0.9
15 73 0.5
15 19 0.9
15 42 0.5
16 26 0.5
16 72 0.7
16 45 0.1
16 73 0.9
16 41 0.9
16 54 0.1
17 79 0.3
17 25 0.9
17 50 0.5
17 37 0.7
17 30 0.3
17 27 0.3
17 45 0.7
17 21 0.1
18 21 0.1
18 46 0.1
18 53 0.3
18 37 0.9
18 66 0.9
18 20 0.1
18 41 0.7
18 36 0.5
18 39 0.9
18 57 0.7
19 47 0.9
19 34 0.3
19 54 0.1
19 56 0.7
19 37 0.5
19 20 0.9
19 70 0.5
20 25 0.9
20 76 0.1
20 35 0.9
20 59 0.5
21 55 0.7
21 66 0.7
21 67 0.7
21 78 0.3
21 28 0.3
21 61 0.7
21 77 0.1
21 56 0.1
22 39 0.1
22 63 0.1
22 43 0.3
22 57 0.1
22 49 0.3
22 30 0.7
22 24 0.1
23 49 0.9
23 26 0.1
23 40 0.3
23 43 0.9
23 79 0.3
23 28 0.5
23 61 0.3
23 78 0.9
23 52 0.9
23 50 0.9
23 25 0.9
23 39 0.7
24 70 0.7
24 68 0.9
25 69 0.7
25 49 0.9
25 79 0.3
25 46 0.5
25 37 0.9
26 27 0.9
26 43 0.1
26 30 0.7
27 79 0.9
27 73 0.9
28 63 0.5
28 33 0.1
28 70 0.9
29 34 0.3
29 73 0.9
29 67 0.1
29 59 0.1
30 32 0.3
30 58 0.5
30 45 0.1
30 36 0.5
31 48 0.1
31 73 0.3
31 56 0.7
31 35 0.7
31 62 0.9
31 60 0.5
31 63 0.5
32 79 0.7
32 67 0.7
32 58 0.9
32 41 0.9
32 53 0.5
32 52 0.1
33 37 0.7
33 76 0.7
33 63 0.1
33 55 0.9
34 65 0.7
34 67 0.1
35 52 0.1
35 43 0.3
35 37 0.3
35 62 0.5
35 59 0.5
35 44 0.3
36 64 0.3
36 61 0.1
36 37 0.1
36 38 0.7
36 60 0.9
36 66 0.3
36 47 0.5
36 41 0.1
37 40 0.5
37 69 0.7
37 74 0.9
37 61 0.3
37 78 0.1
37 71 0.3
37 42 0.9
37 55 0.7
37 41 0.1
38 42 0.9
38 53 0.9
38 63 0.3
38 79 0.9
39 45 0.7
39 61 0.7
39 40 0.3
39 62 0.1
39 57 0.9
40 61 0.3
40 76 0.3
40 47 0.9
40 51 0.3
40 53 0.5
40 57 0.3
41 72 0.7
41 61 0.1
41 54 0.1
42 63 0.7
42 46 0.1
42 68 0.7
42 45 0.1
43 65 0.5
43 68 0.9
44 59 0.5
44 76 0.5
44 45 0.5
44 52 0.1
44 51 0.9
44 78 0.5
45 67 0.9
45 51 0.9
45 65 0.9
45 75 0.1
45 47 0.3
45 62 0.7
46 53 0.7
46 71 0.5
46 75 0.7
46 66 0.9
46 51 0.1
46 59 0.7
47 60 0.3
47 75 0.7
47 59 0.3
47 58 0.9
48 74 0.3
48 68 0.1
48 78 0.3
48 76 0.5
48 72 0.5
48 49 0.1
48 79 0.3
48 66 0.3
48 71 0.7
49 61 0.1
49 59 0.5
49 60 0.1
50 60 0.9
50 63 0.1
51 68 0.1
51 60 0.3
51 62 0.9
51 79 0.1
51 65 0.1
52 53 0.1
52 57 0.5
54 55 0.9
54 60 0.9
54 73 0.5
55 74 0.7
55 77 0.9
55 76 0.5
56 79 0.9
56 75 0.7
56 69 0.7
58 79 0.3
58 62 0.3
58 70 0.7
58 60 0.5
60 61 0.3
60 70 0.1
60 66 0.9
61 72 0.9
61 62 0.3
63 77 0.9
63 70 0.9
64 70 0.3
64 72 0.1
64 76 0.7
65 78 0.9
66 74 0.7
66 72 0.1
68 72 0.7
68 71 0.7
69 78 0.5
69 74 0.5
69 71 0.9
70 79 0.3
70 78 0.7
73 76 0.5
74 79 0.7
75 77 0.7
