400 800 num_nodes_f_dist 400
0 275 0.06619496614157552
0 165 4.237802036185734e-06
1 392 7.859933403022009e-17
1 285 6.448437427636555e-10
1 347 2.666586319151963e-15
1 45 1.5496075377070998e-12
2 196 1.0124399285540704e-12
2 97 0.4380708921431224
2 7 9.223126794085904e-12
2 276 4.0280021186094094e-16
2 396 0.14235720678653105
3 90 10.762758316955775
3 97 1.1504033684221625e-14
4 277 0.04627836734176787
4 66 0.03390597060049299
4 269 6.3347535013368
4 103 1.154011145651248e-27
4 217 8.757887165416975
4 52 0.02909014400424963
5 151 3.585190490939665e-08
5 148 2.723394867652079e-07
5 232 0.1254469621370935
5 178 1.2464621301559216
6 116 3.243665417973966
6 314 38.00000258159201
6 382 0.09686996698502941
7 386 0.3079548797338942
7 343 0.010639183873076103
7 198 0.10497643875458326
7 18 0.08310599979704328
8 231 2.1524151826839047e-05
8 255 1.949359467629976
9 203 0.08232736440536349
9 80 6.390716694111448e-08
9 292 4.639090055340098
9 342 5.7267878910496375
9 75 0.12798860412406954
10 115 0.0005575194053504301
10 112 5.201500003387883e-05
10 296 2.2835408711421078e-11
10 208 9.503567072679405e-09
10 226 0.10648845862154346
10 156 7.807626092889084e-07
11 15 0.17449072496292536
11 213 0.01856992093259282
11 325 0.0013937141470694273
11 305 2.5715806424869183e-41
11 302 1.668740393110575e-19
12 159 0.0009323508577578953
12 248 0.011574574894931097
12 55 0.028856682471288673
12 228 2.2640854547856404e-05
13 332 15.329812494892654
13 20 7.398863233364994e-05
13 373 1.4861994101654968e-33
14 249 2.32719218955338e-06
14 371 2.232110018354685e-06
14 117 2.6937870963482294e-11
14 97 0.058651642342390585
14 75 2.244801716634278e-48
15 375 0.003786578630219975
15 202 0.048081498298597806
15 321 0.10525617114748674
15 338 0.0036862091341157786
15 77 9.216258263294046e-28
15 149 0.02997829344965523
16 344 0.0014935122751370807
16 369 2.730163382221246e-10
16 272 1.7711452407947616e-06
17 245 1.0601576403120494
17 349 2.1254909728729085e-12
17 196 0.4102693461979607
18 74 2.3599426962249266e-05
18 289 1.0908588129531291e-07
19 287 5.520960390612056e-06
19 260 1.3144186496307977e-18
20 371 5.089312088524194e-07
20 208 7.00290779529432e-07
20 58 0.018528369944945815
20 373 6.001550789485503e-14
20 64 0.00020197314992444264
20 217 9.593668281174244e-17
21 157 2.3308305192089185e-27
21 140 0.18070195538435138
22 240 0.00016090077488315537
22 27 5.803573402160299e-07
22 33 0.06876883641467511
23 151 0.004372506394532763
23 261 3.448497105265586e-05
23 28 4.934732543714031
23 40 1.2869116677495553e-15
24 108 31.33850071390989
24 80 1.248320980771758e-15
24 112 4.6125233669505856e-10
24 68 0.12099381046362688
24 333 0.0029880701915317503
24 109 7.721338750542973e-15
25 86 2.888504683114939
25 317 1.393494655021265e-12
25 288 0.2960486339292544
26 387 0.004514942762850075
26 281 0.01263460766783146
28 246 2.2458771473339553e-07
28 296 0.005436313580091265
28 276 3.817911809281948e-09
29 277 0.0009738522482651044
29 375 9.930721123034186e-06
29 272 4.857519591861033e-06
29 258 6.867247920622098e-10
30 377 1.3378973431919108e-11
30 301 0.005811836976457975
30 77 0.06083797984946051
31 354 5.656020601666111e-07
31 274 0.0005779451971742536
31 267 1.4437736500646108e-07
32 391 1.8036859786794254e-12
32 204 0.0002097957493109431
32 162 2.143582638508325e-09
32 398 2.388521736734117e-28
32 46 0.01165685486242647
33 120 3.9658350697562586e-11
34 252 2.192545841916821e-19
34 336 9.839688451421283e-09
34 54 0.12407871516316996
34 323 2.0514523437271364
35 148 2.5894351758600763e-15
35 181 5.009715167049566e-10
35 38 9.547671404210885
35 339 1.693640925663856e-35
35 293 0.3655684478425901
36 42 7.441293585399523e-10
36 156 3.2780445980989192e-15
36 282 0.6183896931789532
36 390 1.2938391574563267e-13
37 194 0.17229473922531338
37 137 4.775171227045528e-17
37 392 7.274393644457444e-38
37 320 9.358266013551372e-06
37 128 6.720750447164053e-06
37 111 0.0024644613312787434
37 371 0.21182337753740893
38 373 2.1834444825137443e-05
38 69 4.218155400581557
39 158 0.0045573933350017345
39 193 1.1607908956074295e-08
39 167 2.02668697905628e-05
39 206 3.308264375401138e-05
40 236 1.0861690525349764e-09
40 194 1.1577329658089338e-06
40 328 1.8941929083164768
41 136 5.963345255487124e-11
41 143 0.005353715771170775
41 227 0.007430581959064823
42 377 1.1493135073445922e-08
43 68 3.1643065125189604e-09
43 304 9.693654210534204e-42
43 154 0.0005650930618457102
44 191 3.6932413971230116e-09
44 199 4.985199495125432e-15
45 385 4.314977643655198e-11
45 313 2.0464121594403368e-22
45 325 1.525798944638005e-07
46 92 0.09217316779171751
46 211 0.7374174435448336
46 229 5.472008066936152e-07
46 268 2.761004637058144e-09
46 221 0.004009086011743113
46 326 0.00030739336844296254
46 138 4.4261195214726735e-12
47 125 10.171291113105704
47 353 0.11013801159856955
48 107 1.3910237985825034
48 88 0.023866330350117027
48 155 1.9495602414464694
49 345 0.13900301769784043
49 90 9.834560842325028e-13
49 166 2.9456511670178314
50 177 7.515537683829489e-19
50 381 2.343349794983508e-10
50 160 0.004929713008522423
50 279 6.002891368619422e-14
50 396 6.309978841304478
51 95 0.018663757526233712
51 106 8.536892326824219e-05
51 171 7.960703648219474
51 78 5.086950912517737e-12
51 136 6.86366854567646e-22
51 117 4.459509869907928e-08
52 162 1.3631369332344528e-32
52 222 3.0447217616087767e-13
52 129 5.6836577308824694e-08
52 376 2.917503866444566e-13
53 252 0.0004401527180868958
53 164 1.2245534829367886
53 246 1.520649794866119e-13
54 156 6.370379340524164e-07
54 365 53.90793394884491
54 245 1.3907405299731762e-36
55 260 0.0067475239664595964
55 132 4.781045279203697
55 141 0.16402288277860172
56 319 1.3865965371354192e-07
56 109 5.196402738828023e-13
57 128 7.389477054243428e-14
57 252 3.501227389002896e-15
57 68 1.0144687513587522e-56
58 242 1.2693569155194444e-10
58 174 7.163013907919167e-08
58 234 1.3340207704698825e-09
59 82 0.0014317121981458317
59 367 4.199739962368934
59 347 3.23042438638981e-07
59 233 0.1970820882840644
59 310 9.43917784779554e-19
59 115 0.40289324453865283
60 130 1.6069252361365896e-05
60 338 2.6546087250154876e-14
60 291 4.757095241033113e-06
60 140 0.10676437681521495
60 399 4.577698686979084e-20
60 379 0.34138852017132476
60 65 3.987961308584674e-17
61 151 0.0002343340170210815
61 108 0.3665213123326917
61 154 5.15070592479053e-09
62 215 1.4648022982748294
62 76 7.61752546461874e-15
63 310 0.34538590831220745
63 226 8.085146218556627e-05
63 342 3.80399543435376e-05
64 152 0.0016523964291899286
64 75 1.2756600753230813e-06
64 105 4.218121741367638e-09
64 70 2.8921656980722704e-06
64 224 0.05071917785211039
64 294 2.8801546197887602e-06
65 202 0.034908191933941034
65 188 1.2180079793799827e-21
66 265 0.17688514611614894
66 130 0.011199697709864712
66 268 1.7263918628092972e-12
66 381 0.01639358555428708
66 376 2.947510917785253e-10
66 334 2.537603665150525e-12
66 105 2.488794726361504e-06
66 75 8.67866396558478e-21
67 259 0.02323070947660267
68 291 3.8657586225007406e-13
69 288 0.06646507316843214
69 296 2.220346964341282e-19
69 353 1.0768362001617504
70 303 8.858958244086511e-09
70 398 4.641582503014547e-05
70 366 4.7832349291928186e-23
71 397 3.65705571346352
71 281 1.5497750835882713e-16
71 357 1.3545093506819716e-31
72 163 0.15479318937069017
72 279 1.4915361892843237e-09
74 340 0.083040220499842
74 212 4.963060539491834e-08
75 277 1.3565139874607387e-05
75 310 1.7316153168308247e-36
76 397 0.00021261193906647774
76 117 0.0003176818962959246
76 197 5.9186458192348155e-18
76 211 7.396653698255791e-07
76 273 5.316012522923276e-06
77 236 0.005774971126231786
79 128 2.4768111951727308e-14
79 324 1.2245006224695898e-10
79 245 4.3372285029188754e-13
80 380 0.005844665505845443
81 85 0.002219138196428139
81 213 2.3461762423752666e-06
81 380 0.009895411249413413
81 188 0.008818738292172515
81 204 10.631986043359188
82 368 1.2688740840305697e-18
82 363 0.0001774025717492286
83 398 0.0002829332061593567
83 269 0.022584332535924814
83 395 2.9694029460994524e-12
84 190 1.750882433053093e-05
84 278 0.128281401064554
84 166 0.07678336230402126
84 259 2.013827063517459e-09
84 374 27.20727912832129
85 86 2.992997480713375
85 230 9.727934005647919e-21
85 259 3.286637685068125e-18
85 103 0.002108909104602812
86 257 1.051373069365762e-07
86 336 0.433185639545537
86 279 8.1278252005851e-10
86 239 3.817891623974797e-06
86 384 6.37037603257592e-07
87 331 9.095095507641338e-06
87 399 0.000471856928502468
87 132 2.2709037567197533e-12
87 230 0.001033279910034529
88 340 7.046125703204377e-07
88 91 3.3119681422005436
88 205 4.92774424566082e-17
88 145 4.4094557140285175e-32
88 204 4.53900356998806
88 329 3.971412754266785e-15
88 133 5.3901916831566465
88 350 0.01700180617360481
89 302 2.3948123155561212e-26
90 325 4.4574144087993885e-20
90 193 0.0009419624973951588
90 310 0.011529614656513728
91 153 6.29641475583855e-17
91 138 0.20742820549460628
91 142 0.015394039709900898
92 388 5.306265201761779e-07
93 132 6.304324651428463e-11
94 176 0.33824152115238726
94 392 29.21349158418593
95 167 0.00033865313401745394
95 370 9.20743461220329e-14
96 215 8.270936864059767e-17
96 122 0.00047433984691316086
96 246 6.9199176745428536e-09
97 155 4.093383151310811
97 137 1.7845547866313866e-07
98 339 0.39339738068716085
99 302 8.465609956185037e-41
99 131 2.0706640312287317e-10
100 147 3.179088618470904e-36
101 157 3.918494275659689e-18
101 261 0.0027796664873988406
101 271 1.5447237888765674e-06
102 394 7.92213368404306e-08
102 283 0.000772374160119946
102 193 10.627935698336772
102 167 8.888459753225453e-16
102 139 2.1441778355207888e-13
102 364 4.3708749819113976e-29
102 189 1.8307975956614166
102 112 0.0026609199296440057
102 288 4.9864867887932665e-08
104 159 4.078156477587938e-09
104 145 9.59397333378612e-09
104 195 0.019859903030133907
104 219 0.014558875795803556
104 133 0.0007463644345307747
105 218 0.044612942983347816
105 293 0.00013093610219985392
105 353 2.6060189217988165e-17
105 133 0.010712165605709647
105 367 4.7956479795558495
105 169 4.210774048525906e-10
106 277 2.0244467168225333e-05
106 393 0.9767734931797469
106 270 2.4350963762933293e-07
106 121 0.1859153500899043
107 261 0.610048753543588
108 199 3.839249338889027e-17
109 136 7.072992573232185e-09
109 275 1.6530556313762908e-05
109 278 1.956885343148246e-16
109 251 1.3264670052603849
109 161 0.3048758737464872
110 216 5.937417017534888e-05
110 316 1.4959801647957102e-26
110 385 1.05857373769045e-11
110 366 1.529997287240368e-05
111 302 5.481198797110998e-09
111 218 5.2831323290597805
111 273 3.666076549490824e-05
112 389 35.810631127540915
112 322 0.0234102262113825
112 315 3.382194058864911e-61
113 270 0.024269708880326465
113 366 1.2093943685970455e-06
113 204 0.0001348410655712404
113 288 7.043192874532236e-05
114 230 0.0006753520925873554
114 289 0.005324760591584933
115 122 7.1091317555276e-08
115 364 0.0001717588299972832
115 131 8.422640083801943e-16
116 199 8.256095003476762e-48
116 203 2.226641684239552
117 302 3.126663042439195e-15
118 346 2.5753070250337692e-22
118 207 0.013317836775860707
118 378 10.82559748007701
118 120 1.8176012538053485e-30
119 176 0.037570596796368365
119 248 8.748800977453532e-11
119 253 0.08969796097145949
120 149 0.08147677728626573
120 217 0.00023698903907914585
123 348 5.86208000992408e-06
123 195 2.3665737880632146e-06
123 205 1.4108912058884225e-06
123 173 2.1113092609622213e-13
124 380 6.783262665061249e-09
124 205 0.004414635533716795
124 310 0.001925469017596383
124 125 7.928038714075468e-06
125 155 0.0018120364375423333
125 361 1.3697137829579713e-09
125 217 3.269240098546955
125 359 3.123781264217128
126 184 5.2114244067035775e-09
126 129 0.06031404482587701
126 381 5.761444282379099
126 210 42.99002398086696
127 137 2.7463607926171014
127 193 2.2933770943101482e-07
127 389 7.917948535591211e-05
128 277 3.225709084271803
128 387 0.007096749989504111
128 166 0.00011518354261607096
128 294 1.5163583257966212e-07
128 351 1.116508981326372e-11
129 373 3.488604082004782e-09
129 289 1.0166776349136837e-07
129 364 3.026323975193046e-07
129 325 5.526579424649442e-05
130 282 3.3061012625802265e-07
130 270 3.3169728660856263e-15
130 259 5.5751483450614976e-08
130 321 2.5315602493151405e-05
131 208 2.539471020643591e-08
131 266 0.0003890010070711597
132 141 0.26047380899184064
132 248 0.0026260080967716757
132 247 9.897337662667176e-08
132 312 0.018556161874352717
132 169 0.0006673956839351394
132 211 0.001138726013888433
133 137 1.0471573670112566e-31
133 160 0.0006557740853574439
133 194 2.1864180452475206
134 235 3.485742112505622e-06
135 362 1.1159092357930953e-14
135 350 1.288817204038681e-34
136 369 1.4466280039289807e-16
136 365 4.695532622605148e-25
136 348 1.451266745920434e-14
136 362 2.3585581782589055e-14
136 156 0.002919604757379579
137 235 0.05022509874811084
137 388 0.0006302091775780254
137 170 7.062741950426433e-12
137 237 1.1172470296961899e-13
138 261 2.762177709388327e-12
138 284 0.011788063550577543
138 361 1.304002505952826e-22
138 143 7.523964139774792e-10
139 331 1.3583441802839338e-09
139 166 0.019459916675975138
139 190 1.074668931798358e-16
140 330 5.000471387754858e-17
140 353 3.2074229799385e-07
140 260 1.661202531009712e-14
141 352 3.9425639256806225e-05
142 151 0.23495794756943414
142 325 2.6040112240429503
142 351 6.7796530994120644e-09
143 386 1.586008736101916e-24
143 231 3.279216852263349e-17
144 205 1.891035228450969e-21
144 269 8.506029317466872e-12
145 300 1.4215927001627804e-10
145 236 2.5287408398035675e-09
145 363 6.314019929846181e-22
147 301 3.4637718257176387e-12
147 263 0.0002797729959254623
147 274 7.628255067440774e-10
148 235 0.0014168538270676542
148 322 2.5321107591534384e-20
150 364 6.990789068327339e-05
150 281 1.4326675098631822e-23
150 308 2.8710639372076297e-08
150 229 1.141014960846506e-16
151 258 0.016289569420075062
151 186 5.84355494006635e-05
151 279 0.0036672348943446553
152 380 0.10896638789688284
152 354 1.209606316254837e-07
152 334 0.025873535577045206
152 213 1.5427158662746754
153 282 1.9099971647842108e-51
153 333 0.0009211721621343098
153 356 4.457534076788079e-05
153 389 0.1020977252905326
154 231 0.014262326003440613
155 278 2.7238192574763925e-06
155 309 2.7230003918566396e-07
155 333 2.201060436605849e-08
156 179 1.5777303421366382e-11
156 359 9.661273290317562
156 348 3.7500250069181947e-06
157 360 4.938843523227279e-06
157 206 0.0008464326273088134
157 297 0.04751165868683439
157 337 1.9012229536779464e-10
158 384 8.027103998210891e-17
159 299 11.65274183230096
159 293 7.317352153093467e-12
160 200 4.200995482046039e-09
160 253 6.2712610041372945e-16
160 273 5.91793220423725e-25
161 244 2.09511165486631e-05
161 399 0.00012179150169174532
161 397 0.003850557611991801
162 333 1.2573956357398792e-07
162 296 8.894225626505503e-15
162 270 1.1759865403958027e-05
162 221 2.228145378698781
162 372 7.375763471786563e-21
163 230 6.43049425700011e-11
163 245 0.0033204816722376337
163 180 9.248470351859225e-06
164 254 1.918208492579674e-15
164 337 2.937608931743662e-18
164 252 2.3325162254590473e-41
166 313 0.0005664078219681394
166 167 1.3046579620793245e-08
166 270 0.0016135984072474358
167 216 1.5322559280574861
168 312 2.756183780665531e-19
168 323 9.800128723675925e-30
168 245 1.1924139445874962e-19
169 313 2.8945297960555383e-05
170 380 1.3696427460158004e-21
170 307 8.209153849297096e-08
171 221 2.066224635379638e-24
172 211 11.161030349149735
172 318 1.3206357726221253e-28
172 198 0.0005304740940023635
172 248 7.985850171989436e-10
173 219 0.571723448609372
173 188 4.9566953666400755e-06
173 329 7.999653654062993e-12
173 202 8.592272248688122e-10
173 374 0.030414714345542555
173 260 6.38894238793103e-11
173 185 8.61129100625084e-18
174 272 3.114685534267089e-14
175 197 0.22357636933662356
175 339 0.00022560041829192457
176 263 6.27009309206409e-10
176 351 0.6549789088843935
176 209 2.840630203858983
177 212 0.0039016932129697307
177 216 3.9710100637564373e-19
177 336 0.038923748936864684
178 326 4.015155691275725e-15
179 219 1.4970894239971115
180 295 3.524553039286622e-13
180 280 1.3788185041503056
180 234 4.792235590139367e-06
181 296 4.9850436885014275e-05
181 247 6.113769497195342e-11
182 248 1.1163158893067845e-15
182 338 0.0006376466423402684
182 251 0.0009577557516899824
182 346 3.919794005614922e-05
182 312 0.001494773785932225
183 384 0.48975646780996224
184 269 0.28469313912530925
184 225 0.00016199182819461497
186 291 0.00019504179974315453
186 379 2.997470874261548e-07
187 280 3.130787089580071e-13
187 278 5.255946742868427e-19
188 337 0.03912267349251875
188 249 0.07478357731545196
188 215 11.16983315230245
188 255 1.302368397479654e-17
189 250 2.7100886969515094e-15
189 256 3.6170791925135855
189 329 0.009772178605762107
191 256 0.05629512964238624
193 277 6.055380255169167e-15
193 331 0.0050641676593459585
193 230 3.9231340686818774e-05
194 333 0.01759288206438379
194 280 0.00021226724610401475
194 289 2.775424108173817e-27
194 394 0.04677355472856503
195 351 0.004136959770404676
196 263 4.248558883143047e-19
196 292 0.002861067592209532
196 297 2.06787798872156e-06
199 221 2.8391480809904836e-07
199 340 7.93253259899286e-06
199 296 1.6527664022037102e-18
199 229 0.0008497150750450682
199 266 0.06782627489787607
200 287 9.39949238342778e-15
200 299 1.3326910204477723e-06
201 301 0.00505397616174693
201 266 2.1733014106081386e-06
201 296 0.012347960232337866
201 367 4.081664984460722e-08
201 254 1.2208918496547927e-06
203 288 2.182851859664394
203 221 1.7101030825609358
203 398 2.7397111659597136e-14
204 276 4.888587628438204e-17
204 332 0.0007000322201824301
205 325 1.7127163600875177
205 251 18.089426661766932
206 212 0.017447810281546298
206 318 5.782743583638948e-17
207 218 0.019481043201785182
208 287 5.784353938809516e-05
209 273 2.861107868645864e-07
209 264 0.010712863513445078
209 265 6.405761308157712e-09
210 350 3.261196471752142e-15
210 372 0.3567145678220148
210 277 6.434395998903661e-08
211 258 0.0004297141466792173
211 275 0.01035733649808563
213 330 3.1578344951675033
213 380 7.903999709390845e-10
214 343 9.455564254908094e-08
215 300 0.032586326848085406
215 378 7.98940578091885e-11
216 256 1.1071091266946204e-06
216 302 0.009627513039033463
217 274 0.00024108035595924682
217 366 0.001318480140098356
218 278 1.0617754744717682
218 323 1.2103147691162432
218 313 2.566152718503864
220 281 0.026876053863547786
220 307 0.1394790654258511
221 310 3.985500625306295e-08
221 345 0.005404353277422274
221 275 2.344795401426404e-10
221 261 0.4118774867410788
223 257 0.025800376509979083
224 391 2.9504813559944945e-07
224 339 1.078471503153193e-09
224 275 1.681736224091513e-14
224 351 1.5407081042485464e-09
224 270 2.7632911157181093e-05
225 320 0.18866480915334252
226 313 0.00014244571203081194
226 340 1.4773098923076507e-07
227 296 1.3370586796479993e-09
227 300 1.7383856329722451e-15
228 356 1.1257703162045416
228 360 0.0011510565145671913
228 349 8.833859071816803e-12
229 268 24.94526101250967
230 241 7.681465304727946e-05
230 367 0.0017686841588359914
230 355 1.3652333176374948e-09
231 366 1.957246583415691e-06
231 345 1.1560690554620573e-14
232 359 2.226038688418244e-34
232 245 0.161942911857417
233 307 1.516475295043659e-10
234 307 3.371329813504028e-07
235 291 2.4361796630332493
236 307 0.0005426064582520166
237 377 4.698180625081322
237 306 0.016808529440789293
239 261 4.328411976385736e-09
240 352 4.8672281171178026e-12
240 252 2.6593680271417726e-05
240 262 0.08863044886910577
240 306 0.06578575420288721
245 351 0.0016572144040603392
245 360 1.1546200354597382
245 356 1.7331460972208558e-06
246 393 0.00024095894274288662
248 273 3.4997319480828225e-15
248 397 9.063491512883344
249 318 7.228987148895067e-06
249 263 0.9271291033226403
250 366 1.431018049224049e-08
251 268 7.258020433952404e-23
252 306 0.0009035776562731271
252 324 1.5324117792971662e-13
252 318 0.7700028289370514
253 389 1.558088666663695
253 283 8.01429199771752e-19
253 348 0.5854166253869629
253 360 0.0004934688684245718
254 303 36.133401851427955
255 258 0.15469440927332329
255 326 4.827598415425089e-11
256 398 0.0001516774085662433
256 332 7.093292147468475
256 266 3.1049605453422554e-06
257 285 0.0018402986464656028
257 290 1.0676500891392913e-08
259 343 0.0013832431961116672
259 347 9.724291158484628e-36
260 340 6.485321968915919e-20
260 349 0.004941612936034136
260 311 0.20069985045344207
261 330 3.076366673077227e-07
261 392 3.854273033772627e-15
261 315 1.0564300747882611
262 379 8.995107664550368
262 382 5.843544838850689e-12
263 363 1.0476559420859823e-12
263 292 0.015702145270654454
264 355 0.25675062300493906
266 274 2.7284522902526796e-23
267 357 2.109220543853246e-12
268 332 0.07247509195196081
268 377 0.02076491823888201
269 292 0.5140603408687501
270 388 7.368375413813441e-22
270 370 7.282886031320444e-10
272 393 0.015241836804624175
272 382 6.154580220612005e-17
273 288 3.694604438096299e-05
275 359 0.0019347505774983257
276 280 0.3487013349432463
276 319 0.11834905015828454
277 398 9.453589417348916e-27
278 313 4.476204861716015e-05
278 330 0.007715650294656137
280 337 1.1000778154263135e-06
280 296 0.1454087076542973
281 299 4.6037006391652014e-24
281 292 0.00015032901837061367
282 394 7.592913482628953e-23
282 292 0.000655521802306291
283 382 0.0053081888033316565
283 347 9.980001289548987e-18
284 328 0.2028347321261363
285 377 1.9849182474476235e-06
286 312 2.760682523523187e-05
286 383 9.511266859036583e-08
286 326 3.085797943050868e-07
286 368 5.044862790341597
287 398 1.707984611861291
291 368 3.7843729840940076e-10
292 349 2.8742508838777847e-08
293 382 0.20285971289941956
294 345 4.5041106806733295e-11
294 333 0.37322438940258873
296 305 0.00022270332060990517
296 299 2.2071335622552e-12
297 372 0.11837645237209361
297 359 7.288628879998269e-11
297 378 0.00019173397382700995
299 375 1.353233485206079e-09
300 314 0.1253187583496818
303 314 7.931687346174407e-07
305 371 5.684575302342031e-22
306 369 1.1258330179863335e-08
306 322 0.06957891992702933
308 322 1.2400888212225927e-05
309 399 1.068876203405104e-08
309 397 0.0003254900241013477
309 357 8.38414173499132e-09
311 390 5.489199828753171e-09
311 373 0.0005277187493352492
312 380 6.053044094320079e-15
313 354 0.03580065154215337
314 359 1.049668276620669e-12
315 337 1.1407899766701923e-13
317 342 7.36347557015943e-10
318 360 0.012027080999617143
319 344 0.03144585042842773
319 388 2.16504329661994e-15
322 370 0.0006684485113519631
322 369 1.2555329321769195e-11
325 328 1.0731431040355784e-05
325 383 1.2013005929704837e-05
327 374 7.86007640627866e-07
327 332 7.533819715018049e-05
328 353 6.615191007163736e-11
329 346 0.010152292467933074
330 388 6.001550081449471e-07
330 389 2.3739962329689908e-11
332 370 2.058279818148613e-18
334 372 6.252540232842368
337 384 3.3539229778508287e-15
338 376 14.398172664904978
341 365 0.006891403015332472
345 377 1.8225048874667724e-18
345 389 6.78015744009006e-11
351 358 0.6998908389714981
358 383 2.43954504724082e-05
359 397 3.7053771458256206e-10
362 390 0.027829302730581585
364 369 1.1128192707725325e-07
364 381 0.16146168866942687
365 376 4.933868592194252e-16
369 385 1.4661289858821318e-07
372 378 1.028109588655865e-05
373 387 0.0004307083927470796
