400 800 num_nodes_f_dist 400
0 354 0.2817
0 239 0.3119
0 67 0.089
0 207 0.4467
0 318 0.0003
1 248 0.0093
1 345 0.0407
2 176 0.0029
2 384 0.037
2 145 0.0195
2 246 0.2719
3 279 0.0425
3 354 0.0038
3 375 0.0306
3 46 0.0227
4 371 0.0039
4 70 0.0109
4 277 0.1508
4 129 0.0034
4 324 0.0417
4 168 0.0453
5 325 0.1886
5 79 0.0138
5 341 0.0064
5 58 0.0378
5 11 0.0021
6 50 0.1139
8 344 0.0097
8 206 0.0192
8 139 0.0787
8 303 0.2076
8 174 0.0004
9 358 0.1212
9 187 0.0827
9 350 0.0019
9 364 0.1129
9 308 0.008
10 191 0.1184
10 93 0.0004
10 261 0.1362
10 20 0.079
10 385 0.0842
11 74 0.0198
12 118 0.0328
12 344 0.1934
12 34 0.0735
12 52 0.012
12 266 0.1103
12 190 0.0483
12 53 0.2918
12 88 0.0381
12 320 0.0426
12 15 0.0133
12 154 0.2124
13 22 0.027
13 280 0.0214
14 18 0.1551
14 235 0.0676
14 53 0.1339
14 101 0.0035
14 218 0.002
14 113 0.0007
15 157 0.0136
15 304 0.0024
15 70 0.0424
15 308 0.0311
15 176 0.0067
16 29 0.086
16 362 0.0972
16 323 0.0716
17 129 0.0
17 187 0.0077
17 233 0.0
17 158 0.0316
18 297 0.0086
18 77 0.0
18 156 0.0043
19 331 0.1629
19 160 0.0002
20 373 0.0015
20 119 0.0961
20 296 0.0
20 105 0.0236
20 356 0.0816
21 245 0.0
22 126 0.1409
22 370 0.0017
23 378 0.0507
23 172 0.0503
23 55 0.0421
23 314 0.0
24 102 0.0
24 377 0.129
24 275 0.0146
24 284 0.2827
24 70 0.2896
25 139 0.1252
25 238 0.1295
25 339 0.0448
26 214 0.0075
26 113 0.0502
26 362 0.019
27 261 0.0622
27 69 0.1194
27 200 0.0787
27 315 0.0256
27 198 0.3044
27 292 0.0918
28 46 0.0141
28 272 0.0001
29 343 0.0989
29 160 0.0018
30 54 0.0599
30 216 0.3608
30 231 0.0019
30 277 0.0062
31 142 0.04
31 73 0.0477
31 287 0.0101
31 78 0.0051
32 90 0.0354
32 184 0.068
32 136 0.0021
32 152 0.0079
33 337 0.0533
33 246 0.0439
33 369 0.1283
34 213 0.0055
34 291 0.1546
34 124 0.024
35 297 0.0524
36 49 0.0574
36 87 0.1239
36 225 0.0956
36 258 0.6548
37 128 0.0041
37 314 0.1029
37 179 0.1361
37 343 0.3329
37 368 0.0644
38 174 0.0385
38 62 0.0065
38 275 0.0134
39 112 0.2547
39 154 0.0
39 171 0.0012
39 183 0.0901
39 89 0.0138
39 353 0.1177
39 213 0.0105
40 314 0.1869
40 207 0.1401
41 302 0.0359
41 62 0.4477
41 389 0.0022
41 166 0.069
42 58 0.039
42 330 0.0308
42 233 0.0005
43 184 0.0077
43 299 0.0095
43 143 0.0339
44 123 0.0116
44 348 0.0302
44 244 0.011
44 276 0.961
45 157 0.1184
45 175 0.0302
46 301 0.0001
46 268 0.0377
46 232 0.001
47 338 0.0151
47 260 0.0196
47 342 0.4412
47 390 0.0738
48 92 0.0029
48 90 0.0487
48 255 0.1639
48 227 0.0
49 87 0.0034
49 216 0.014
49 310 0.0387
50 81 0.2019
50 287 0.1138
51 52 0.2845
51 211 0.0462
51 199 0.0523
51 242 0.0095
51 186 0.0097
51 232 0.1549
52 390 0.0024
52 97 0.1213
53 111 0.1603
53 156 0.0
53 77 0.2385
53 337 0.0025
53 139 0.0432
54 349 0.0006
54 342 0.088
54 184 0.1305
55 126 0.0532
55 71 0.2703
55 330 0.4379
56 82 0.0189
56 305 0.0848
56 258 0.047
57 146 0.0083
57 79 0.0593
58 378 0.0033
59 98 0.0053
59 173 0.2145
59 276 0.0014
59 221 0.1386
59 184 0.0598
60 265 0.0913
60 65 0.0072
60 165 0.0238
61 233 0.003
62 202 0.0102
62 130 0.0796
62 325 0.0328
64 218 0.1752
64 95 0.0003
65 130 0.0479
65 229 0.0012
65 151 0.0032
65 194 0.0686
65 395 0.0369
65 349 0.0224
65 179 0.0013
66 203 0.0596
66 332 0.108
66 235 0.0096
67 82 0.1161
67 164 0.1097
67 294 0.0023
67 216 0.0295
68 332 0.1703
68 236 0.0074
68 107 0.0005
69 88 0.0404
69 136 0.0
69 71 0.0726
69 223 0.124
69 179 0.0354
70 359 0.1911
70 330 0.0573
70 127 0.0018
71 285 0.0032
71 237 0.0018
71 286 0.2969
71 122 0.0115
71 362 0.0007
71 365 0.0074
72 234 0.1193
72 104 0.0344
72 215 0.0227
72 105 0.0001
73 167 0.0404
73 218 0.156
73 306 0.0015
73 394 0.0033
73 180 0.0552
74 238 0.0374
74 315 0.0086
75 279 0.0155
75 218 0.0327
75 119 0.2094
75 247 0.2767
76 271 0.1509
76 307 0.0014
76 327 0.0339
77 184 0.0062
77 108 0.0137
77 121 0.0938
77 95 0.1162
77 320 0.0683
78 361 0.0174
79 218 0.0157
79 97 0.1218
79 364 0.0464
80 376 0.0869
80 118 0.125
80 86 0.1892
80 106 0.0053
81 348 0.0052
81 235 0.0823
82 228 0.0999
82 261 0.0732
83 255 0.0179
83 261 0.0124
83 310 0.0082
83 93 0.71
83 228 0.0077
84 286 0.0048
84 178 0.2885
84 167 0.4312
85 315 0.0301
85 254 0.0069
85 179 0.0013
86 376 0.1852
86 232 0.1154
87 354 0.0368
88 127 0.012
88 224 0.1339
88 289 0.0822
88 388 0.0055
88 193 0.0457
88 208 0.0998
89 132 0.0137
89 209 0.0414
90 120 0.0
90 166 0.1891
90 182 0.0203
90 236 0.3298
91 382 0.0292
92 201 0.0111
92 150 0.0361
92 190 0.0032
92 332 0.4383
93 228 0.1544
93 264 0.0006
93 310 0.1724
94 267 0.0002
94 182 0.0621
94 139 0.0188
95 161 0.013
95 278 0.0154
96 206 0.0103
96 126 0.0343
96 216 0.1137
97 381 0.5545
97 385 0.0336
97 297 0.001
98 297 0.1184
98 386 0.0114
99 200 0.0005
100 352 0.0031
100 379 0.0984
100 158 0.1593
101 396 0.0025
101 346 0.0016
101 237 0.149
102 140 0.0439
102 220 0.3341
103 161 0.0253
103 152 0.0006
103 108 0.0005
103 116 0.0
104 389 0.0408
104 346 0.0036
104 114 0.0141
104 300 0.0956
106 250 0.0223
106 301 0.1049
106 157 0.3415
106 286 0.006
107 125 0.0004
107 373 0.0019
107 324 0.2793
107 321 0.0198
107 300 0.0105
108 310 0.021
108 194 0.0426
108 354 0.0459
108 238 0.0103
109 186 0.0026
109 214 0.0
109 329 0.0077
109 257 0.028
110 373 0.0724
110 197 0.0017
110 327 0.0373
110 320 0.0646
110 145 0.0011
111 360 0.0847
112 179 0.0016
112 206 0.0159
112 396 0.1057
113 337 0.0035
113 393 0.0516
113 143 0.0012
114 395 0.0045
114 123 0.2319
115 242 0.036
115 371 0.1515
115 319 0.0069
116 302 0.0065
116 319 0.0152
116 202 0.003
116 316 0.0403
117 215 0.0238
118 260 0.0211
118 384 0.0251
118 199 0.0231
118 267 0.0009
118 205 0.2996
119 126 0.0105
119 137 0.0141
119 281 0.1396
120 206 0.0005
120 208 0.0802
120 317 0.0219
121 240 0.0111
121 164 0.0095
121 239 0.2147
122 362 0.3007
122 214 0.2122
123 243 0.1247
123 164 0.0388
123 185 0.0691
123 276 0.2684
125 350 0.0004
126 289 0.0023
126 238 0.0424
126 339 0.0013
127 271 0.1278
127 366 0.0062
128 310 0.0222
128 169 0.0481
128 184 0.0114
128 361 0.0182
128 226 0.4212
129 207 0.0872
129 262 0.02
130 345 0.0115
130 314 0.0697
131 184 0.0353
131 263 0.1172
131 370 0.0421
132 174 0.0399
132 280 0.167
132 160 0.5268
133 170 0.0145
133 340 0.2142
133 291 0.1212
134 310 0.0286
134 380 0.0001
135 386 0.0099
135 160 0.0579
135 365 0.0675
136 257 0.0058
136 203 0.0789
137 257 0.0757
137 395 0.1704
137 191 0.1216
137 242 0.0014
137 222 0.082
138 351 0.0016
139 167 0.0024
139 398 0.0102
139 145 0.068
139 263 0.0399
140 247 0.0005
141 265 0.0879
141 244 0.0685
142 250 0.007
142 269 0.0865
142 228 0.0528
143 368 0.28
143 250 0.0049
143 256 0.515
144 285 0.0009
144 296 0.166
144 260 0.0218
145 277 0.0292
146 268 0.0409
146 149 0.061
147 386 0.0775
148 353 0.0699
148 183 0.3286
149 226 0.0108
149 272 0.409
149 322 0.0374
150 345 0.0782
151 202 0.3078
151 330 0.1402
151 339 0.2652
152 337 0.0604
153 160 0.0131
153 274 0.0879
153 289 0.0005
153 331 0.3713
153 397 0.0072
155 361 0.008
155 170 0.1187
155 252 0.1019
156 370 0.0069
156 201 0.006
157 342 0.1321
157 190 0.0928
157 255 0.0826
157 188 0.0374
157 300 0.0012
157 358 0.1635
158 245 0.0045
158 232 0.0742
158 172 0.0004
159 374 0.022
159 330 0.2673
160 237 0.0145
160 343 0.009
161 351 0.0001
162 278 0.0285
162 309 0.2048
163 194 0.0243
163 182 0.823
163 273 0.009
164 374 0.0141
165 185 0.2128
166 358 0.1666
168 348 0.007
168 264 0.0232
169 365 0.0612
171 315 0.0405
171 235 0.065
171 302 0.5446
172 250 0.4256
172 332 0.0081
172 267 0.0
172 194 0.1027
172 235 0.0371
174 220 0.0548
174 351 0.0036
174 222 0.002
175 383 0.1741
175 340 0.0593
176 385 0.2103
177 386 0.0781
177 196 0.3788
178 311 0.0473
178 344 0.0649
179 236 0.0004
179 325 0.0
180 344 0.0632
180 384 0.0218
181 185 0.0208
181 263 0.0177
181 225 0.0075
181 391 0.0024
183 391 0.2874
183 246 0.0096
184 263 0.0361
184 185 0.0638
184 280 0.0099
184 261 0.0148
185 234 0.0314
185 214 0.0098
185 285 0.0053
185 378 0.0194
186 238 0.0007
186 303 0.1345
186 325 0.1268
186 267 0.179
186 292 0.0845
187 262 0.2054
187 312 0.0065
187 293 0.0025
189 309 0.0802
190 260 0.0316
190 331 0.0023
190 251 0.0005
190 376 0.0475
190 396 0.0066
191 292 0.222
191 347 0.1547
192 394 0.0352
193 204 0.0608
194 345 0.1809
194 243 0.0
194 241 0.0079
195 341 0.081
195 237 0.0543
195 275 0.0013
196 209 0.0009
196 377 0.1027
197 301 0.0727
197 210 0.0127
198 337 0.3631
199 304 0.0301
199 379 0.0003
200 366 0.0153
200 328 0.3122
200 305 0.0305
200 303 0.0938
200 268 0.0001
200 223 0.0006
200 202 0.5918
200 399 0.0457
201 370 0.0809
201 399 0.0196
201 265 0.2884
201 367 0.1796
202 247 0.0088
202 318 0.0737
202 315 0.1494
204 386 0.0431
204 380 0.0092
205 318 0.0093
205 354 0.0435
205 303 0.0085
205 245 0.0012
206 270 0.0728
207 384 0.3943
207 292 0.1231
207 375 0.0544
207 244 0.1334
208 301 0.0036
210 326 0.0676
211 361 0.0016
211 212 0.0215
211 326 0.0544
212 376 0.0191
213 346 0.0306
214 334 0.0263
214 372 0.0
214 240 0.0031
216 269 0.0951
216 350 0.0483
217 222 0.227
218 356 0.0242
219 222 0.0335
220 326 0.0026
220 227 0.085
220 362 0.0792
222 246 0.0989
223 333 0.1069
223 225 0.0909
225 368 0.0025
226 288 0.0135
226 367 0.0569
227 278 0.0739
227 365 0.4039
227 243 0.008
229 282 0.0161
229 232 0.0308
230 255 0.0295
231 268 0.0035
231 302 0.0439
231 315 0.1028
232 338 0.0002
232 325 0.0058
232 328 0.0805
233 249 0.0467
233 364 0.0936
234 287 0.0703
234 362 0.0506
235 360 0.1164
236 335 0.018
236 360 0.0449
236 316 0.0171
236 306 0.0057
237 342 0.0779
237 248 0.0017
237 351 0.0269
237 240 0.1628
238 332 0.0001
238 390 0.0257
239 364 0.1095
240 397 0.0075
240 326 0.1073
240 293 0.1162
241 331 0.0566
241 320 0.0038
242 392 0.0831
242 313 0.0563
243 276 0.0402
244 368 0.0742
244 280 0.0131
245 339 0.0056
245 253 0.0811
247 269 0.0134
247 353 0.2899
248 345 0.0366
248 371 0.2357
248 314 0.0931
249 263 0.0809
250 305 0.1222
250 313 0.0228
250 317 0.0282
251 386 0.119
251 348 0.209
252 266 0.0585
252 377 0.0023
253 340 0.1087
253 304 0.0192
254 361 0.0315
255 256 0.0854
256 348 0.0072
257 304 0.0563
257 356 0.0243
258 287 0.0044
258 321 0.1772
259 265 0.0484
259 268 0.1439
259 276 0.2122
261 275 0.0
261 338 0.1612
262 370 0.2401
264 269 0.056
265 299 0.0572
266 319 0.036
267 386 0.0014
267 295 0.0156
268 390 0.0508
268 297 0.2253
268 364 0.1205
269 382 0.2092
269 307 0.0001
269 362 0.1451
270 349 0.0411
270 391 0.0135
272 318 0.0037
272 342 0.0125
273 366 0.1301
273 284 0.0007
274 328 0.0139
275 364 0.0058
275 372 0.0032
276 386 0.1447
278 308 0.014
278 385 0.0216
280 357 0.0002
281 324 0.0059
282 384 0.1103
283 389 0.1351
285 370 0.1678
285 392 0.0028
285 328 0.6429
286 345 0.0294
290 371 0.016
290 306 0.0002
290 347 0.5182
291 310 0.1175
291 322 0.0032
293 373 0.1669
294 334 0.0005
294 372 0.0555
294 327 0.0079
295 337 0.0152
297 302 0.0255
297 353 0.2228
297 333 0.0027
300 381 0.0112
301 324 0.0265
302 386 0.0848
305 318 0.2066
306 331 0.0121
309 392 0.3492
312 372 0.1738
312 363 0.1413
312 394 0.0205
313 347 0.0168
313 393 0.0031
313 379 0.0341
314 333 0.1219
314 367 0.1877
315 333 0.0139
315 321 0.189
315 334 0.677
315 359 0.0293
316 337 0.0001
316 360 0.0235
318 326 0.0055
318 331 0.0019
318 374 0.0034
319 350 0.2619
319 363 0.0835
320 368 0.0201
323 360 0.3779
325 355 0.0118
326 398 0.0197
329 334 0.1247
331 393 0.2457
332 340 0.0038
332 369 0.0002
334 382 0.0426
337 381 0.1347
341 368 0.0774
343 362 0.0163
343 347 0.0487
345 399 0.0005
347 357 0.3456
350 389 0.0295
356 378 0.0231
358 372 0.0324
359 369 0.0
359 375 0.0077
359 376 0.1386
362 369 0.008
363 374 0.0414
364 392 0.2181
365 384 0.3751
366 378 0.0003
366 385 0.0044
367 388 0.0014
368 389 0.0463
374 389 0.0044
375 380 0.0017
380 382 0.7876
