400 600 num_nodes_f_dist 400
0 397 0.318
0 189 0.2338
1 366 0.2771
1 324 0.2122
1 114 0.0242
1 316 0.0093
2 102 0.1895
2 366 0.0794
3 39 0.1684
3 65 0.1189
3 15 0.1323
3 237 0.3288
5 173 0.0154
5 299 0.0737
6 310 0.2014
6 25 0.1751
7 379 0.1326
9 235 0.0907
9 173 0.0251
9 87 0.1085
10 77 0.2288
10 161 0.0819
10 189 0.1276
10 268 0.0366
11 301 0.2159
11 137 0.263
11 155 0.1344
11 107 0.1251
11 30 0.3248
11 239 0.1772
12 91 0.07
12 306 0.1458
13 395 0.0665
13 58 0.0937
13 184 0.0811
13 252 0.2975
14 143 0.1071
14 66 0.0545
14 285 0.1199
14 71 0.0251
15 399 0.3709
15 227 0.0421
15 307 0.2109
15 136 0.3921
15 53 0.2695
16 274 0.1508
16 113 0.4664
16 364 0.1615
16 360 0.2504
17 61 0.0331
17 355 0.1435
17 396 0.0867
17 337 0.1052
18 69 0.0469
18 158 0.3953
18 209 0.1449
18 45 0.2433
18 345 0.3462
18 149 0.2358
18 256 0.046
18 257 0.2602
19 368 0.2209
20 203 0.1593
21 154 0.7252
21 353 0.5743
21 91 0.0849
21 245 0.2834
21 209 0.1781
21 249 0.3067
21 57 0.0489
22 60 0.1364
22 325 0.1391
22 199 0.0599
23 389 0.0655
23 125 0.0414
23 64 0.2484
23 375 0.1407
23 160 0.0654
24 230 0.2883
24 78 0.0825
25 387 0.1167
25 63 0.3104
25 319 0.2067
26 216 0.2926
26 365 0.1153
26 304 0.1951
27 313 0.1211
27 190 0.0346
27 69 0.2582
27 246 0.0802
28 396 0.0658
28 313 0.1368
29 47 0.3492
30 68 0.2888
30 180 0.0811
31 346 0.134
31 180 0.009
31 283 0.0907
31 171 0.2807
32 81 0.1289
32 246 0.1847
32 105 0.1385
33 297 0.0486
34 210 0.2114
34 301 0.2441
34 275 0.1893
34 310 0.0542
35 247 0.0267
35 345 0.2231
35 361 0.1318
35 180 0.025
36 161 0.2219
36 217 0.2412
36 99 0.116
36 385 0.1215
37 204 0.2432
39 123 0.2009
39 248 0.4958
39 140 0.2462
39 259 0.2521
39 102 0.0733
39 329 0.0304
40 86 0.0215
40 290 0.0543
40 366 0.1311
40 318 0.0592
41 307 0.2496
41 230 0.0546
42 214 0.027
43 317 0.2449
43 60 0.0369
43 130 0.0763
43 224 0.1372
44 263 0.088
44 150 0.1174
45 176 0.3875
45 239 0.3116
45 303 0.1017
46 373 0.1414
46 348 0.032
47 269 0.1352
47 135 0.1067
47 388 0.013
48 199 0.111
49 187 0.1304
49 52 0.0475
49 254 0.1062
49 270 0.0473
49 338 0.2015
50 288 0.1854
51 383 0.1252
51 136 0.2588
51 302 0.2007
51 102 0.0654
52 286 0.0198
52 300 0.2124
53 291 0.1249
53 193 0.0755
53 204 0.0462
54 283 0.0754
54 135 0.1782
54 366 0.1088
55 307 0.0487
55 341 0.086
55 63 0.1219
55 394 0.2997
55 161 0.6391
55 238 0.1625
55 328 0.1726
56 311 0.0773
56 159 0.0911
56 149 0.0585
57 224 0.4673
57 254 0.1471
57 348 0.2672
57 372 0.2803
57 289 0.0898
57 117 0.1131
58 174 0.0345
58 341 0.3177
58 259 0.0914
59 318 0.0563
59 276 0.0499
61 146 0.1245
61 87 0.2383
61 163 0.3209
62 273 0.3606
62 237 0.2271
62 174 0.2934
63 145 0.0458
63 219 0.0091
63 353 0.2846
63 177 0.6257
64 129 0.1605
64 278 0.098
65 284 0.0785
65 383 0.2574
66 278 0.0193
66 215 0.1349
67 376 0.0748
68 227 0.1384
68 355 0.2827
69 136 0.1952
69 78 0.2652
70 184 0.1878
70 95 0.1055
72 286 0.0539
73 242 0.3355
73 214 0.0221
73 189 0.0408
73 330 0.1239
74 203 0.1188
75 299 0.3207
76 83 0.0153
76 323 0.3361
77 118 0.2107
77 325 0.0176
77 138 0.0418
78 87 0.153
79 134 0.1607
79 211 0.1437
79 247 0.041
80 161 0.0598
81 99 0.1882
82 382 0.3349
82 361 0.1021
83 356 0.1623
84 170 0.0869
84 165 0.2593
86 130 0.1314
86 325 0.1561
86 226 0.2529
86 259 0.1842
87 270 0.083
87 299 0.1691
88 102 0.0371
88 268 0.1814
89 206 0.1497
90 163 0.0389
90 159 0.0162
90 239 0.0778
91 189 0.1822
91 291 0.0297
92 288 0.2324
92 330 0.0528
92 386 0.0717
92 233 0.1757
93 142 0.104
93 216 0.1928
93 330 0.2202
94 186 0.1484
94 357 0.078
94 251 0.2747
94 211 0.2394
94 183 0.1569
95 167 0.2767
95 368 0.1812
95 331 0.1909
96 290 0.0823
96 335 0.1974
96 274 0.1262
97 271 0.1475
97 168 0.3084
97 123 0.1241
97 372 0.4145
97 242 0.3403
98 367 0.1411
98 248 0.3155
99 278 0.2262
99 101 0.0115
101 208 0.1263
101 262 0.0369
101 113 0.1704
101 385 0.0916
102 223 0.2789
102 387 0.1117
103 128 0.2709
105 239 0.1223
105 194 0.1523
105 383 0.3709
106 216 0.1188
106 147 0.281
107 329 0.2727
107 132 0.0162
107 332 0.3155
108 324 0.2433
108 271 0.0619
109 265 0.0498
111 253 0.2768
111 332 0.1776
111 125 0.5925
111 157 0.219
111 130 0.2947
111 128 0.2294
112 123 0.3294
112 287 0.1759
113 334 0.0723
113 248 0.0834
114 224 0.0606
114 218 0.1293
114 204 0.1938
115 138 0.1489
116 174 0.1705
117 239 0.22
117 224 0.215
118 299 0.1875
118 353 0.1061
119 282 0.0635
119 251 0.0581
119 316 0.0942
120 258 0.1903
120 396 0.2168
120 211 0.2755
120 331 0.2187
120 220 0.3193
121 303 0.068
121 366 0.2452
121 163 0.1229
122 137 0.225
122 339 0.2655
122 140 0.0641
122 366 0.3094
122 164 0.11
122 206 0.1574
123 352 0.0546
126 356 0.0862
127 138 0.364
127 232 0.1231
127 287 0.3323
127 179 0.2014
128 321 0.1346
128 270 0.1639
129 188 0.1662
131 187 0.0709
132 240 0.2851
132 344 0.3261
132 266 0.0687
132 397 0.18
134 286 0.2484
135 153 0.1276
135 184 0.2112
136 293 0.2707
136 299 0.0324
137 242 0.0164
137 316 0.1664
137 176 0.4244
138 220 0.1246
138 237 0.1863
138 274 0.0891
138 196 0.2454
138 258 0.2265
140 238 0.1694
142 282 0.2289
142 361 0.0872
145 356 0.9165
145 336 0.2123
147 278 0.3087
148 213 0.0752
148 372 0.2482
149 312 0.5477
149 265 0.4442
150 218 0.2087
150 367 0.2847
150 189 0.1605
151 343 0.1482
151 230 0.186
152 233 0.1111
153 257 0.2045
153 296 0.0555
153 284 0.2315
153 361 0.081
153 250 0.3036
153 372 0.0779
154 320 0.0601
154 223 0.1046
155 280 0.3853
155 300 0.1125
156 195 0.0848
158 256 0.1373
158 298 0.1713
160 173 0.2031
160 388 0.1658
161 294 0.184
161 215 0.1581
161 263 0.0818
161 282 0.1947
162 208 0.1222
162 176 0.057
163 375 0.3539
163 309 0.0979
164 307 0.2868
165 242 0.1278
165 168 0.0203
166 191 0.1528
166 281 0.2494
167 357 0.052
169 300 0.1216
169 171 0.0532
169 330 0.22
169 260 0.3658
170 238 0.2504
170 345 0.3177
170 181 0.5195
170 331 0.1335
171 274 0.1767
172 349 0.4851
172 379 0.0475
172 345 0.1819
172 322 0.162
173 386 0.0279
173 291 0.0108
174 328 0.3194
174 244 0.0474
174 177 0.0951
175 378 0.0444
176 301 0.1704
176 355 0.1768
177 324 0.3988
177 206 0.0868
179 273 0.1432
179 197 0.0231
179 284 0.0815
179 245 0.2503
180 347 0.034
180 311 0.0371
182 231 0.19
183 200 0.1811
184 291 0.2175
185 271 0.1088
185 212 0.2707
186 376 0.0754
188 387 0.1718
189 309 0.2401
189 304 0.0739
189 229 0.1561
191 235 0.2974
191 358 0.1029
192 193 0.1938
192 315 0.0708
192 271 0.0795
192 337 0.2613
192 256 0.2978
193 367 0.1299
194 370 0.0508
194 277 0.3064
194 223 0.0173
195 245 0.114
196 208 0.0467
197 293 0.0531
197 329 0.2091
197 283 0.2297
198 365 0.1829
198 356 0.3025
199 267 0.0872
199 331 0.1532
199 280 0.145
200 250 0.5841
200 380 0.1356
200 254 0.2154
201 385 0.0324
201 323 0.0923
202 218 0.1394
203 327 0.2315
203 306 0.2567
204 292 0.1102
205 329 0.0093
205 224 0.2638
205 305 0.1189
206 229 0.057
206 257 0.1041
208 299 0.0991
211 274 0.0823
211 361 0.0576
212 393 0.0653
212 296 0.0333
212 353 0.2342
213 343 0.0411
214 290 0.1827
214 355 0.2863
214 263 0.3909
215 259 0.1437
215 305 0.2993
216 331 0.1053
220 295 0.0477
220 318 0.0327
221 340 0.0821
222 347 0.1482
222 261 0.1376
222 349 0.054
223 398 0.2716
226 300 0.2775
227 330 0.0238
227 399 0.0449
227 304 0.1503
228 398 0.5299
230 291 0.19
232 335 0.0788
233 381 0.1354
234 246 0.1674
234 237 0.2343
235 266 0.3205
235 320 0.1102
235 273 0.1349
238 375 0.4152
240 276 0.2
242 320 0.1338
242 358 0.3303
243 281 0.0495
244 318 0.1314
244 276 0.1194
245 357 0.2172
246 381 0.1053
246 344 0.1999
246 369 0.242
246 359 0.0346
247 327 0.1329
247 383 0.027
247 396 0.0242
247 341 0.1081
248 389 0.1219
249 321 0.2521
250 377 0.2404
250 257 0.0509
250 332 0.0224
252 260 0.0442
254 321 0.0165
254 324 0.0679
255 275 0.1929
258 399 0.0496
259 317 0.2283
261 270 0.1879
263 393 0.1447
264 351 0.1262
264 357 0.1743
265 382 0.4525
266 269 0.0955
269 274 0.1753
270 351 0.1769
272 288 0.2704
275 399 0.1031
277 292 0.2098
277 395 0.0967
278 283 0.3733
282 351 0.0197
286 367 0.252
288 392 0.2811
288 398 0.1621
289 344 0.3111
289 380 0.2862
291 350 0.1018
291 387 0.2149
294 378 0.1689
295 372 0.1636
296 345 0.3158
297 334 0.0918
297 375 0.1024
299 304 0.0383
299 380 0.1642
301 323 0.0921
302 388 0.0302
302 355 0.2618
303 307 0.1832
303 311 0.3945
304 368 0.3035
304 348 0.0744
306 359 0.2525
307 328 0.1051
308 338 0.1904
309 314 0.0765
309 332 0.0359
310 343 0.1546
310 384 0.1051
310 363 0.3281
315 358 0.0742
315 348 0.2969
318 360 0.0779
321 324 0.2228
324 368 0.2234
330 373 0.0884
332 357 0.1507
332 368 0.2249
334 343 0.3261
335 365 0.3095
338 387 0.0589
339 385 0.0996
339 374 0.6242
339 346 0.0702
342 358 0.0687
343 397 0.0504
346 354 0.1271
347 395 0.6642
347 372 0.0504
348 398 0.0816
353 387 0.1375
357 387 0.355
359 389 0.1928
363 384 0.1174
367 397 0.55
368 385 0.0822
375 378 0.139
