400 600 num_nodes_f_dist 400
0 320 0.0808
0 36 0.2086
0 177 0.1093
1 111 0.2769
1 355 0.0115
1 23 0.1288
1 149 0.146
1 335 0.1329
2 277 0.2805
2 331 0.1154
2 228 0.1285
2 80 0.0668
2 23 0.0629
2 208 0.4473
3 149 0.2191
4 186 0.005
4 244 0.0854
4 233 0.164
5 267 0.1092
5 17 0.3728
5 47 0.0659
6 312 0.1182
6 301 0.3141
7 118 0.1705
9 167 0.13
9 134 0.1471
9 346 0.016
9 375 0.3518
9 109 0.0277
10 34 0.5962
10 309 0.2232
10 108 0.0312
10 306 0.1906
11 153 0.0815
11 195 0.2091
13 109 0.0972
13 21 0.4426
13 40 0.1467
13 387 0.0759
13 60 0.2987
13 297 0.5376
13 384 0.1099
14 319 0.2607
14 142 0.1433
15 206 0.1326
15 229 0.2461
16 18 0.0475
16 162 0.032
16 275 0.2212
16 145 0.436
16 266 0.1733
17 356 0.202
17 88 0.1104
17 134 0.2887
18 62 0.1169
18 112 0.0894
18 207 0.1461
19 377 0.0604
19 309 0.1153
19 102 0.1954
19 388 0.1047
20 279 0.1825
20 381 0.305
21 185 0.0632
21 254 0.13
21 318 0.1454
22 41 0.1419
22 232 0.1419
22 97 0.0968
22 365 0.127
22 393 0.273
22 49 0.0394
22 377 0.1348
23 236 0.3764
24 67 0.051
24 363 0.2136
25 27 0.0992
26 166 0.3263
26 275 0.0517
27 281 0.0827
27 346 0.0806
27 40 0.1079
28 31 0.1597
28 94 0.2433
29 344 0.3544
29 151 0.1504
30 113 0.0198
30 58 0.0854
30 85 0.0779
31 51 0.1244
31 138 0.0575
31 216 0.0361
31 92 0.3387
31 71 0.2925
31 353 0.1609
31 33 0.1299
32 386 0.3558
33 398 0.1495
33 47 0.0927
34 100 0.0247
34 227 0.2262
34 234 0.0458
34 192 0.0314
35 153 0.022
36 346 0.0708
36 102 0.129
36 308 0.0597
37 321 0.2299
38 143 0.1681
38 43 0.0999
38 269 0.0954
38 382 0.2233
39 348 0.2453
39 48 0.1868
39 47 0.0724
39 293 0.19
39 260 0.1352
40 393 0.1409
40 217 0.0815
41 62 0.1075
41 368 0.0275
41 90 0.0106
41 177 0.122
41 382 0.4454
42 146 0.0511
42 221 0.5015
42 120 0.1137
43 80 0.5152
44 310 0.1607
44 261 0.107
44 160 0.073
44 80 0.1804
45 143 0.3096
45 183 0.0498
45 175 0.1988
46 79 0.0894
46 386 0.029
46 200 0.4417
47 220 0.2134
47 358 0.1273
47 85 0.2819
47 146 0.255
48 58 0.1021
49 292 0.0131
49 105 0.0788
49 161 0.3591
49 158 0.05
49 186 0.0739
50 81 0.1048
51 64 0.2306
52 369 0.1214
52 372 0.0135
53 161 0.0806
53 252 0.1583
53 69 0.1501
54 134 0.0681
54 243 0.1042
56 279 0.0488
57 304 0.085
57 114 0.0798
58 317 0.129
58 391 0.0857
58 108 0.0435
59 291 0.0254
59 131 0.1636
59 389 0.054
59 311 0.1102
59 157 0.2092
60 285 0.2813
60 296 0.1227
61 159 0.4205
61 241 0.17
62 121 0.0808
65 392 0.076
65 233 0.2419
66 363 0.1115
67 328 0.0638
67 349 0.1461
68 174 0.2585
68 93 0.4157
68 141 0.1107
69 149 0.1569
69 357 0.0655
70 356 0.126
70 102 0.0503
70 299 0.1176
71 396 0.1075
71 192 0.1002
71 305 0.0283
71 223 0.2578
72 133 0.0276
72 128 0.1783
73 310 0.0135
73 81 0.205
74 344 0.1598
74 109 0.1238
76 310 0.3432
76 361 0.4974
76 122 0.0176
76 374 0.1617
76 309 0.1104
77 338 0.3043
77 278 0.4468
78 164 0.2301
78 210 0.3143
78 155 0.0478
78 92 0.122
78 388 0.1134
79 261 0.1304
79 257 0.3001
80 108 0.2044
80 384 0.0324
81 306 0.2397
82 119 0.2882
82 103 0.0232
82 350 0.21
82 246 0.0947
82 155 0.0883
82 161 0.118
83 90 0.0645
83 203 0.013
83 86 0.0343
83 87 0.0244
83 201 0.2067
83 200 0.2826
84 158 0.0855
84 172 0.0917
84 317 0.3135
84 339 0.0969
85 190 0.196
86 186 0.2416
86 377 0.1525
86 363 0.0971
86 322 0.1435
87 198 0.1785
87 190 0.0895
87 231 0.1541
88 399 0.9166
88 333 0.2448
88 359 0.0289
88 271 0.1641
88 100 0.1285
89 167 0.23
89 164 0.1097
90 169 0.0781
90 146 0.0506
90 278 0.0872
90 225 0.128
91 127 0.1999
91 168 0.3251
91 338 0.1253
91 114 0.2088
92 392 0.2062
93 299 0.1228
94 182 0.0351
94 128 0.1135
94 231 0.0731
94 273 0.0494
96 255 0.3925
96 300 0.2671
97 178 0.1585
97 151 0.1097
98 227 0.1447
99 139 0.5143
99 260 0.0914
99 319 0.0531
99 133 0.2451
99 326 0.0162
100 321 0.2019
100 253 0.0708
100 304 0.3841
101 165 0.2687
101 190 0.1195
101 346 0.1075
102 333 0.1114
102 261 0.2356
103 211 0.0489
103 244 0.1963
103 366 0.1553
104 291 0.26
105 195 0.2797
105 346 0.2133
106 224 0.1615
106 217 0.357
106 395 0.0587
106 360 0.0576
107 293 0.0444
107 317 0.1658
107 329 0.2373
107 361 0.2077
107 268 0.4024
108 323 0.0797
108 129 0.2414
109 293 0.1287
110 219 0.0911
110 270 0.3274
110 152 0.3374
110 342 0.227
110 386 0.0801
112 183 0.2292
113 195 0.4542
113 381 0.2678
113 360 0.049
113 327 0.1504
113 285 0.4278
115 319 0.309
116 188 0.1023
117 362 0.1661
117 182 0.1566
117 381 0.1187
118 213 0.0714
118 283 0.2776
118 223 0.2125
119 388 0.096
119 222 0.2023
119 168 0.0858
120 155 0.1696
121 250 0.1468
121 151 0.1564
123 224 0.1741
123 314 0.4807
123 197 0.089
124 269 0.1899
125 266 0.3493
125 268 0.8682
125 265 0.2053
125 190 0.0312
126 242 0.1401
126 319 0.1624
127 164 0.1468
127 331 0.0844
127 364 0.0775
127 184 0.0957
128 195 0.1555
129 130 0.4203
130 296 0.0708
131 311 0.0389
131 263 0.2036
131 143 0.1195
132 156 0.3795
132 173 0.0787
132 247 0.3796
132 176 0.0737
133 328 0.0637
134 311 0.1905
134 360 0.141
134 319 0.2269
137 173 0.0372
137 341 0.1615
137 188 0.1494
139 279 0.2776
140 318 0.2285
141 184 0.0597
141 225 0.0636
141 169 0.2272
142 391 0.1898
143 320 0.0541
143 243 0.1767
144 353 0.0675
144 271 0.1458
145 160 0.0784
146 309 0.1198
147 306 0.1079
147 165 0.2958
147 329 0.3905
147 345 0.5413
147 213 0.153
148 391 0.1154
148 321 0.1993
148 235 0.2698
148 185 0.0665
148 259 0.0993
149 270 0.053
149 316 0.2933
150 316 0.4616
150 210 0.0808
151 336 0.0692
151 161 0.0492
151 169 0.0846
152 177 0.1458
152 176 0.0311
152 286 0.1519
153 280 0.2076
153 161 0.1531
154 326 0.2115
155 352 0.0706
155 349 0.2466
155 396 0.0794
156 290 0.0787
156 331 0.3017
156 368 0.0179
157 244 0.2763
158 188 0.1067
158 202 0.0364
159 391 0.1116
159 198 0.0138
159 309 0.2797
160 312 0.2376
160 378 0.363
161 289 0.1657
161 215 0.3596
162 208 0.1966
164 301 0.2082
164 384 0.0375
164 277 0.2601
165 269 0.0709
165 185 0.0844
166 303 0.0821
166 262 0.0656
167 253 0.3881
167 275 0.0262
168 205 0.0221
168 323 0.1071
169 293 0.1499
169 287 0.2515
170 307 0.1014
170 231 0.0407
171 305 0.0503
172 343 0.0829
172 194 0.096
172 308 0.2834
173 320 0.0231
173 341 0.2383
173 340 0.0931
174 330 0.0499
174 192 0.0745
175 358 0.0376
175 191 0.0245
176 346 0.0745
176 373 0.4313
177 322 0.0234
177 271 0.0371
178 260 0.1007
178 388 0.1194
179 294 0.3839
179 182 0.0539
180 243 0.0357
180 250 0.0869
182 357 0.0656
182 317 0.3571
183 303 0.1581
184 308 0.216
185 338 0.1561
185 268 0.0767
186 314 0.0774
186 286 0.3003
186 310 0.1092
186 293 0.4165
186 196 0.1491
187 262 0.1823
187 292 0.2657
190 374 0.3206
190 334 0.0379
193 388 0.1928
198 259 0.3691
198 253 0.3813
198 206 0.2988
198 323 0.3902
198 229 0.0665
199 206 0.3455
200 254 0.2045
200 226 0.0421
200 275 0.0656
200 245 0.1759
201 330 0.4241
202 245 0.2477
202 317 0.2714
202 394 0.2124
204 249 0.2331
204 231 0.1547
205 281 0.2791
205 259 0.0778
205 342 0.0528
206 334 0.1386
206 330 0.1562
206 309 0.0314
207 306 0.0954
208 386 0.5053
209 396 0.257
209 321 0.3236
210 317 0.1308
210 251 0.1243
210 224 0.2826
211 216 0.1184
211 307 0.0464
211 252 0.3565
212 222 0.2583
212 335 0.0872
214 366 0.2295
215 227 0.0263
216 245 0.2466
217 268 0.2257
217 329 0.287
220 231 0.2017
220 380 0.0622
221 346 0.0787
221 374 0.089
221 293 0.1815
222 350 0.3814
222 367 0.2724
223 382 0.1754
223 360 0.0506
223 245 0.2693
224 377 0.194
225 269 0.1128
225 259 0.1759
226 323 0.2085
232 278 0.0353
233 274 0.1981
234 276 0.1432
237 291 0.4033
237 316 0.1632
239 278 0.0666
241 331 0.1358
241 328 0.1225
241 382 0.1238
241 396 0.2577
241 389 0.1382
244 309 0.0663
244 357 0.3054
245 345 0.1266
247 307 0.5464
247 259 0.0597
247 333 0.1022
247 273 0.4028
249 366 0.0221
249 363 0.4865
250 287 0.0752
251 298 0.2844
253 338 0.0826
253 276 0.1873
255 265 0.1232
255 328 0.388
259 260 0.1177
260 261 0.0543
264 390 0.2699
265 273 0.2001
265 266 0.1725
266 274 0.0754
267 327 0.4188
268 386 0.0544
269 345 0.2154
271 320 0.1991
272 367 0.2467
274 362 0.3925
275 365 0.1195
276 324 0.1532
278 345 0.2699
278 297 0.1833
279 306 0.4543
279 307 0.2463
280 317 0.5234
281 354 0.0702
282 370 0.1815
282 364 0.154
283 374 0.096
284 350 0.5409
285 324 0.7042
285 305 0.151
285 291 0.1849
287 354 0.264
290 297 0.1452
293 360 0.1009
293 337 0.3912
293 371 0.1262
297 348 0.1086
298 315 0.0612
299 300 0.02
300 350 0.1268
302 338 0.3035
304 346 0.0951
305 394 0.387
306 356 0.1981
311 343 0.2676
312 323 0.0319
313 316 0.2605
313 388 0.2823
316 338 0.0355
317 345 0.103
318 345 0.065
319 328 0.424
321 342 0.5363
323 325 0.5312
325 352 0.2414
333 396 0.2203
334 367 0.1691
335 351 0.3585
337 357 0.185
338 371 0.2575
342 343 0.154
345 376 0.1303
349 357 0.1652
353 374 0.2069
353 385 0.0218
361 374 0.2164
364 397 0.3589
367 382 0.0668
374 380 0.4036
376 394 0.2353
378 383 0.3675
