400 800 num_nodes_f_dist 400
0 67 2.8497643100841974e-11
0 191 1.6419924961415194e-08
0 195 1.216435883666583
0 178 0.005697310809748884
0 146 4.504956051880701e-05
0 305 2.740496722559058e-15
0 16 1.0933077261840766e-08
0 99 3.0593324941168004e-16
1 300 0.001764718263166934
1 18 3.043784785126834e-14
1 355 0.0005843800661779852
1 201 7.535466233453187e-06
1 253 4.6952720903943156e-05
1 341 0.08564976086961222
2 107 2.9067256442601215e-25
2 60 3.415428907410028e-07
2 392 9.05291656888038e-07
3 236 2.3318582545948165e-20
4 231 7.056070142184021e-09
4 28 6.923536772477578
4 233 0.23937691148865353
5 242 9.026172418513843e-10
5 68 0.11486148441468487
5 53 1.7172019276416116e-09
6 374 0.252386915195404
6 200 6.8447137512289885e-09
6 387 1.6117354002400394e-08
6 183 1.5210509042706294e-28
6 241 0.21054470914793177
7 219 0.00020888215390959657
7 157 3.284443039001096e-11
7 387 0.0012589985541732749
7 94 0.1819101995875256
7 394 0.0004919580097908858
8 389 0.009863722280103253
8 319 6.435325736382459e-08
8 118 7.221987591394036e-08
8 151 7.953722645014614
8 10 0.00017496254011492557
8 279 4.839598546657581e-10
9 281 5.884629104387051e-07
9 365 0.1935066969788952
9 335 2.4648508755390848e-08
9 331 1.7136588772549518e-32
10 163 2.21416316422526
10 303 3.680756938360238e-29
10 285 0.0032396730225711648
11 184 10.635479313003765
11 383 2.575484629378594e-14
11 344 2.6377139255939904e-05
11 162 8.56911771567933e-06
11 260 0.11858108040449554
12 244 1.2219474803532628e-07
12 365 1.2536993747024332e-24
12 110 0.01637144496194836
12 320 0.0005858879457707885
13 237 1.314545562858413e-29
13 170 2.02161539001438e-15
13 347 1.39171250391476e-35
13 39 0.009013583855683708
13 20 0.0003016958524161421
14 238 1.0611960468357779e-10
14 100 0.0681308728489605
14 226 1.5587617258112694
14 285 3.440631776522156e-14
14 62 6.210017330443112e-08
15 277 6.806902384566695
15 76 3.2106790641429526
15 316 7.076578293547218e-05
16 207 0.002843119775082875
16 326 3.874902744481719e-35
16 18 4.413518261153797e-09
16 120 0.002946307213926728
16 246 8.903872165051164e-17
17 388 1.6063810674997606e-21
17 102 5.118734419570601e-12
17 23 0.0037225963368237554
17 146 1.785881095272578e-16
18 221 1.164911007478308e-11
18 212 4.6299078182951294e-14
18 281 0.0003492591687342532
18 125 2.601795159136707e-06
18 341 0.16018935106733947
18 264 0.015630217426908535
18 300 1.0634723381009365e-27
18 209 5.14206038890427e-18
19 99 0.02720222930647066
19 48 3.640275550576564
19 385 0.010408490420962443
19 122 0.009223608417922614
20 69 0.00033880971309317736
20 100 1.679547918120729e-05
21 241 3.631455754469281e-07
21 232 1.5664216630578728e-28
21 34 14.656051057078447
22 109 0.7820765921149995
22 330 1.5132312182939047
22 355 0.008336893802209457
23 362 1.575531954522108e-23
24 41 0.005683195135634813
24 35 2.3215563435357326e-21
24 30 0.0019028252426235908
24 360 8.488756985758265e-10
24 372 1.5614960076943214e-38
24 226 0.3259548733842091
25 63 3.3896945644082805e-17
25 329 2.031285875308761e-05
25 66 4.310859957883158e-37
25 221 1.510208154937804e-17
26 332 0.02396933532039622
26 327 0.1402476898135701
26 106 1.6819861858035313e-24
26 289 0.9145418355846596
27 68 1.6171557799966862e-08
27 77 0.01753963275054679
27 241 7.659755642958997e-26
27 111 2.645602278976022e-09
27 81 23.703529805998574
28 74 2.1768490825721215e-10
28 70 26.047796602902505
28 256 0.045218179898753104
28 376 1.1089216332915155e-12
29 131 6.53078494709403e-09
29 143 9.919176975347265
30 215 2.2120541813941666e-20
30 352 8.215095382874058e-12
30 379 7.627719591497862e-08
31 231 3.202433251298722e-33
31 252 0.00012174344719895471
31 316 2.8015580351131886e-05
31 343 0.077146754500081
31 39 1.8636499496663578e-09
32 396 5.009198712720185
32 339 0.00699718076369405
32 134 0.033515186249995055
32 49 2.6381960426770044e-17
32 277 0.00023897498274937898
32 335 0.01741217527521348
32 265 8.419701387788769e-10
32 179 2.4616510540095355e-07
32 361 7.421961458714455e-07
33 169 16.331036812721013
33 158 3.5340147245095454e-05
33 155 8.116796427866963e-33
33 156 9.520610633139687e-09
33 100 1.6424161667890842
34 318 3.223866175350074e-09
34 374 4.035809924500153e-20
35 207 0.2699882931578984
35 369 5.592130482794623e-06
36 71 3.904584095405242
36 313 1.2613077110596522e-07
36 381 2.7171548311485888e-11
36 81 0.13809912278401648
36 121 1.1403662123204517e-07
36 215 9.501678759244704e-25
36 120 2.5167789629262144e-21
36 380 0.5524743498493291
37 265 2.3691679698675514e-11
37 74 7.358793440888747e-29
37 39 1.0808186339158064e-11
38 306 1.1337101105578369e-05
39 85 0.17055402863338856
39 323 7.939045470572219e-23
39 216 1.4669104212063604e-20
39 186 3.508355273027105e-25
39 349 1.9211011331114247e-21
40 90 0.0016113075698730838
40 354 2.3233244577508538e-07
40 336 1.0980299337757933e-14
40 264 0.004463212391667458
41 241 0.7554089012653489
42 59 6.173729773926335e-13
42 125 16.966291866028406
42 66 1.6274359083560114e-06
43 136 1.1388896935557418e-08
43 293 2.359052675612336e-07
43 160 9.84434293086326e-07
43 219 1.5732054816001043e-17
43 143 4.2770308156291104e-12
43 265 0.00046941367097392005
44 55 3.2730711722545352e-12
44 247 4.305858708883626e-13
44 396 7.40266545356182e-07
45 92 1.1042506956980146e-18
45 343 1.1952560107217657e-08
45 294 1.0061135460241527e-09
45 59 1.2680740951463456
46 106 2.2028934939422854e-05
46 311 0.03987888825859699
46 221 6.162407590514358e-07
46 63 0.18693648417445058
46 101 9.732191081592291e-10
46 285 0.7291304080345777
47 279 16.29090750706829
47 251 0.37293002297727235
47 61 0.0001753342530817203
47 57 2.022145984353844e-18
47 125 5.936771645421833e-19
47 302 2.1596706802595383e-07
48 151 2.1210320721736377e-10
48 366 0.00011303645955577128
48 372 1.1888891578226171e-06
49 138 1.6210096869508965
50 191 3.9886570719616133e-22
50 385 0.02294330014994466
50 262 4.408102299535295e-22
51 98 0.0019657869471461104
51 108 2.612001548710925e-10
51 244 3.8406362825228037e-19
52 278 1.6713336874005262e-06
52 304 0.00023869986243951557
52 320 17.23696917921367
52 187 3.2931354102007895e-05
52 230 7.700581690514235e-05
53 64 0.12482217202309003
53 389 3.0190993328277954e-11
54 211 7.493106192236489e-05
54 137 1.987108080495541e-14
54 329 1.1321044592324687e-06
55 301 9.224757654638778e-08
55 166 7.880691612430016e-08
55 351 8.456203056473995e-07
55 284 0.022417692690026112
55 271 2.8310312654743975e-17
55 165 4.6054036297348564e-20
56 162 5.488897969285011e-13
56 364 0.00013571447429560973
56 142 3.989804323690046e-29
56 151 0.17346764112689825
56 145 1.3850724424303827e-48
56 356 2.743733292351827
57 80 1.5990911401577297e-05
57 75 0.1255884492128062
58 352 5.2994702823199434e-05
59 283 11.429539733979436
59 151 7.974378258484343e-05
59 245 8.185265585300705e-09
60 100 1.103647148273234e-05
60 380 0.15523265690177843
60 79 1.3572823715828086
60 219 4.293628755514475e-20
60 211 5.639540212223773e-09
61 139 0.0010839778869328404
62 337 0.03485164067325156
62 112 6.0608788294165674e-06
63 324 1.1077911440232045e-09
63 335 6.249450545727035e-08
63 379 2.8480296906415363
63 287 7.153771102464107e-07
64 227 7.4881976106693005
64 153 0.5558110156394288
64 185 2.709348023466163e-10
66 106 0.01081179049484551
66 214 3.8509307822539895e-06
66 274 0.16194676194363422
66 164 2.4867146527241695
67 322 13.196177301255249
67 302 1.9608613135725477e-36
67 91 0.002217710790947651
67 371 9.736716160776902
67 160 2.1995669712124775
67 294 9.356002104196227e-13
67 350 0.0006202257271919681
67 136 0.0063233375856209225
68 101 3.945778179032485
68 149 6.212230844810797e-06
68 120 0.03377270288975683
68 197 8.803157523521087e-13
69 370 6.0625904187891424e-06
69 234 1.602816130735187e-06
70 86 14.037251509940587
70 248 2.6166101658673563e-41
70 233 0.0003168335586708171
70 304 0.009506064922608823
71 108 5.328619693971618e-24
71 159 1.0790986243637823e-06
71 240 0.0030122863908305032
71 134 12.977769615941485
72 150 6.320192128751892e-07
72 265 2.267057718191355e-08
72 80 1.5725417333889961e-15
72 276 6.123794011465834e-35
72 148 3.719462680505568e-08
72 184 3.979884010829568e-15
73 146 3.1146942483169447e-16
73 84 3.2797221993639316
73 352 1.196886818132066e-10
73 228 1.4265979498354298e-06
73 178 0.6095907837113838
73 122 1.0498845883113662e-07
73 175 3.778678090901949e-20
73 247 0.0008604747561620908
74 135 1.659025157661665
75 174 1.5683233333135835e-09
75 274 54.79883997917269
75 155 0.008750345122019743
76 320 0.019711287656045167
76 190 1.890510878205339e-07
76 93 1.0352392192805878e-19
76 100 8.606836639719316e-16
77 291 1.3056056034132823e-06
77 240 1.7362929997461843e-09
77 171 1.3346987182772708e-10
77 150 1.1347889155430124e-05
78 217 0.0001289216751092552
79 369 3.8111259991371296e-10
79 334 0.008206565189600635
80 344 9.472558581391228e-06
81 390 0.784481842583183
81 300 8.323768798745548e-23
81 196 1.0486062513624104e-13
82 368 1.9501220327705596e-05
82 211 0.03393144213379252
82 384 0.0020002041307021737
82 277 0.0003996709827614104
82 272 2.7880629540280446e-08
83 373 0.19616733684109391
83 397 1.0255992124344135e-14
83 299 2.037499602617149
83 317 6.472335679486355
84 85 0.006642842597590605
84 212 9.303849237835753e-06
84 115 2.1912876775155042e-05
85 271 2.0058841312009826e-06
85 173 0.5509910400590132
85 302 0.03899718204389237
85 321 1.5757718564193072e-09
86 222 3.2282661183769885e-05
86 267 7.644720560494215e-19
86 210 2.427721102293441e-66
86 203 7.177279684235096e-15
86 393 0.004994309608370695
87 315 8.986024325922836
87 310 0.7324034071250713
87 222 0.000621768178229586
88 179 5.168349131994613e-06
88 191 3.5497373858836148
89 123 8.769032900185189e-09
90 360 13.539160709726337
90 224 9.531152948253169e-08
91 321 3.0835778253449257e-06
91 297 0.07770113554582762
91 356 7.062892061718591e-06
91 193 9.067999948827793e-27
92 319 1.230611764295338e-08
92 332 1.9718474377518895
92 351 1.1348015006655709e-07
92 247 0.0014906144720217005
92 202 1.0858778675514536e-09
92 221 2.9023047745402656e-07
93 143 0.006432019410795328
93 104 0.018368384689259085
93 365 0.039587083524542765
94 161 1.330125023332374e-23
94 312 3.0895079863413217e-13
94 239 1.004245237481084e-08
94 199 2.1570323630220436
94 115 1.0454357519665587
94 222 3.0144372653219738
95 103 0.37763880941078787
95 215 2.40457456724649
96 206 3.2436491999896434e-12
96 163 0.0019585435676537023
97 279 0.8473409318386738
97 166 5.3898451551496724e-12
97 399 7.158335122200084e-16
97 138 0.22288411633383853
99 280 1.4713194431335794e-19
99 226 2.6145004839031902e-06
100 353 2.016356222345474e-14
100 151 0.000663699943073852
100 377 2.16297837514979e-14
101 276 1.682159527492948e-19
101 185 4.767047323352976e-09
102 146 14.872650210858838
102 155 1.2727637787057498e-13
102 386 0.0012476904598142618
103 169 0.08848273486188295
103 141 4.37993687559075
104 302 0.26180051057845133
105 267 2.4061255219165075e-05
105 165 0.007004363316286238
106 344 1.585461423252524
106 287 1.4776329123830835e-13
106 270 0.008167503490851366
106 290 3.6990599854995816e-08
108 214 4.2271447515995713e-07
108 270 3.471149537344718e-17
109 373 0.030695417640570048
109 396 2.400489539138557e-07
110 208 2.010378659131581e-15
110 396 2.8135863192120734e-07
110 378 1.1647146009401422e-25
110 237 27.19575336320471
110 189 1.7714882631269532e-12
112 388 6.710458258473458e-32
112 317 3.5109674888395376e-08
112 215 2.4012234348833724e-07
113 274 6.955330096457621e-12
114 383 2.6530118510192243e-16
114 229 3.3226277306090884e-13
115 252 9.60503748568938e-11
116 228 0.43639787453497175
117 375 4.268190413771241
117 196 7.9915389836824e-18
118 294 2.5072103026687784e-07
118 217 1.477575506430931e-14
119 272 1.7466537101705947e-11
119 258 2.4705043090169743e-13
120 282 0.29538928960000177
120 148 0.001149699155375486
120 295 0.015908436976409365
120 157 0.016055210344226648
121 379 7.937579655410743e-13
121 367 0.005906238068306675
121 138 1.4353332512704094e-25
121 239 1.6466475929189626e-33
121 246 1.5583109300330344e-24
122 232 9.199339336879828e-14
122 345 1.6402829856453174
122 175 7.990413266295879e-29
123 384 2.216933671571738e-19
123 291 3.8897175484931035e-13
124 242 1.597104004862788e-08
124 349 5.214041599131691e-19
125 386 1.2478770726127558e-65
125 150 3.945894180601179e-15
125 356 6.959373051835183e-08
125 141 2.175784888888359e-05
125 305 0.24218203148595074
125 359 9.85662659770387e-15
126 194 1.505558625764711e-08
127 397 0.00048010838028949963
127 293 3.3844691226199082e-06
127 358 9.5530755191008e-19
127 339 0.031862381480374374
127 191 0.3722585750220059
128 268 1.4240729952559322e-39
128 233 0.08059184446149634
128 166 5.244263078406361e-08
128 212 0.00011931120799734219
128 287 2.504525030385965e-08
128 134 0.04746374136414904
129 283 8.301310876429373
129 198 1.431913395540987e-08
130 318 0.8176935246378395
130 384 0.0027163116748408667
130 282 3.2541717751259855e-07
130 208 0.5860155800683499
132 313 7.529698370866076e-12
133 379 0.05293447529831474
134 206 0.00032246512982546074
134 254 0.00017396284032307463
134 141 9.009390963233885e-08
134 303 0.0016232047518853255
135 248 9.281127902045027e-12
137 250 0.06752342222774141
137 271 0.0038505390149261216
137 318 0.00021308948992005764
138 368 1.509576375066131e-09
138 371 5.180028868443029e-06
139 251 1.8021302113976436e-37
140 149 5.559127882394535
140 343 4.769763781294953e-13
140 178 1.5136333282240073e-09
140 286 2.5918205868652477e-10
140 366 4.9306977510045233e-14
141 359 6.057842852851655
141 271 2.1076419551849437
142 209 0.023249213168887013
142 306 0.006467308729538507
143 342 0.005693188182315024
144 244 1.8398890870365325
144 273 1.541579394962068e-12
144 185 0.034164664334885304
144 367 6.845943053764477e-16
145 264 0.6735847784673605
145 146 3.233283911601601e-10
146 150 17.277301079770844
146 298 4.3363733603021574e-06
146 344 2.7452678722092256e-19
146 186 0.004016725335420054
147 237 5.208368657547645
148 160 2.9904004569379845e-22
148 258 8.130469606097345e-12
149 245 1.8223976468794713e-29
149 232 2.1144680799053364e-10
150 366 0.18923575341103188
150 180 2.6203638521239944e-10
150 357 7.409430367640966e-05
150 156 6.05591396645008e-05
151 188 54.311115164897146
151 314 4.072234150041731e-08
151 323 3.367028673213274e-09
152 196 6.094495646116569e-06
152 225 0.10754443183429825
153 317 1.0959411907715726e-24
153 179 1.7730990636968747e-12
153 282 0.003975935243489097
154 308 1.47996689899834e-09
154 215 1.6010592817114176e-07
154 314 4.420470922617359e-12
154 254 8.924331334223082
154 214 1.3880731846756193e-13
154 193 0.31562652307413636
155 188 0.02865384889543879
155 332 2.5413175793894354
156 181 3.7979320743226685e-13
156 162 2.979965962300036
156 186 1.236061454034813e-13
156 228 2.451146762131996e-17
157 251 4.445727213592797e-10
157 352 2.3261282415247475e-11
158 247 1.0476915902886277e-12
159 351 1.5096887370279263e-14
159 241 2.6128414071636528e-05
159 348 5.4347035348173664e-11
159 312 1.517037648327445
160 393 2.5232976096314615e-06
161 350 0.07117530555321239
161 188 2.0648142179586927e-10
162 245 9.033208475251405e-10
162 170 5.792651962442098e-15
162 306 5.003710927280622e-06
164 197 4.78743802957086e-08
165 245 0.04785902107583654
165 219 0.16399114750889876
165 346 0.11587770700183742
165 244 25.868383956191547
165 394 0.8814998410193688
166 322 4.6489270517020865e-11
166 342 4.902708983478817e-10
169 275 2.3988824268786275e-09
169 309 4.999010603155978
169 373 1.8282585404263275e-07
170 314 2.3492222775070223e-05
171 252 6.098194173821691e-17
171 186 0.0003244301196003033
171 190 1.808441104270803e-14
172 362 0.1822930647032118
172 208 1.8511186547506017e-36
173 362 4.5922934921015806
173 255 6.471985726160892e-15
173 297 1.4643050094721234e-11
174 262 7.118100511878273e-13
174 332 9.312881756338215e-07
174 335 0.000325901173852491
174 191 0.6652315734029078
175 195 6.421160165478583
176 236 2.077674721679343
176 304 9.070998858268113e-16
176 329 0.07799059825371292
176 385 2.446422852145951e-10
177 397 1.1096289545732962e-09
178 361 2.3070893515667915e-08
179 238 0.0001962436265619295
179 207 1.0276921433322057
179 338 6.5293703476527814e-21
179 184 7.735145238973674
179 289 0.005603145041576045
180 250 8.815002423318077e-08
180 187 0.23409851874739088
181 262 5.39955854101187e-06
181 192 1.5290744590893546e-14
181 201 0.07052666765086647
181 384 0.572036505805836
181 378 0.031740251485794554
182 355 0.00011956730418840935
182 344 0.4875369331704818
182 223 0.03540114371009843
182 391 0.25458338727501584
182 312 4.2024895984478036e-08
182 231 5.453672587281047e-14
183 379 0.011406965976632094
183 206 0.00011457427464147008
183 331 5.819454687071317e-11
183 249 0.04613845722908297
184 257 3.205165117865744e-28
185 312 3.85889453932719e-14
185 221 8.202434281255399e-05
185 213 6.848340327052898e-18
186 361 2.7561311854869984e-18
187 214 6.907459494586014e-09
188 315 4.701813658748535e-25
189 239 9.015077641853924e-12
189 291 2.936167753989581e-22
190 240 2.8983899698017753e-09
190 232 0.011164720681413904
191 280 3.159895814576588e-19
191 335 6.520258298753879e-15
191 197 6.69265767235942e-14
191 305 0.9708223620988318
191 204 1.5535087840398081e-06
191 209 7.837484545095417e-06
192 296 5.055716028935792e-06
192 288 0.0008666869939901626
192 393 2.685478215562542e-05
192 352 1.2171958165527641e-08
192 238 8.44315448806331e-13
193 272 2.7915861217668438e-05
193 197 3.1439708703880397e-06
193 221 1.4049410321422612e-10
194 339 2.9238205846013e-10
194 362 1.433612352521424e-13
194 338 4.9108215009210575e-05
194 385 4.9665150301625505e-21
195 305 36.58620249292539
195 287 2.2943929945533218e-08
195 250 1.1698240547692376e-08
195 351 1.6282725511931774e-13
196 371 56.38483614395724
196 262 5.68758533182529e-09
196 234 6.367398284905355e-08
197 246 6.397494599474915
197 277 2.123558593994464e-32
197 354 2.4303629373001964e-09
199 392 0.047872557814583654
199 377 4.5631329960578615e-11
199 236 9.996092119726102e-05
199 343 0.3161156103125209
199 304 0.05972683991428274
199 317 0.37858263054666136
200 243 0.0005594380442134415
201 394 1.4437056058404904e-05
201 215 6.377822227544179e-18
203 254 0.043624137858595716
204 319 2.4983830775910623e-68
204 353 1.0922009539387114e-10
205 316 1.9126917181934452e-10
205 253 0.012243241466084822
206 240 2.326091927011704e-06
206 278 1.079063727793361e-08
207 386 3.2744497343137042
208 213 0.03022096712981939
209 377 0.008055195697920525
209 288 0.6135293963881757
210 301 0.005042937815785087
211 365 0.004733828298800112
211 392 18.14963898236094
211 370 0.2963583347477713
213 373 0.0024958375337516877
214 350 3.8189767802208695e-22
215 333 0.00013007448770906933
215 394 1.3593046801832533e-11
216 292 3.651542278999628e-11
216 278 9.913080735547387
218 398 1.5301130027365353e-09
218 240 0.2651386979578551
218 359 6.720055557493469e-13
219 221 1.260182348669781e-06
219 369 8.839625038704269e-06
219 348 6.545110186162518e-29
219 270 1.1497781391311311e-20
220 311 7.18354804706264
221 398 5.437944901445271e-46
222 391 0.8981362833586272
222 303 2.037045819119591e-11
224 361 0.00032082125254095353
225 319 0.0001695645849375871
225 276 8.877023256167765e-28
225 376 5.115221874884672
226 312 1.6544408630419263
227 318 7.693063340895488
227 297 7.836750400189536e-05
229 330 0.06702378575824602
230 352 3.368848019566931e-17
230 296 4.1371090050893377e-10
232 317 2.2586292741502475e-06
232 249 1.215362146824915e-13
233 351 0.01176807461829161
233 241 1.36546326000795e-05
234 348 0.003097969067848092
234 388 0.009059778123180979
235 366 1.643191497235599
236 397 7.769792068861609e-07
236 238 1.0682734615975872e-09
236 305 1.4637795865615167e-25
238 388 8.34388557157266
239 367 0.020172094580562093
239 330 0.00016194253765902656
240 349 0.019782957065549205
240 351 3.458566179384266
241 246 6.117031149197734e-09
242 251 0.035314177482781574
243 265 1.0973228728835256
243 256 1.1753824727299305e-07
244 288 0.003256914183134712
244 355 2.741947167567958e-06
244 283 0.002417136276509973
244 280 5.1304696926702864e-17
245 272 1.3845603385969172e-10
246 356 0.036503037963523895
246 250 3.164544068373474e-05
246 360 0.00034632570813037555
247 264 7.727613906682875e-53
247 270 1.3022250400392261e-05
249 359 0.885204763847581
250 307 2.074169552492528e-22
251 340 5.645198696919506e-12
251 389 1.0617178586478645e-05
252 311 1.4516255278350005e-11
252 382 63.7465945212683
253 312 0.002052702154212864
254 281 0.048716347510019804
255 328 0.15648792945998707
256 331 2.629621740398601e-13
256 398 1.2842711589870677e-06
259 304 1.526524133434977
260 327 4.7240695231592625e-18
262 279 0.06467165157274786
262 309 0.15505129745608162
263 280 3.429876371396961e-13
264 340 7.924152421602825e-07
264 287 8.93145408091292
265 280 1.124230657496051e-08
265 359 1.2573315898952618e-05
267 320 0.000631347135681156
268 277 3.302157882525125e-22
271 333 0.001747358275176047
271 374 9.894358738913445
271 369 0.043788636700213976
273 307 39.06858581217678
273 319 3.788544070924716e-16
275 328 2.1726672187877732e-05
277 299 9.548375963771438
279 360 3.097879123049507e-06
279 372 0.00012411953315423832
280 396 1.3691657661517287e-16
281 284 2.2141264307150362e-14
281 297 1.4956224441906322e-06
283 319 0.001482354069869693
283 352 14.371630971404329
284 393 2.4860561019460407e-36
284 288 0.01933652912747759
285 354 0.0006339135157911114
286 360 3.2170703197674706e-14
288 374 1.49706497485303e-29
288 308 2.2801269756865596
289 314 0.0003845219205912928
289 291 3.1555109822566557e-07
292 294 1.9246650800919984e-13
293 303 7.945156766114259e-08
294 304 1.7654147422478073e-11
294 388 1.0473912156854032e-16
295 341 0.00042023296968957585
295 313 8.964306150835821e-22
297 399 8.537837032764841e-18
297 388 7.447630265085227e-07
298 365 9.612002345662786
300 339 0.00029183274638023784
300 317 1.7926350098015437e-23
304 305 7.651559862722757e-07
305 347 1.5897896459444809e-15
309 330 2.0374489481265423e-06
310 312 3.7123765655040916e-09
312 366 9.830544520323069e-08
314 330 0.011792794081288653
314 346 1.2219800828119493e-06
315 356 1.9053812880710719
316 325 0.0004608474665113302
319 359 8.514559020152408e-09
320 347 0.07497794494922086
320 327 0.7229303323941806
322 363 0.06073511181214757
323 367 0.020948342769694882
323 332 0.13128066789561377
323 347 0.4462242393218922
326 396 1.2537530719835794
329 348 7.456842290689181
330 353 0.82277135305001
330 338 3.0950480364644233e-06
331 399 0.001144851672992575
332 345 5.875956338819444e-15
334 388 0.000149038229943286
334 384 4.0808899012670763e-23
334 385 0.0001238046473136108
338 389 5.937574685421459e-13
340 361 0.053270618217072914
341 368 0.016414514036245657
342 392 3.929811608472177e-08
343 368 0.0001704685180384723
347 394 0.3791046305127695
348 398 5.406668498315149e-07
349 381 1.8081562467516958e-14
349 368 2.2931945314415367e-07
350 368 6.699400249652658e-07
352 369 1.0397578363818285e-22
352 373 0.36032942987930844
352 362 3.130125855807548e-19
352 378 0.024633642667194904
352 366 3.413266435043685e-25
353 378 1.1908230922732521
353 394 2.374138820231723e-07
356 392 0.02805826418661951
364 369 0.010223914116317196
378 391 9.388616877121168e-69
380 391 4.061986023926205
383 399 4.787077432382369e-10
395 399 4.5151848129767e-27
