55 110 num_nodes 55
0 38 0.3962477989239782
0 47 0.1086216939426129
0 19 0.5301686412235646
0 21 0.1968389892948218
1 49 0.24578169132484384
1 43 0.6327099533793747
1 18 0.05629005016513877
1 24 0.5759733613987266
1 31 0.07964281183192146
2 19 0.14840428545243656
2 6 0.14697427165748744
2 38 0.5136041116844224
2 24 0.2270507495724854
2 15 0.025094780111761472
2 12 0.7327260747003136
2 21 0.06065370151771776
3 40 0.39154674506271303
3 37 0.1409757224842969
4 37 0.9467726962187585
4 10 0.03191591032326546
4 7 0.9792917510352562
4 51 0.4271297496516897
4 6 0.3306182552229697
5 22 0.8284697523337731
6 36 0.03772210349585492
6 39 0.23495012690067618
7 26 0.5520219958359323
8 34 0.7749798490937434
8 23 0.005427400368323787
8 31 0.5159052986389536
8 24 0.3987668214577811
8 40 0.5794391029188515
9 14 0.5656103898496048
9 40 0.4102570231106718
9 26 0.5379861844936541
9 44 0.7177845119401639
10 44 0.814144451552205
11 23 0.423908541390022
11 20 0.4592788381117787
12 14 0.14355302473567755
13 16 0.16552730602253451
13 40 0.10003766921309287
14 21 0.5972014255281994
15 37 0.9803283277017749
15 45 0.8217575879450345
16 35 0.3296131091669745
16 39 0.49085107178222875
16 33 0.7919997334868427
16 23 0.7738027255667126
17 52 0.5496014853604672
17 54 0.12304634271374093
17 18 0.46124716072109984
17 32 0.8392277310405516
17 27 0.37802053102822586
17 47 0.49930005698890745
18 26 0.47038676288394765
19 54 0.7681119400774882
19 27 0.3580540014127441
19 35 0.6939369106616201
19 37 0.7795881977580799
20 44 0.5550739406368567
20 23 0.45870543068514713
20 37 0.20142242131913524
20 38 0.3147801794976074
21 35 0.9350530372853796
21 40 0.11137299281027158
22 36 0.589822406447071
22 29 0.07028231264661611
22 43 0.46788235605883877
23 38 0.9552990277255862
23 48 0.8229992919474625
24 33 0.6776016245567273
24 46 0.28931156718354667
24 53 0.2557237995182875
24 29 0.7794545474083053
25 40 0.4786483907334097
25 27 0.9911093850538939
26 32 0.5900900342093107
26 37 0.5659701758586224
26 50 0.5862937607279471
27 43 0.14511503646381307
27 49 0.26372736053941115
28 36 0.5671350370804135
29 40 0.391658368255954
30 40 0.9379335180181694
30 53 0.6727185157521073
30 45 0.2625583232487486
30 35 0.29825127065579116
30 38 0.2457209355857215
30 54 0.8048075920257564
32 51 0.08478466957610131
34 53 0.44770831843028147
34 37 0.4994971965629451
34 36 0.19082603844804658
34 38 0.8310666231841346
35 43 0.5852798649916373
36 53 0.5149793718931893
37 48 0.41042213845161923
37 45 0.0233785825103765
37 39 0.7336549327592148
38 42 0.6163618230129232
38 41 0.93547005568391
38 45 0.7279148362618585
39 48 0.031761407560013555
40 49 0.13960871650359885
40 46 0.993653840579247
41 45 0.022330345235146654
42 49 0.20759548277963025
45 50 0.12450876926944887
46 51 0.8575428986988757
