55 110 num_nodes 55
0 18 0.16567259868953932
0 36 0.46227580245723854
1 4 0.711003108158446
1 13 0.4659745831328499
1 2 0.2495771292422173
1 20 0.6009970279545017
2 51 0.19267861655074592
2 5 0.9439922420537272
2 23 0.8055130037418954
2 38 0.9957631988734339
2 20 0.8566748593249598
2 14 0.3349498602470359
2 12 0.9194690688332949
2 16 0.692582999326985
3 48 0.4995075091254215
3 53 0.701795644915778
3 47 0.9939470810878002
4 26 0.48316067494774995
4 18 0.5306145982084642
5 9 0.7939842791516234
5 23 0.5672029890411424
5 17 0.5081817625784937
5 18 0.45031041634371793
6 46 0.27693805219529566
6 16 0.5814662165687867
6 20 0.8330637398025452
6 28 0.38141720113426847
7 15 0.4081885087555035
7 13 0.8895128038554277
7 53 0.348099184003251
8 16 0.4829856362354539
9 21 0.29407161371283963
9 20 0.2868850584727677
9 43 0.2431217093928083
10 12 0.29183952929112233
10 28 0.4136341060292902
10 21 0.5961716309723266
10 29 0.45062328550733655
10 38 0.02072753338253419
11 52 0.06231302502246827
11 15 0.6358025698260549
11 17 0.182149537489669
11 21 0.9581484623374197
12 26 0.27353473348352353
12 43 0.8859504879985091
12 40 0.43166709901588085
12 35 0.11745745915709527
12 39 0.3619866298160601
12 41 0.03169712391801305
12 30 0.13514456899038496
13 27 0.265696152211807
13 31 0.435459779451032
14 33 0.8503082876424977
14 19 0.15127221909211486
14 45 0.5370818559966754
15 19 0.6769667080395526
15 30 0.9849835630920316
15 37 0.13060422911553682
15 28 0.3474698537913087
15 41 0.4967960730926412
15 16 0.11070133982828889
16 51 0.9890338515918687
16 52 0.8951947913534476
17 49 0.9404511122360649
17 51 0.32841755394312344
17 33 0.5844493700982413
17 48 0.5628608923537831
18 51 0.9884871605112653
18 19 0.8909046973854632
18 27 0.6955335744044383
18 29 0.9571728300340945
18 20 0.9276891485113946
18 28 0.9713083173775252
18 36 0.3291901952036158
18 33 0.8094466906047713
19 53 0.4296074897292098
19 54 0.7734032321986465
20 40 0.049452226151263545
21 42 0.5680676687586312
22 27 0.9531332618435363
22 44 0.8692480686720346
23 34 0.6215373509541648
23 50 0.5977853226423838
23 51 0.9453274422895095
24 32 0.06842759938817278
24 38 0.7794136917199639
25 30 0.4260117920074191
25 35 0.7307889385626148
26 39 0.3999802027375826
26 49 0.9598175243199053
26 31 0.10832196865187704
26 28 0.645682762621231
27 38 0.2965855621418848
27 53 0.6321758161206275
28 40 0.2805707654837324
29 40 0.796187796903856
30 44 0.39307643303240203
31 34 0.28061446924636
32 48 0.2714748049877721
34 41 0.547866594598577
35 52 0.29333755371114867
36 45 0.33714200624423185
37 47 0.5779377923330454
37 39 0.5020232989379181
38 54 0.4394594545320518
40 46 0.4549432265088672
41 53 0.20947967715809968
41 49 0.46469996802754854
43 47 0.8922437128773855
43 52 0.42000061547842527
