55 110 num_nodes 55
0 15 0.7639364970552274
0 8 0.30521921643485905
0 13 0.19517775011374994
0 38 0.9071947624688683
0 53 0.9218280993219
1 53 0.87159482463795
1 23 0.4292582141201704
1 47 0.09309418845571871
1 25 0.598221227318249
2 28 0.2415846902171077
2 18 0.35372840828130325
2 25 0.11180320774092745
2 51 0.14908757024438846
3 10 0.055840396901845835
3 16 0.3729005141554158
3 5 0.7951664378068823
3 40 0.7524190939479117
3 54 0.8986836134283673
4 8 0.7516947847212109
4 21 0.12252452505400302
4 50 0.5672856831590654
5 27 0.9348139640300455
5 19 0.6637064347679218
5 51 0.9303819661611902
5 31 0.3495634702819973
6 36 0.2587803667628701
6 37 0.03331499427848783
6 26 0.7565099476960514
7 23 0.8754915368131551
7 48 0.6150832163834972
7 9 0.5588354255477861
8 28 0.4689427889075184
8 46 0.03963024687840466
8 36 0.8119978142478593
9 16 0.6511096454064264
9 23 0.15650916457065633
9 40 0.23962968593010525
9 26 0.38239477243296205
9 29 0.6672752382752656
10 24 0.9725833120666912
10 26 0.11862708781436415
10 46 0.8064802055417891
10 27 0.7913047332827938
10 33 0.5947379914358903
11 49 0.4174332515154121
11 13 0.7175545410074324
11 20 0.5264117118918953
11 45 0.0037921357506336406
11 19 0.4728130078092687
11 34 0.20739566724697223
11 21 0.5891789540466729
12 34 0.8747442945234869
12 44 0.984329386348526
12 39 0.8266937745822607
13 46 0.027862396652956534
13 49 0.5666730658211746
13 21 0.42449026919147304
13 53 0.8064944945006168
15 41 0.9185205914921668
15 30 0.7411774394371144
15 52 0.3788460500994175
15 47 0.33445480113335635
16 39 0.5005472052031296
16 33 0.9241887871692698
16 52 0.5412257687744968
17 26 0.6654925850214111
17 21 0.5279724058409289
17 18 0.6395758150355787
17 32 0.21696258056698492
18 20 0.05508531535445804
18 26 0.24734283038507798
19 24 0.5166964280303278
19 52 0.7533891820188201
19 22 0.12573483273882835
19 30 0.46759413536039085
20 43 0.8971542535231997
20 30 0.8818549135224849
21 31 0.6619013863155636
22 47 0.12889821711485938
22 54 0.31955643543476986
22 29 0.8425226037316578
22 32 0.3257934099725416
22 38 0.24468630863421503
23 26 0.7716115823610136
23 51 0.11432947583743813
23 32 0.6631058059634564
24 34 0.006059827210113222
24 37 0.751902042704015
24 52 0.93211428974006
25 30 0.7660116854668422
29 49 0.46433016574259645
29 41 0.8898477754479984
29 31 0.025819534070190775
30 44 0.7031057917020851
31 40 0.9619940368080857
32 39 0.3719225756615596
33 41 0.8326069375564695
34 44 0.680340518500394
34 38 0.7118090891374099
35 50 0.32747225901066357
37 38 0.932102806151742
39 54 0.800266818081964
40 43 0.9205472754170632
40 50 0.6173820921615848
43 45 0.21281829578480282
44 50 0.9717369224174613
44 46 0.43448888856555723
47 53 0.7430028948808751
47 49 0.3031922887388393
48 51 0.8227991738394147
