30 60 num_nodes_edgedegree2 30
0 28 0.7616014503579445
0 22 0.007572989760646576
0 10 0.597078745162077
0 23 0.4811616714353594
0 29 0.23433814916644047
1 15 0.06378474150702207
2 24 0.2976029710439355
2 11 0.4800678839269552
3 8 0.01857565636925207
3 15 0.8202328347909719
3 28 0.5447044752611593
3 5 0.7182173978781652
3 23 0.6681945469778358
3 16 0.7991842747767346
4 18 0.4930497174382841
5 11 0.13128170256678362
5 24 0.8820038028854248
6 25 0.18870849348479746
6 13 0.19009096643506163
6 21 0.5335040788900949
7 18 0.4664261964302542
7 16 0.004569079715057822
7 11 0.33571495895960823
7 21 0.6015930338702153
7 24 0.4651820189293656
7 23 0.9742997180914872
8 14 0.7357034029382163
9 14 0.9247165320001594
9 27 0.830494576289112
10 28 0.5867508447298255
12 20 0.28232878733041133
12 26 0.9537745422094671
12 21 0.6804740025222821
12 16 0.3565150265504333
12 25 0.32553583507392436
13 19 0.9479984558221037
13 26 0.6103562848172578
13 16 0.37515592720184043
13 21 0.6243962497028869
14 15 0.48024078923314706
14 24 0.0737996509380664
14 21 0.804454294977612
15 24 0.8512122418660972
15 17 0.7964536972954198
15 27 0.8973553541851742
16 29 0.8766746123968093
16 26 0.1374972392704621
17 20 0.9502238775602614
17 29 0.9420223754984295
17 28 0.45456833667820495
18 28 0.43133556853039745
18 27 0.8454176713440602
20 29 0.260427116313001
20 23 0.5492809455183377
21 23 0.7315229785613021
22 23 0.4800725549606577
22 24 0.7289650263504832
23 25 0.2755343778963564
25 27 0.8770497078463709
26 29 0.8847005543969463
