30 60 num_nodes_edgedegree2 30
0 27 0.8032755528857395
0 7 0.9776473605086454
1 2 0.019678107501784337
1 19 0.905646438733941
1 28 0.33199254481783336
2 11 0.5912879122369475
4 5 0.4896279013909308
5 26 0.24793237007344826
5 13 0.28973693154074864
5 17 0.022096725455003075
5 7 0.3965570310781382
5 10 0.5748881192526326
5 28 0.5609145171332965
5 14 0.5935727801631553
6 19 0.7490819915051218
7 16 0.037992255247425444
7 10 0.39821792751745233
8 9 0.4247214554651523
8 16 0.333365625575302
8 15 0.4942882869807542
8 19 0.05144721431188937
9 15 0.1964633346528013
9 25 0.03741386666738988
10 29 0.12206056876299287
11 17 0.360095714526976
11 14 0.9858879166597837
11 16 0.19228569565790132
11 25 0.10755366379150966
11 18 0.06925442080943234
11 27 0.46287308249775183
11 21 0.7249387097274458
12 20 0.3337530717542141
12 29 0.12273668984704045
12 24 0.8086246583166898
13 28 0.4323209302401563
13 23 0.28436368290778247
13 18 0.987573077830686
14 29 0.8236992983261036
14 25 0.6502190262699628
14 20 0.7280506901564352
14 28 0.17355074636386536
14 23 0.6023165843196648
15 29 0.19336019700543838
15 21 0.2839231564296897
16 27 0.9318777671313245
16 28 0.5457765047907701
16 29 0.16195564358444703
16 17 0.6827236124401013
17 21 0.2964136496909545
17 29 0.7561295460788996
18 21 0.2956554567663948
18 23 0.680799714167652
19 20 0.8293308604713543
21 27 0.4611266744809879
22 23 0.018546383514919884
22 26 0.7637158627838917
23 25 0.5794253006003907
24 29 0.8493850914684383
25 26 0.16534439024254466
28 29 0.24564021974276573
