30 60 num_nodes_edgedegree2 30
0 29 0.49312335817658504
0 21 0.4859752237128748
0 26 0.3144578530223916
1 18 0.6512720184030659
1 4 0.33176837648893653
2 19 0.5442742297396775
2 24 0.699124219025245
2 3 0.0021801063325166403
2 11 0.7662451271424221
2 25 0.4887305792068024
3 11 0.16042857043954206
3 18 0.7562050407316919
4 17 0.8838860190359926
4 27 0.0954387427633997
4 28 0.590021049094944
5 24 0.9535313708450619
5 22 0.3217288624672995
6 7 0.7176491412469477
6 15 0.2881894277500343
6 20 0.6973541196268417
7 18 0.5373002796573865
7 20 0.4387600479170426
8 17 0.6294465223714348
8 27 0.47567449905745585
8 21 0.2967622764559906
8 9 0.5960202009099729
9 24 0.028572592822894483
9 13 0.33025675980343994
10 28 0.048405380777392315
10 17 0.5314211740967364
11 29 0.9706477169856562
11 17 0.17017397316908467
12 20 0.719623560030784
12 23 0.016679570730163573
12 28 0.10640023963595946
12 18 0.8846242624913675
13 29 0.6431834087564852
13 24 0.930752413910301
13 18 0.1163122309225133
14 29 0.991198451670462
15 19 0.4341694973325817
15 26 0.007202285439267264
15 22 0.34495987035360964
15 17 0.6144421587015789
15 27 0.8894267848896805
15 20 0.47264035467382703
16 29 0.047703768355638276
16 26 0.5987493640153445
17 26 0.39809173789713925
18 20 0.1889836169942496
18 25 0.37744366753642744
18 28 0.792047023669923
18 26 0.6847827772233964
19 21 0.35981582637414444
20 27 0.5388385350757641
20 22 0.3856532293844004
21 29 0.5930518722812653
22 25 0.19014863464457665
22 27 0.31892753361641546
23 29 0.9315706764522859
