30 60 num_nodes_edgedegree2 30
0 2 0.48765583387030254
0 29 0.7400462150822683
1 7 0.01505172350567563
1 25 0.6682132300874324
1 2 0.5158704091442772
1 26 0.4069691377919791
2 4 0.20307217182923354
2 11 0.5966919673795593
2 8 0.7646867177144913
2 13 0.9758292105034629
3 23 0.26452065433806415
3 26 0.6128540150870612
3 10 0.5254933414293423
4 10 0.12013655086114927
5 24 0.4362096423474848
5 6 0.4520367973492867
5 7 0.9331827817551394
5 14 0.7582262803886528
5 11 0.9524696374286795
6 8 0.8357414679858701
6 13 0.6703421420249571
6 21 0.03181088794290898
6 29 0.5697012863093487
6 28 0.22789618905613085
7 9 0.3657456829507283
7 15 0.2951850894352155
7 22 0.05555852606315814
8 11 0.26807902302512465
8 25 0.9443001567550401
8 26 0.016280185044952766
8 16 0.16028981843250434
8 14 0.49266638013133845
8 24 0.29894116016065764
9 29 0.8828707867902511
9 26 0.5244975488812756
9 18 0.7227775204639989
9 27 0.11289077963327476
9 13 0.18104144304492864
10 21 0.7935970283334268
10 18 0.7759970103860138
12 15 0.7426973231457963
12 17 0.05137382343075014
12 16 0.37215175431417846
13 19 0.6185672138291124
13 23 0.2697713907465106
14 20 0.6915056644780844
15 22 0.9651666877666881
16 17 0.402299727296374
16 24 0.6275676860719628
17 27 0.1934647004297544
17 20 0.973269992340954
18 19 0.9677120280982447
19 27 0.8060494694879546
20 26 0.1131995238288448
20 27 0.7596283616335534
22 28 0.8784319397737992
23 27 0.4681936594769527
24 25 0.32375775309362365
26 29 0.01562741629083264
27 28 0.9022633968884474
