30 60 num_nodes_edgedegree2 30
0 16 0.44314872925287496
0 23 0.08199787164233518
0 27 0.8357912458200651
0 6 0.8378273059454985
0 9 0.39532583202706106
0 19 0.3408456617580088
0 12 0.492775458239298
0 26 0.879306203750952
1 20 0.021357937395686255
1 8 0.40567605144844165
1 14 0.18995999069272973
2 25 0.721544774607721
2 10 0.06727813709118635
3 11 0.02709151400115617
3 17 0.21333892767162665
3 24 0.2591720220503646
4 19 0.9434175941917127
4 8 0.8526354379163579
5 28 0.5187072991100211
5 8 0.23043365552941442
5 24 0.4287025865851285
5 27 0.9863820052845483
5 9 0.3347073814622312
5 6 0.3092536132882374
5 29 0.4793378592888363
5 10 0.7776428759310565
5 22 0.27135297369975575
6 13 0.12100899802869636
6 24 0.28942573478126365
6 10 0.7852620720748441
6 22 0.15777256180927868
6 19 0.41258324440584504
7 24 0.23201301010985798
7 12 0.3403985242894324
7 18 0.6466636807006916
7 29 0.24747866680032782
8 19 0.29992195606098604
9 26 0.5545734188972861
9 11 0.04317154799962253
11 23 0.0786250743600575
11 13 0.7143195698333806
11 27 0.13267954752212807
11 16 0.31073794984974024
11 28 0.9320071909591426
12 24 0.8285300509327878
12 28 0.5723851680893006
12 18 0.7615960388479719
14 26 0.7419970097739509
14 19 0.8287360850905683
15 27 0.33640713855459814
15 22 0.8250517635227916
17 28 0.2717094617148378
17 25 0.972960365950177
18 19 0.7753000646196719
20 29 0.4185303416718623
20 21 0.20340931517842986
21 22 0.016395273826423695
22 25 0.1636081812429242
23 26 0.058266111238459706
27 29 0.17538867811276704
