40 80 vertices
26 30 0.4586067093870614
20 29 0.87786790373901
12 25 0.031846480408982525
8 18 0.2824261461537926
14 31 0.9617911699198027
2 11 0.664318734454616
5 28 0.12837236942357588
6 11 0.3483892327332404
1 24 0.8797493185344203
10 36 0.4407622204637107
33 38 0.028632026370586927
15 32 0.8961816708493071
12 36 0.12987407341084578
9 28 0.6412660792617741
10 20 0.619579856895807
7 12 0.4606660816810936
1 35 0.961985163786831
14 17 0.17655246550171377
5 14 0.6047448911757226
29 36 0.11360377259896981
14 35 0.9655977884311789
27 29 0.14480662928012233
25 29 0.5130519321619571
9 14 0.8326159829153793
14 28 0.883249714790512
5 25 0.0975661904170092
1 3 0.8772861663183649
0 32 0.8426509635375616
10 17 0.31576362796828894
11 25 0.7564780588144951
16 21 0.22707288516812119
1 32 0.15382194005106342
14 32 0.16260363549282186
0 18 0.30874561291554403
0 27 0.8262479177966031
0 36 0.46182111490147704
6 15 0.9890392657963852
31 32 0.8938422544755473
4 15 0.2104608453213448
7 32 0.4334176146710601
12 37 0.06439831235111448
17 18 0.5837206110729669
1 9 0.6092768370647723
11 20 0.5853217095803454
28 36 0.08860312005177073
9 32 0.6113642476739187
0 29 0.11226477616367314
26 29 0.8410193416543026
2 10 0.46134770254563384
5 27 0.0992886682703571
10 23 0.9785536575206111
19 26 0.9440264319866709
2 19 0.3317756177617175
28 38 0.9295956004648088
4 28 0.28502339755275896
17 22 0.5333278619692756
8 19 0.5728743000950097
9 18 0.7904866579699104
0 15 0.06982844291463386
3 32 0.037134325547554026
19 37 0.14867432122841806
8 37 0.384874740144976
9 36 0.7963634203548856
13 27 0.7232833686949335
15 33 0.1078852403255145
18 38 0.7343653620482327
1 6 0.18965229829566843
9 11 0.019312437013589423
2 14 0.4792178088383292
17 33 0.9098455104266501
0 35 0.9060201139940719
13 20 0.4403072653851726
25 37 0.7983616942494537
1 29 0.19369682797265886
22 24 0.15960200358385268
31 36 0.9583678711410027
34 35 0.6711347706003853
0 21 0.172791032563407
6 9 0.3373573434595033
