80 120 edge_degree
44 54 0.5149379540077491
22 35 0.1886481713153758
0 69 0.9529195271072769
49 53 0.6352690810997838
29 50 0.5896618565242374
22 53 0.9404242818240754
31 65 0.09123847868402024
7 19 0.7928524256786783
27 52 0.22314811392015454
50 54 0.25117394866717546
67 70 0.32112440000938036
55 77 0.7394890871718477
2 50 0.9413394116528027
28 69 0.7062377607254028
24 65 0.3167918942808058
35 65 0.12845149846488024
1 17 0.2864339000852407
56 69 0.21754133098344886
0 46 0.5022412680752473
2 43 0.5088081116887921
37 65 0.1156031148493818
70 77 0.208781093048095
0 64 0.8786756411178476
38 48 0.7010222228582054
31 42 0.09491491320965939
9 76 0.8671078678224289
21 59 0.44899493365132404
13 21 0.3842184573031272
30 43 0.8051229931207687
11 48 0.6886186570173524
36 77 0.4363289020744926
49 50 0.3838244962667843
6 45 0.5441906747049473
43 64 0.8343204543762492
4 36 0.7081821142150656
7 53 0.08786560598080262
12 49 0.029798190242237288
35 69 0.3579457903944965
27 40 0.2891993427487628
16 74 0.7785937541239099
28 39 0.6077275888168364
10 33 0.13905950176129223
11 50 0.42131600459802
3 12 0.5766923004743484
32 48 0.48041543197742853
11 59 0.2583437587947791
6 65 0.6896640541094385
28 32 0.2810834816184221
42 49 0.9942350362616084
17 68 0.37891483513085944
5 11 0.50211809476706
4 31 0.8036547266490047
23 44 0.35173290258900225
26 61 0.9011123204532512
1 16 0.5528522224754181
17 34 0.5419695070326049
45 50 0.23740472894443598
25 26 0.3300877957398173
20 60 0.5272086693104011
71 78 0.8191915698031822
69 71 0.1540938582051028
35 48 0.8466206461587882
41 73 0.923456510837628
17 27 0.08049222832022951
24 75 0.6440736900012354
13 75 0.2366340130152207
18 59 0.09919693921539663
16 71 0.976575261711001
18 68 0.24759023735630237
64 65 0.41437869999302956
30 42 0.7041977275538229
10 39 0.6087421860109994
12 76 0.9013614391162638
38 40 0.9754838875248358
41 57 0.4667592944972031
55 74 0.10768302972059984
42 74 0.8366152658929635
33 71 0.15073312479708678
19 35 0.3639889756481097
0 31 0.22239088626785963
56 63 0.8275767845527451
67 69 0.20711891926917092
42 67 0.8123375663784721
1 68 0.5512680378819969
17 31 0.6101754725516463
19 37 0.7454755838584244
23 53 0.34679103528798827
9 36 0.1813056089510785
26 79 0.7418255388389471
3 59 0.6314916910472241
24 27 0.4175899020829198
6 21 0.1849559282710016
50 64 0.1618972593832474
41 70 0.4475611808902388
2 5 0.6771403974634512
36 37 0.3005490726358985
46 69 0.014972980755890375
45 49 0.4605495437699406
28 42 0.23259181781776128
12 55 0.7473151759716187
13 20 0.703594602665238
18 77 0.5026908092670686
72 78 0.08049297616906204
10 11 0.6790046565383508
0 10 0.4655228978392192
14 27 0.763253873009135
14 54 0.7935740796578814
15 28 0.14280402297636718
41 47 0.29126728801226487
1 38 0.5591360265480961
16 36 0.10295528887800875
10 59 0.1670586452801801
33 61 0.7192281109911952
37 77 0.05243268736258733
0 3 0.24682969604624994
38 51 0.13433058213323634
19 25 0.9036680946895194
49 69 0.7110443711872351
31 63 0.7566796727584205
