240 480 vertices
611899874
187 231 0.05866022435597662
127 189 0.9543093364976473
8 9 0.3158948953827083
74 183 0.6185252797663696
54 214 0.5273426245487469
207 218 0.6431087017104925
128 181 0.3206435519192917
46 139 0.3722885855465746
200 206 0.24866626412761006
149 231 0.7666346011683024
55 187 0.4683775253581264
172 205 0.788695303031249
90 163 0.5437086587024349
19 121 0.6232083932801823
63 155 0.16333136670251003
111 204 0.5237047616380859
104 183 0.2468968402251741
23 118 0.5567497894784903
195 212 0.9809570147258079
21 203 0.8388884142123013
145 229 0.39859573432720286
11 238 0.5137329372204247
25 182 0.5801354900579894
22 158 0.8505691806055243
21 41 0.6192808902879907
126 206 0.3592250112266566
42 82 0.969964412956619
157 221 0.7595452506278141
132 155 0.8105387784815029
55 182 0.022288375098834967
39 94 0.49684011690838215
5 190 0.3190858213429313
68 237 0.535473452247294
4 118 0.3405069502673137
73 199 0.03249335951083354
65 106 0.06518002324824212
120 140 0.18932269948611524
147 166 0.6296734292294773
138 185 0.8233125857183213
15 105 0.027039491098249324
201 232 0.41938272922805486
6 47 0.020057757773671137
157 207 0.991310465983186
32 194 0.1545249061045626
129 145 0.37037617093296826
160 212 0.4729552491367853
28 169 0.4279788814935467
163 223 0.11789126814517403
82 167 0.8407993636741035
115 164 0.3213672976279939
123 177 0.46370634745603734
6 168 0.13937701715316886
80 206 0.8502912726748189
81 171 0.6168495328088864
58 215 0.8853344361324849
75 146 0.34268376832520453
7 11 0.5420660729625676
22 112 0.9377689457684503
198 216 0.27995536861353976
81 207 0.5623478497051286
6 15 0.9039705933225366
31 188 0.740967846597754
76 110 0.7092722061333876
5 77 0.791532512234269
138 189 0.2994136055994491
37 146 0.9292875496112409
61 85 0.25116608427595355
134 164 0.5462890465607324
48 133 0.46460617660380676
224 237 0.08832062647643524
28 173 0.364433322895639
84 92 0.24985437172731295
146 174 0.42133581712601464
91 216 0.7120060481567171
34 118 0.8050555908223226
3 112 0.2957385336063578
0 214 0.5008015153449964
8 227 0.6013774242426991
19 236 0.21149203249974946
4 184 0.9516231675609381
24 162 0.9855136451364583
114 226 0.39361780440758476
49 115 0.2876296774786372
98 129 0.938104269089795
4 211 0.3303058579742675
153 163 0.8581146498748011
4 220 0.8713555284745691
52 98 0.345664638026011
13 27 0.7321448288237824
202 204 0.7076359268092568
194 209 0.9696075303877418
75 118 0.28017623865551955
111 202 0.7922025014112977
87 101 0.0031980845337086228
39 173 0.6001113446248348
179 193 0.20119295940911874
93 162 0.5200142828665231
54 189 0.67989481192219
0 218 0.8384751930444576
67 119 0.3419434464706699
54 198 0.7557021051267301
23 192 0.28357997631003706
95 208 0.759345721566585
9 150 0.8292916404423192
22 232 0.08492221341781991
49 204 0.9296392347007519
92 193 0.3678995301932415
64 85 0.6718865906850227
79 223 0.1773638317832057
42 183 0.713429270348539
73 161 0.05506256102095064
85 126 0.15165931653447895
193 217 0.6704800451304245
9 15 0.6406239166300473
38 51 0.16581497815582757
0 195 0.7868174382028595
94 211 0.2791944037584665
178 210 0.6814433264192644
130 170 0.971119728498941
13 161 0.31274930978595317
7 99 0.08307673804229476
139 218 0.04372056405796254
219 238 0.2135344097352091
39 51 0.9409433656795413
60 83 0.9875883500378104
14 214 0.9879591351560683
33 93 0.3919643999498279
73 147 0.11167424664496128
110 196 0.5549626865353942
62 156 0.48171121608133183
16 49 0.8812104725173171
137 168 0.6536675194720529
38 64 0.9467909959023484
7 67 0.23703292722023828
35 147 0.6582395620976327
30 41 0.4309383234223141
36 121 0.15278297528889295
100 133 0.8472811348563651
16 161 0.9548162521956027
96 181 0.10588808475129663
136 226 0.3254792008841857
159 228 0.7167435240247525
182 193 0.2921648674881485
211 238 0.10647463836446458
33 79 0.8078720084855587
50 159 0.1291818428363657
98 208 0.29237764799429733
104 148 0.9769676157634358
50 177 0.3643153527844222
79 213 0.5303165493371012
19 171 0.8244598793663181
83 183 0.7240317986593612
125 207 0.4610032693128836
7 53 0.715925334699529
27 40 0.5283727747677276
75 215 0.6334864334637751
10 207 0.47998381507167487
71 74 0.177438062348936
48 90 0.15084066549837227
88 181 0.03853248698236156
192 220 0.49161766716918787
75 80 0.7751435388109303
184 234 0.04989398901051578
44 83 0.9745096587427281
181 228 0.6151436544331611
82 204 0.3756681078672255
145 153 0.5888918268417763
193 202 0.26623038149810585
125 193 0.7644929946791388
37 80 0.5948814165035461
114 165 0.736798802959132
21 212 0.574221312862486
20 167 0.2350397073062126
63 236 0.46254000242090976
107 135 0.2742633272570256
8 22 0.02474865976027052
135 215 0.9983221248450274
10 202 0.8192718607060795
108 216 0.4170485828431011
45 187 0.9664174013450035
159 209 0.8022287280180408
25 218 0.8518111030850016
77 139 0.0817799393475318
52 64 0.9099990257801128
22 212 0.17583676972197293
42 127 0.516550638106787
161 236 0.8004900894417522
113 205 0.8121398019870192
51 95 0.0013747138684441218
70 234 0.04196351294930678
71 199 0.039077843007632396
156 166 0.5454539096636676
158 194 0.41798886408934177
94 200 0.5091079567590286
66 129 0.367803518569923
67 94 0.2068686483187977
112 236 0.8328784482763724
159 177 0.8235040876293923
16 128 0.4968691538931671
135 237 0.39421080075323833
100 127 0.2635159640004149
151 163 0.6584933335720686
92 141 0.8246346489788028
90 180 0.4971890281182638
97 228 0.17018896631072689
79 189 0.253645249782654
144 169 0.378258546513108
93 96 0.5669662096152008
100 230 0.5986235198197811
64 145 0.3769906035965904
96 125 0.4567039171306829
70 94 0.9033288412955748
39 228 0.002186108379169438
158 216 0.570027656645064
34 168 0.8975577988283007
92 100 0.30211424713865864
191 231 0.2810069638871232
51 220 0.6018183125236053
77 129 0.2873640770970125
151 176 0.5945275509837851
73 104 0.3469269290581095
8 133 0.1368103718417243
20 107 0.36825549420954307
111 225 0.3598169989692076
95 119 0.9271535551956086
74 96 0.6539552148647966
11 156 0.8936134162178105
41 157 0.8809102295343695
51 103 0.8066811887645826
131 212 0.3637269311447112
14 63 0.7401310939613146
43 99 0.46397602278524197
45 136 0.8927928078380157
118 129 0.6201579625388555
170 176 0.9977509483448362
5 81 0.6323165989493396
207 234 0.24914604466511048
51 206 0.6532338732701021
93 221 0.35036323749393183
32 202 0.917785981873226
37 177 0.31697329737206636
42 121 0.441243260519242
60 147 0.17539917919765102
39 124 0.46861846197246426
88 93 0.7018197362311133
36 64 0.3170682763348118
7 37 0.0976798076479467
39 209 0.6583173636629757
104 226 0.06319636250678973
191 194 0.49102951866999145
137 223 0.37152102538040443
108 196 0.6200398936946584
210 216 0.92419194902189
199 225 0.8715224280132083
23 228 0.6714936872894475
149 215 0.5839495204602977
89 182 0.19131178051364617
27 109 0.9950949986395796
118 218 0.017949193764842053
205 232 0.9202330231132905
125 141 0.6900237863694129
183 231 0.536298726654618
106 118 0.7668926697792832
52 156 0.7024222913635262
133 230 0.9304053144060317
176 210 0.5275504514781569
52 174 0.7621341886358669
59 70 0.5756537142248725
72 152 0.3540485922880434
99 115 0.08289785749107725
49 105 0.8302042358811167
37 149 0.8047613464733484
85 198 0.3838671291950354
107 204 0.22318476894590766
130 206 0.9515433329517687
32 210 0.47095923418570484
71 138 0.9611091239965741
82 138 0.765952476349618
63 134 0.43697622268769243
110 129 0.13332634862939696
94 112 0.9409439605860904
131 161 0.9660389455883557
57 239 0.4921694041928283
11 132 0.05518548510441368
217 237 0.19603255565579092
195 209 0.8425038846396079
87 127 0.7980974554576359
120 142 0.8071213881741541
26 107 0.20117579606471525
168 218 0.9127037985946326
53 228 0.8402930229981891
132 143 0.4101831528890316
118 208 0.42524036307311186
153 193 0.9684943423024703
36 184 0.38383463708997745
48 149 0.3116182299998477
77 185 0.9033382735872698
134 189 0.4036410018894253
51 56 0.7103114648491577
87 95 0.5340695822390743
9 194 0.39264407375163823
50 195 0.8111658536342153
69 208 0.7484121390864165
81 173 0.3436446077687446
21 168 0.5874779024064942
33 133 0.7538119994173226
187 191 0.7826620956488938
58 226 0.5534745316544989
45 116 0.47357240151789004
56 125 0.8464288921219877
74 161 0.5926895470937856
157 177 0.7980452776061173
28 63 0.11314701583966513
83 237 0.16651065104487195
93 183 0.8136868011345743
78 131 0.8605715855511925
95 211 0.09371310392654397
23 204 0.6180983753536621
137 226 0.24859203341341973
58 82 0.5713397659110387
106 229 0.621118792857624
95 238 0.4564390195784225
87 234 0.05023103680411156
4 227 0.1737747374784402
42 101 0.6184261653373989
5 173 0.19742679593868595
63 142 0.7625379475226225
73 164 0.7642227636208587
27 206 0.7201193080471957
122 187 0.8950965239144515
102 218 0.2883793079037158
75 228 0.8063436339154956
178 231 0.8841091916798154
53 218 0.9517853399713977
28 143 0.43017571265379195
163 197 0.6234572805086176
76 201 0.1504261437845249
19 94 0.6314465290146185
171 219 0.4479464525925999
49 202 0.6914285755418641
175 198 0.4457966825829912
33 114 0.9300873862707885
44 114 0.9566398805787357
98 234 0.6417619691186379
38 229 0.1933156823656642
71 235 0.8022513198289457
94 209 0.7677756496631089
127 157 0.11425826629232538
12 167 0.08922775826819984
83 218 0.8863739909981027
14 109 0.8424602492487713
122 209 0.5134391078210874
51 167 0.6895698507651462
50 59 0.7371831694562866
87 206 0.139208260475709
8 71 0.39394480660431597
131 132 0.03693005417488271
102 105 0.03272071239792207
151 208 0.11190654533929223
163 210 0.2066133795078149
79 216 0.8161392891836464
8 174 0.8219906907526151
35 51 0.6816148996827264
54 141 0.4617053713557624
39 152 0.5934927132131066
62 154 0.4888141672903443
90 225 0.0385219064371356
110 203 0.033643553255861325
31 166 0.6291728386438884
125 219 0.383749163269439
12 162 0.21254050698834293
160 167 0.3650485717681795
43 158 0.884264354782696
84 205 0.5757002013086615
118 179 0.1470664564693207
141 186 0.4428835807317094
10 93 0.881990711041233
70 233 0.029000879883174457
42 162 0.7664386512673378
181 222 0.542324997471112
33 113 0.7239819047295807
7 213 0.8639708728181161
71 216 0.2724167173676607
125 187 0.6406071213628983
137 152 0.9809441106556065
62 158 0.21650796915047688
51 121 0.9345082777508574
48 223 0.582394936278493
162 236 0.7225195982895302
48 232 0.33428035854365346
51 139 0.21523890443531646
55 100 0.962487812955626
158 238 0.005715954588361272
130 167 0.3710763211038097
25 212 0.2365638224026878
76 159 0.6402793731017465
159 221 0.021241206403271762
111 144 0.8162907446144653
52 67 0.5213983262528845
58 147 0.7491253705980604
80 147 0.8434847563940792
120 229 0.5164302060557857
184 232 0.9542803565052574
204 210 0.230847354087667
167 175 0.03076503714603751
21 219 0.8095980736284953
55 95 0.36984934028967476
118 151 0.35358281574066686
74 221 0.7915088618422687
118 169 0.7690614607553031
29 79 0.767421112695628
63 81 0.3210935826957033
2 223 0.6916761531668334
66 226 0.7976997367240722
58 133 0.863301319198869
148 206 0.45038109876180843
26 180 0.9154367202631868
90 183 0.1410117056600999
27 154 0.47537949573929517
79 192 0.9329252169996386
83 171 0.31678460635752226
60 187 0.3660748025645343
32 116 0.9182938037174572
123 225 0.34070586039447026
35 112 0.3213929327420154
126 150 0.9404291461001794
59 97 0.25039945960182075
9 105 0.11243586371414005
38 150 0.7532382226912749
17 127 0.950981336693938
138 237 0.5202537397858024
200 230 0.22887759280131892
81 111 0.33243332953527405
69 155 0.5458674702908588
121 193 0.12201222488714769
101 187 0.04332991013772847
34 45 0.752535909876312
15 22 0.08662059448555226
226 233 0.449829831278455
185 213 0.612502527623615
158 196 0.8037120658452817
107 123 0.07436465080613353
158 205 0.08268702670041095
6 229 0.6135477758710876
1 123 0.8001166270700011
44 192 0.8944069169178345
100 120 0.098418390983396
96 235 0.9079362838577015
113 166 0.4609618271445499
69 141 0.6360703713917942
1 235 0.5247308145347143
24 237 0.6531939819519972
0 127 0.025057272501583405
110 169 0.0345599101376276
14 43 0.89069060393159
8 158 0.37472284840146897
32 88 0.9877984043323337
60 168 0.7303435366955329
122 161 0.202002138024313
83 188 0.8898831171546849
59 87 0.6188674046696412
34 152 0.6623407783368829
0 10 0.44545832012611375
139 168 0.5971429507150608
33 196 0.7067884512409774
136 181 0.37279857099266056
93 210 0.08238933356712375
0 28 0.5377926353881732
9 95 0.25892208431961583
19 117 0.43856170783785153
54 93 0.5577920263438854
42 137 0.05605229117824195
47 215 0.0339228996790526
142 233 0.25058287535638146
9 207 0.07654382265922755
122 138 0.45838000187012384
100 236 0.05933106837531721
214 221 0.6951746614725027
