80 80 edge_degree
15 21 0.27149111325994557
16 20 0.5419065944744416
53 69 0.7081303437270102
10 43 0.958595711147743
35 42 0.36907866869225125
22 26 0.5327915951705398
37 79 0.37472229469470686
29 41 0.5500903186325748
3 40 0.8415099527809491
8 41 0.9928062363216612
2 34 0.9285407455267378
19 50 0.9383085490615657
8 59 0.05438971809425153
9 12 0.24130065120390864
20 42 0.9460170382964775
68 70 0.5628688113018914
10 40 0.1447411064167936
37 67 0.6212680126015702
22 23 0.9354403775856178
43 55 0.23124572168213364
51 68 0.35334037685851916
29 47 0.17301726812257423
74 79 0.9770270434693455
3 37 0.20391906999469966
19 27 0.25849945841505495
25 77 0.07904121516982932
51 52 0.10145050777222053
46 47 0.01587009986403598
38 43 0.003976912424406787
52 60 0.5274194798699328
16 58 0.2977381864993427
35 71 0.367737424525461
49 70 0.5792628379534555
6 65 0.3148267604405873
53 61 0.7415027402508483
45 75 0.24346894498148042
67 72 0.4970272820035503
46 49 0.3696100600665041
6 49 0.7406448204257586
18 48 0.4510775148906421
44 76 0.2777445786682915
34 50 0.9301161801886195
57 79 0.7808044304655216
15 27 0.3465008116335996
38 47 0.6746716201897096
1 64 0.5036007380214363
1 18 0.04082190533094143
45 61 0.21187529060538512
70 72 0.6563264065117206
24 59 0.011510812976070262
12 14 0.03885359767054686
33 64 0.2672265794371722
0 70 0.4807559527169666
1 13 0.002436932534200298
2 12 0.9785983941032872
23 62 0.9891740779689651
14 59 0.7776933868243149
21 74 0.8548802131261678
34 77 0.9110847720968246
4 21 0.8463753199843561
1 52 0.41944127627181294
13 63 0.15779333724496403
28 79 0.43677829486144926
15 72 0.6450749571997122
5 49 0.8415949565903945
33 41 0.7607189573232341
27 55 0.07298520090604921
21 30 0.15080448229082866
26 44 0.39648725657485984
9 31 0.25965723028141596
33 34 0.3397303990917946
6 25 0.7893066169546663
35 40 0.5325807839552859
47 69 0.6476715322374964
44 61 0.995775371234062
25 57 0.46215008341182795
49 69 0.5837682112235952
3 47 0.9890074817114716
31 63 0.5656346049362667
