320 640 vertices
893939469
21 199 0.6293702057674703
45 129 0.43815078248669503
87 144 0.32221017854005174
76 134 0.41872339898159605
165 310 0.09041527467199384
68 130 0.512261202246994
103 246 0.7868139353465692
46 139 0.3565780045208714
40 315 0.6236893924772794
97 193 0.5585584547820461
80 122 0.4797692291790605
184 216 0.17164343220437317
243 265 0.48057279913884166
94 133 0.4972712339025608
51 82 0.023648310258253646
234 311 0.8574710096650844
12 109 0.7372662066233695
9 211 0.6277447208958677
24 74 0.25411699378537855
182 282 0.6319240691189618
139 311 0.856033625937846
95 143 0.4521982441807805
318 319 0.8944157128101614
216 289 0.83288418532921
12 212 0.1683073276682988
268 299 0.4101994929621736
122 254 0.08466558897948806
40 301 0.5627450752387648
98 153 0.625088793268923
114 268 0.4799221004067452
13 213 0.38018462451376667
33 280 0.454174978119365
134 183 0.19481893511381554
113 160 0.9589621478017274
221 251 0.6230210615025001
88 225 0.8997751485394359
20 81 0.3776606322412739
35 231 0.3937461592178103
225 230 0.17223508237154328
6 164 0.3227459535859748
231 273 0.1102741909193995
124 147 0.2462956543400706
2 310 0.4217599781240188
132 249 0.7611086792378045
265 284 0.4276899134775589
135 156 0.5185413710504576
204 274 0.4428875894224702
57 264 0.9592933282499748
67 305 0.7731328251277534
216 257 0.6746659626914765
16 92 0.8661569922756054
65 115 0.250372093763063
22 162 0.8773231535037482
7 110 0.3406709337217775
186 261 0.11697800780526368
207 293 0.5872309345488673
161 186 0.21831756976657335
143 299 0.8378760935271274
88 211 0.6776493957328074
99 211 0.8702590363502473
24 217 0.205129232520061
25 271 0.14615031279839907
102 118 0.107491311500574
54 78 0.7895198725756678
136 269 0.394933275352092
39 89 0.7442826370776762
224 242 0.3036512636688945
202 214 0.6606902064536205
231 250 0.6372155130843187
28 187 0.38391620444917773
97 268 0.17286055863024807
219 303 0.9416517137884097
86 277 0.42901995941096094
50 220 0.6391553939055744
125 232 0.6168353034453201
185 255 0.03179250495099528
220 222 0.5914469682267048
109 144 0.6913739121148023
50 67 0.5670283797441411
60 260 0.2169520096346732
43 189 0.8584544171514705
69 89 0.030380541436583752
24 185 0.06545604954675255
185 291 0.08389321210987111
30 79 0.38747064607519643
61 94 0.589879532667547
138 216 0.8979382762464111
4 225 0.03951348868766014
4 234 0.8414171698644511
140 225 0.5993060839274001
102 131 0.19829168163940192
72 90 0.3624651022128176
182 249 0.6035567239515969
117 278 0.3303732606476688
15 230 0.6365074476789606
38 232 0.03113596058754131
43 72 0.6456374926601384
89 268 0.45014891034711846
81 175 0.07107508812405483
267 302 0.015458751768947843
16 64 0.014522483218780469
16 302 0.4465592424039688
1 313 0.5166152632312095
99 318 0.8039295937498655
156 205 0.9850536812765522
168 170 0.645040071914947
226 288 0.2116264299608387
24 171 0.04570370201793705
30 65 0.3416902093174212
197 260 0.29449314942150506
88 201 0.4381760785367178
87 245 0.35612327436055136
105 290 0.040090014507067506
191 293 0.8992513251477188
9 164 0.4237374481943451
83 122 0.7827206042613836
84 87 0.3878293789074767
141 203 0.8363365298797815
95 96 0.3783076597774694
104 163 0.9672425539431136
33 130 0.381898891885597
68 69 0.0015580766477453212
217 296 0.2013904135711947
70 286 0.7807053191960718
71 251 0.35440343707609645
196 273 0.04829930622788192
23 174 0.7292950156036617
149 161 0.12235414657743127
146 263 0.6294069386136322
15 81 0.8017639035334784
58 61 0.7804327368595637
156 218 0.5842028836939287
180 185 0.04420280558764078
58 308 0.39759638495707805
64 202 0.5590427311859697
72 215 0.7581820669832062
195 304 0.05494380294806123
229 306 0.8095137502239066
43 188 0.4408489573829091
55 153 0.9686875460315043
16 180 0.6680596944858201
171 203 0.8335742090050073
111 161 0.5336444415966143
218 296 0.15770650440270173
157 277 0.5565178209469913
83 99 0.962666313507055
211 266 0.8420014650980541
108 128 0.27259228209979436
286 305 0.2785921411961164
208 215 0.968433230021599
193 226 0.19549582595843296
86 100 0.6045859938279272
20 164 0.9676440109158194
85 144 0.34869646685759703
237 269 0.12039645735911919
279 284 0.6736426756779942
20 182 0.19466681117014417
52 214 0.3412417991178224
229 274 0.9265774618022464
229 292 0.45000665820979147
21 263 0.31380317297550675
146 285 0.5451896008638016
45 193 0.2097921459740011
17 149 0.5277985487614228
25 251 0.36537516307814943
242 258 0.8864481283746772
62 300 0.4531084906418522
136 249 0.27516501896934775
139 245 0.9783114405525773
109 241 0.5730731458149129
157 290 0.8009467967361926
152 184 0.8830526253043408
7 193 0.24708606291079405
54 314 0.9411183959665772
2 96 0.6496238401791858
61 182 0.4803965460043952
118 289 0.24041452113801753
7 211 0.1832467511448188
175 204 0.7547624417701762
127 136 0.7871174180231629
14 88 0.8284551646041691
88 312 0.9660813352997589
174 226 0.952272771411663
21 231 0.6991037389353322
35 138 0.6035495643444244
89 127 0.45463288757897347
127 230 0.8896392036385404
112 278 0.25074967904805956
164 279 0.24457998888752364
278 301 0.44235163463559213
126 185 0.844164399977756
76 175 0.9165814699503152
77 140 0.5020563635369024
30 77 0.668128850622424
128 231 0.9457898080684891
45 224 0.40364584731196695
221 279 0.8298309543690146
22 231 0.16642929618930002
4 281 0.21903919600243404
39 311 0.9461802192018578
51 276 0.10816659305930576
53 57 0.2437952596683418
67 230 0.5991163654755294
64 66 0.7732920127294252
56 62 0.3490600117283611
275 277 0.5913203323060244
16 264 0.38642490544520125
162 229 0.8854227774469536
34 309 0.8419800610926954
77 270 0.7788823433771762
112 237 0.49161893538434265
248 259 0.00802274017859339
183 288 0.11161796054910478
23 159 0.6319317742303264
3 101 0.32824123298719077
106 175 0.8483290578776839
13 133 0.6695745340710115
18 62 0.4231047585385096
107 158 0.29110769952570525
104 260 0.5043096060157163
118 167 0.6088064258767943
206 289 0.07044668313657687
111 128 0.04990988138610286
55 138 0.65888489674685
30 292 0.3170036503302588
85 228 0.04476566447674202
65 170 0.5893926470034497
105 252 0.07909798794537404
168 253 0.16023283077358874
163 184 0.37980190819556303
103 282 0.3432299034902053
207 272 0.3797298720696307
51 253 0.6034810433473115
263 280 0.1516263773037797
52 78 0.587175925937779
160 267 0.6741464759849484
98 194 0.30562207421102805
79 190 0.057025728267064535
178 312 0.46140882719019904
86 247 0.2796310703365631
22 55 0.06994153016325733
25 88 0.5014840930880187
136 315 0.3650967577997687
87 319 0.128917585614454
193 202 0.18228638462050606
56 313 0.3313129766843891
103 156 0.8883380333240976
254 316 0.6088491460515337
229 241 0.25840314990954627
80 261 0.560617938980244
77 283 0.6907404609870454
26 70 0.09265115984287653
98 315 0.7198250455731111
143 237 0.6817623134510699
30 49 0.37983458327537345
120 190 0.24016829664289518
133 309 0.39031411738954624
52 55 0.11358866920642807
65 174 0.09353680315710344
171 192 0.8963096485003641
181 196 0.7348120530468292
95 291 0.7016820699002506
15 191 0.23047977620065374
18 187 0.044413495458424435
106 309 0.3699562452760633
136 310 0.9131410484783282
39 130 0.405334406460244
5 226 0.7854071064008382
296 308 0.21206867883263114
165 224 0.5239054649360507
182 304 0.6628439139797319
55 74 0.83697688659056
131 231 0.13000461282923892
155 216 0.8959407040969449
147 175 0.6250214727346992
59 99 0.7075449593978352
101 306 0.1367836811687706
170 186 0.8861426367263125
0 269 0.6929217515237983
56 182 0.12310964108121625
289 295 0.5393901262385409
63 87 0.26746679844170573
103 272 0.436891818528791
122 285 0.9596866162296039
57 174 0.48946026729631664
94 312 0.6959575744809926
243 264 0.23280043696130426
168 270 0.3095913751194398
49 179 0.21078925090146916
78 215 0.4000749431645444
224 269 0.17774696627152853
10 80 0.7242097862333337
163 277 0.10963139188923277
236 261 0.458889237308181
102 181 0.7441668483139576
236 270 0.007864684969059232
174 197 0.5254136969572878
12 135 0.6091534634078397
265 315 0.45805499853083265
124 187 0.943070774224704
58 251 0.4804693135912794
53 145 0.30878573857238667
78 318 0.15320092008085173
250 272 0.40371323017921934
7 276 0.6769351612292416
152 276 0.11331403052260036
206 256 0.03267030236120516
93 199 0.35274152265369174
9 75 0.8101254636690483
5 86 0.22474352604503578
206 265 0.47203849506271145
113 312 0.9473860341895137
148 153 0.2339701880077366
79 319 0.9595472951933244
63 73 0.606187256597862
174 300 0.12355634676685756
219 222 0.8938421174565612
58 125 0.4371842719294927
27 119 0.9210517444974321
151 185 0.11135820180576106
142 204 0.6405403110760506
178 288 0.8823750847193984
70 197 0.3817987511044135
106 281 0.28316915614976634
43 252 0.5327866784416377
113 186 0.9585187295287728
119 220 0.1572394661623132
144 164 0.5266547906299375
159 302 0.5566924381192875
196 211 0.9557147818237194
139 305 0.602697385981473
77 241 0.9418816907633486
177 188 0.4216566190856751
48 214 0.1172886975770423
43 108 0.8731370586031212
6 208 0.8261203524810873
131 230 0.8771042686942696
113 280 0.9196077316284115
199 203 0.43077734293225545
116 196 0.5176528053893626
47 87 0.3593496247791498
79 305 0.16926128495700565
11 250 0.8711981833432503
63 288 0.6146864094293393
251 259 0.7867638260277613
193 299 0.40374198575217235
56 172 0.44451047629664975
149 211 0.8253048021241772
299 317 0.8151024048644359
100 117 0.8849648788269658
169 189 0.15694377004020532
177 300 0.07707424279345232
59 174 0.7504304368402975
59 183 0.9338634216729412
83 302 0.4621581175264906
94 302 0.10366145398462101
1 223 0.2847049100219582
59 192 0.8134902672025192
87 263 0.27222162235782676
126 245 0.597020745148513
197 296 0.6105071394520738
51 62 0.8558402038487556
73 108 0.4318899765487042
5 202 0.7779253209034318
182 262 0.9067233430803422
194 227 0.13030867123422696
173 204 0.7354691634003773
109 287 0.9533201956761607
155 165 0.363774323630252
146 196 0.6928489548404123
194 245 0.4039723981453106
194 254 0.7493060162355205
53 126 0.3756123362506404
14 305 0.6631800156003284
1 97 0.6880481245006178
8 249 0.7326694534418496
228 261 0.9552666502803836
80 97 0.43027138298348067
94 270 0.8460877754749783
15 126 0.24555320158429572
137 250 0.26275447422199405
98 142 0.9423754341163313
112 315 0.6648072470929105
168 228 0.8877644212819482
23 237 0.11014815685812196
260 311 0.8196391957323647
2 25 0.6843228688836773
13 211 0.1476969698757975
121 162 0.2465059573055517
186 282 0.1658919375708645
25 36 0.491269252388581
189 278 0.04973090402312097
82 170 0.8912159589234477
63 184 0.6938461034841027
128 304 0.6911969697246063
15 247 0.5972088875435773
258 270 0.36891370330038054
59 70 0.3610375309255528
139 142 0.5181583675362558
71 282 0.8855787311592075
185 267 0.048814293974837386
245 318 0.42517837200069475
92 103 0.49899038351429903
113 135 0.7628764118393312
43 210 0.05142798695549644
13 206 0.23066349090061156
62 80 0.07858566039713588
107 231 0.009381035082415834
75 126 0.014526985307571905
66 68 0.2609508114063005
139 290 0.1199696357887281
120 286 0.6417927425837026
195 200 0.11438017072716933
200 315 0.09815404491888202
55 58 0.991321159428942
138 178 0.4309666035759705
94 242 0.3064730495743645
83 251 0.4216880390056805
57 122 0.9464886481513687
96 190 0.6593715848455234
12 218 0.13961745464541364
178 241 0.3202122241577281
261 275 0.6603161657701825
13 48 0.3314956759048877
147 289 0.38820155075845186
183 221 0.7633107181076118
35 57 0.4161708356971143
61 195 0.6874939193301134
125 216 0.9647621114472672
144 238 0.5546536499325553
156 203 0.462849166422059
209 215 0.17481816521250793
256 308 0.8423859704408846
134 319 0.1377140303991049
20 208 0.44116326824172214
257 282 0.10031630992613605
49 113 0.882301864555938
124 265 0.23199248722983212
197 249 0.8480922306449517
75 269 0.932712264897009
178 263 0.7342838958125324
12 60 0.6130680367904372
30 108 0.8612472336861297
293 311 0.8262105644365884
194 198 0.1352839557380493
120 258 0.128889980419146
169 272 0.5414369173300526
61 181 0.8972844427635484
246 254 0.41268067026312794
104 161 0.5198044062971863
1 50 0.42268274104785386
123 174 0.03449309651159571
169 281 0.7059928213375227
77 216 0.870696144574947
120 285 0.9427326894924775
7 228 0.3240813081967088
80 212 0.42770557706237766
184 306 0.5783049592650386
127 162 0.14608854947290617
102 227 0.7663443907240182
125 229 0.7831060390382572
31 185 0.8120908972623356
37 116 0.49493533997002626
38 81 0.32821637733385955
63 254 0.22524522934574465
74 174 0.05373669165531969
195 293 0.2813510818641364
43 186 0.7176608395704215
213 216 0.352715829798931
105 274 0.21039283030983635
145 319 0.09730644443722203
192 269 0.22183525498818735
118 301 0.8312565368149879
142 277 0.29975329556293573
134 282 0.6909781587126129
134 291 0.9429818734293409
146 256 0.3498431078776688
168 176 0.16881809855488927
29 265 0.010290542959174531
118 166 0.7538020385304895
195 306 0.3402605446161854
72 226 0.846294821051846
198 302 0.04152457055037173
82 118 0.9130004434683369
85 254 0.11954000945260768
108 256 0.442443901449993
211 241 0.5446724457035963
4 46 0.2825392249891773
58 175 0.8502447636083185
221 300 0.7130942568148341
138 293 0.15675191452944515
34 65 0.2190251980996284
263 315 0.32947099941611313
30 174 0.3339606128114827
93 123 0.2866086926940542
252 305 0.24680931198413414
101 243 0.8842396027046743
150 294 0.6292596290229131
264 279 0.169173901447484
84 178 0.6383048298228489
82 257 0.15887945382152258
123 258 0.24956598592025514
138 158 0.3908455553195288
104 263 0.9054300554327667
180 276 0.4279540418367479
109 234 0.6950985013720101
120 243 0.2516294602515442
160 279 0.2962203987986365
13 266 0.36203596994244613
184 255 0.9383479162054482
73 140 0.23102597019180782
286 293 0.32643691114132056
53 91 0.17160828779855553
236 283 0.0344188104874964
171 312 0.22928117207410958
154 241 0.3570649160879641
74 132 0.5948393335084109
66 128 0.5621670779666071
156 192 0.21376120343186422
61 278 0.1553075042100741
107 156 0.6443864217968126
189 207 0.13148318358167033
141 316 0.9927366421926256
2 228 0.999155048265984
134 146 0.48126365093343126
11 66 0.4430451883815212
31 273 0.6196694239434002
203 236 0.3797135673412837
4 36 0.191712262609659
59 219 0.23727890195537293
132 212 0.10141978550268549
74 100 0.26152704606674515
169 270 0.8113302143410349
23 314 0.8194436983203656
71 211 0.8908476775630073
64 86 0.7224897132319816
144 195 0.5445787882602264
108 129 0.5780260315749779
3 85 0.5658711735828934
214 277 0.6344750107441018
194 308 0.7313073243055863
164 276 0.51111722688916
251 281 0.9110658380252282
42 287 0.5493160039152396
76 172 0.49155031743087174
119 152 0.22670745904556777
303 309 0.5341952057712551
232 267 0.8203646643726565
52 318 0.5688806531315406
4 40 0.7972139586777298
89 245 0.9496010385283113
142 266 0.6425995604102254
17 253 0.9419633594987676
46 289 0.4081640902062925
83 198 0.6913000403759857
29 236 0.49133391255701
144 275 0.14284048434265506
218 224 0.7798949800830383
106 181 0.402125126906146
7 297 0.3954960731937671
199 220 0.4456786153207891
47 104 0.9488840865708255
79 84 0.3712731578894378
54 238 0.7859535273468116
107 164 0.9648343271441601
21 70 0.5013097113889501
102 305 0.3867081338218261
112 117 0.3822549844668559
160 255 0.8511390924575294
87 280 0.5586317584451489
69 155 0.8456296397246257
43 255 0.5461332466937869
84 293 0.8089190859509644
125 145 0.6317800181967778
72 300 0.5025089296956816
19 163 0.5513180027034532
42 165 0.8882374549411974
17 230 0.6252736739006712
48 199 0.9015188395712346
22 70 0.009845165689865487
53 314 0.6571326434255722
107 285 0.8187440128438039
51 115 0.9587531980319185
202 275 0.31578709653452675
226 242 0.8964283654575691
132 287 0.6748018963369687
3 313 0.10066158444182971
67 87 0.26741626476740077
75 189 0.6713146246463088
206 245 0.0496917814387251
115 234 0.8341100868794141
58 276 0.9607311455377817
17 86 0.816956074273978
132 314 0.025762378713675704
136 186 0.09539018035925817
100 111 0.8401811138818758
192 194 0.2447086045696617
14 178 0.28386831400792567
73 264 0.1904058720320606
5 120 0.5375861034033098
148 178 0.8235474562658244
14 187 0.8461357666165217
66 225 0.7649975126782256
151 174 0.04091848336627535
84 270 0.25791405568415926
203 221 0.5588483436113243
192 230 0.659325300977405
203 230 0.03993399559341504
27 144 0.6661981600462888
45 49 0.9703881380442964
100 223 0.44914846087855265
103 130 0.6315627366167724
128 303 0.7026049392263394
14 52 0.1713275605788792
28 225 0.08425717213961081
20 132 0.8388613673037492
68 270 0.551909601589232
111 250 0.3565867212626076
226 246 0.715184419506456
198 236 0.7926050843922161
133 265 0.34782877488165576
1 118 0.7155554167197755
26 291 0.34846579701823654
76 121 0.907377159018238
141 278 0.08262696052936469
215 316 0.33413645921849644
40 46 0.2317565927300025
208 286 0.6549485349360016
36 103 0.36474239609647185
37 157 0.14122755144087373
45 170 0.250679818356922
85 224 0.12973647462641924
41 56 0.28827922769835357
89 194 0.24253279636748404
203 216 0.6130308807113506
169 223 0.48917769232901387
202 229 0.8759242383201675
111 236 0.497369856674183
