80 280 edge_degree
21 71 0.309585336204264
7 17 0.6559568028801646
62 72 0.897430256623686
32 46 0.6254499995349947
36 62 0.26125227996679334
27 59 0.5488211761076858
44 45 0.554802907690706
2 39 0.7646168173732196
50 61 0.4907320862411827
56 74 0.6528013500962937
1 49 0.9378388718189977
3 13 0.6563112903087942
10 61 0.7613460755422797
19 73 0.46844884175370716
5 19 0.6596878440413178
17 21 0.8622002555826215
60 74 0.8698193469636545
20 47 0.6497160926402039
48 63 0.47733262706280943
65 79 0.34794112573588964
9 26 0.27303772202999144
52 79 0.2976764959656386
66 78 0.5405181373602068
68 75 0.021066686030276727
13 72 0.5996066261849436
1 79 0.09575178019746255
15 78 0.8960723611966683
6 20 0.6979424607881269
19 39 0.14098994327788883
67 70 0.41494494982924135
8 48 0.8301803385328022
7 28 0.9560455120916483
1 42 0.7427388675418233
13 44 0.2631657222774617
42 50 0.5554989335808048
44 47 0.6503831778691473
20 22 0.49726501753625507
36 73 0.09283720533108564
0 53 0.36714690296308616
5 76 0.5737119947418095
0 7 0.8957522657474184
32 60 0.946941485878492
29 52 0.8391779265101351
43 69 0.5694983825492437
49 64 0.07145787184965258
40 61 0.9285126688016422
26 71 0.01895457153985214
69 72 0.5021983038560599
7 12 0.884975848687376
10 29 0.1275017602962264
19 50 0.906836463619693
36 66 0.09093862622824123
27 63 0.33014821238212766
17 62 0.47368240383893845
11 55 0.8315763460581179
19 68 0.2231381631502639
30 68 0.9189751742281116
0 9 0.46837902533046305
40 45 0.41010603591372286
74 77 0.4871210071000981
38 57 0.8927658207286648
75 76 0.2548154022876088
57 70 0.04057641666450107
18 60 0.09706353460079753
13 21 0.6850571459615541
30 34 0.7912193261482209
47 50 0.9031441123119814
33 42 0.30864686152885223
49 78 0.9667017750821806
27 65 0.035306438074521274
3 65 0.3492639608387639
5 7 0.7694923647068049
65 67 0.9807844817292964
5 25 0.09266017436298524
4 27 0.9055222761592584
13 60 0.7395577744344303
12 40 0.9057473399361591
7 53 0.8685299079605237
35 69 0.8026076813743994
16 74 0.44508071881416356
10 33 0.5841948780634606
20 65 0.9975629373461473
30 45 0.01728561758817382
34 64 0.09466546696830302
27 58 0.7782463734088121
59 63 0.3754145662918401
28 57 0.7587000868870564
10 51 0.4739170154921719
12 79 0.7530055402636782
78 79 0.5549511213457796
4 75 0.062358314605308274
11 68 0.41754591718689427
41 69 0.2689500667962895
18 46 0.8228310314367754
23 42 0.6854828749714397
49 61 0.12075600252694108
16 67 0.09113274601558186
28 32 0.3407195743312045
37 44 0.5779161046840267
36 54 0.9242036292414769
2 31 0.7669843761148926
19 47 0.6237034803438172
3 60 0.5893095830689409
5 57 0.7625021237281595
22 73 0.17983828457873496
28 59 0.4890725889839983
9 55 0.027023611957863847
34 75 0.303256571376453
37 62 0.17065404771034776
52 53 0.6564579036512542
46 49 0.4037829553965411
13 46 0.8563241587249533
5 75 0.38821613253884013
23 26 0.5767834213259779
29 42 0.6275942970130016
7 39 0.6505332583610091
1 53 0.31967377106469275
9 73 0.34407555135963586
41 71 0.9500244036211216
44 58 0.48382217941594896
4 31 0.758348555425525
61 74 0.1562440174906491
38 63 0.4462329303829059
8 77 0.44818046109587273
44 76 0.08624276916550955
2 79 0.7564911386319724
5 41 0.01903918959878259
16 23 0.6174486802941157
48 76 0.41846664546472223
54 62 0.9909561088745502
3 53 0.10017305321718928
3 62 0.03982915969324763
9 57 0.3508168065383003
12 74 0.34798577445715373
13 39 0.47019590150517865
24 39 0.5206356720460923
41 55 0.7203543557534988
50 58 0.3080298197650585
13 48 0.8012152979721382
5 77 0.4676526862886303
59 79 0.3125477803898853
49 56 0.6536031213599063
16 53 0.162621240372527
10 12 0.9401438766748281
25 65 0.17203907615835157
39 57 0.6579271652685823
28 36 0.30716564300834825
47 49 0.5303075364523343
8 42 0.9871756531995677
73 77 0.05238399757650514
11 38 0.2869453792652392
40 74 0.5177895630930633
6 17 0.6310124908045008
22 68 0.14419727213087208
45 70 0.4405986940014447
32 45 0.06201600849542155
18 25 0.6262075818851265
13 41 0.5561486683186203
24 41 0.031813281646940306
41 57 0.5047402283648256
58 73 0.5666355676188501
59 72 0.5083928080864327
12 30 0.1606219736804142
43 63 0.6170002312929788
47 79 0.9004143108553877
24 59 0.6183395573205132
7 52 0.00520790328313625
10 14 0.41794739565551153
1 11 0.5341394405740572
18 61 0.37022944972530625
20 46 0.9709497184493391
17 38 0.46051844662891095
12 51 0.7406103379528349
56 63 0.06590833704228671
15 22 0.86905823920679
4 65 0.697848788607564
43 47 0.41468183130972236
9 61 0.5496499565081985
12 78 0.4311208078429106
38 42 0.6291229693542542
58 75 0.9515932858533585
61 62 0.47840155943245377
1 50 0.4929971313764002
15 49 0.8028945414140355
6 46 0.8883127017048692
16 48 0.6894265594952712
18 45 0.49301619671815444
44 64 0.5604915427782533
26 58 0.3893982925856534
10 71 0.895865984897686
33 73 0.40012659060935063
34 38 0.5147222059158785
2 67 0.2609996168025658
2 76 0.10166875400168351
3 41 0.5845655500689907
66 79 0.09992192304529235
30 37 0.8167452982289396
28 49 0.24540342468371223
12 62 0.040720082244256495
11 42 0.19579891361415647
23 62 0.30455145717998633
26 79 0.8851919753974229
31 75 0.3961354094780357
6 30 0.1557155045379358
58 68 0.8541383451286211
43 58 0.7144359620776205
18 38 0.1926690821460435
47 74 0.17827569919592445
30 67 0.8058337609113922
42 69 0.23833071914907722
11 63 0.47642909423827395
8 76 0.5320787101303485
7 56 0.8655158953450971
1 70 0.06023709193776827
9 75 0.9032566229630502
19 76 0.40752210800483024
22 38 0.3006979777820856
25 71 0.3345071879095972
46 69 0.5755556803447905
14 43 0.8074002468645594
5 40 0.8903250990778439
39 72 0.7654809475235503
29 71 0.22586596444095508
54 70 0.2520778572151755
22 65 0.5926972825964948
5 58 0.5998987244049554
4 60 0.8673492801799404
7 77 0.482257618005265
20 77 0.870708623242557
21 76 0.6582889391923875
55 71 0.5089937648720957
16 34 0.9589563908341479
18 31 0.14136963181952023
36 67 0.6337952958980664
15 44 0.12618365637416928
50 66 0.797292312780774
58 79 0.8925475339938326
60 67 0.29849572716252615
61 66 0.6730759068806758
42 71 0.579082158817671
10 11 0.6709662462838306
2 62 0.2026194963230301
65 66 0.49819103384852115
2 7 0.5304651681954345
25 73 0.475244180077505
20 52 0.6184441048115894
22 49 0.021869524192483225
45 51 0.5984664034977836
20 61 0.014089095554873032
31 61 0.45727863732315666
29 73 0.20835469598605993
32 35 0.13856478399591066
16 18 0.6380526050280598
7 15 0.6012549237765235
13 31 0.9104878309858999
26 28 0.3290318267615111
32 44 0.14664889477502485
64 67 0.057056241053211165
36 60 0.5096655601375762
1 38 0.47375583115551
24 40 0.787980330775673
4 71 0.39383155663655334
30 53 0.4559468875463275
34 72 0.9229212329692279
1 47 0.897074643472738
43 53 0.4643878290814064
47 60 0.5583262511097696
16 45 0.23213501800815317
47 78 0.555247184595743
59 71 0.0657558341651624
11 58 0.6047292648391847
2 55 0.6708347170161421
28 74 0.2706201865693425
48 52 0.196568389021901
59 62 0.23575727367743182
23 41 0.2730556623745609
39 67 0.6116960255914187
13 15 0.45564340122533675
12 59 0.9160876253767034
