80 160 vertices
15 21 0.27149111325994557
16 20 0.5419065944744416
53 69 0.7081303437270102
10 43 0.958595711147743
35 42 0.36907866869225125
22 26 0.5327915951705398
37 79 0.37472229469470686
29 41 0.5500903186325748
3 40 0.8415099527809491
31 56 0.9928062363216612
38 71 0.9285407455267378
34 76 0.9383085490615657
12 18 0.05438971809425153
3 15 0.24130065120390864
8 66 0.9460170382964775
20 40 0.5628688113018914
0 71 0.1447411064167936
23 36 0.6212680126015702
22 46 0.9354403775856178
9 28 0.23124572168213364
15 62 0.35334037685851916
44 77 0.17301726812257423
16 70 0.9770270434693455
15 25 0.20391906999469966
8 41 0.25849945841505495
35 37 0.07904121516982932
0 37 0.10145050777222053
2 34 0.01587009986403598
19 50 0.003976912424406787
8 59 0.5274194798699328
5 14 0.2977381864993427
9 12 0.367737424525461
20 42 0.5792628379534555
48 58 0.3148267604405873
38 57 0.7415027402508483
68 70 0.24346894498148042
13 67 0.4970272820035503
14 44 0.3696100600665041
36 41 0.7406448204257586
10 40 0.4510775148906421
1 37 0.2777445786682915
37 67 0.9301161801886195
22 23 0.7808044304655216
43 55 0.3465008116335996
51 68 0.6746716201897096
29 47 0.5036007380214363
74 79 0.04082190533094143
75 78 0.21187529060538512
3 37 0.6563264065117206
19 27 0.011510812976070262
25 77 0.03885359767054686
16 74 0.2672265794371722
9 53 0.4807559527169666
51 52 0.002436932534200298
19 63 0.9785983941032872
46 47 0.9891740779689651
38 43 0.7776933868243149
52 60 0.8548802131261678
31 37 0.9110847720968246
13 53 0.8463753199843561
16 58 0.41944127627181294
35 71 0.15779333724496403
49 70 0.43677829486144926
6 65 0.6450749571997122
45 48 0.8415949565903945
27 42 0.7607189573232341
53 61 0.07298520090604921
34 57 0.15080448229082866
45 75 0.39648725657485984
12 72 0.25965723028141596
37 71 0.3397303990917946
67 72 0.7893066169546663
46 49 0.5325807839552859
22 27 0.6476715322374964
6 49 0.995775371234062
14 32 0.46215008341182795
18 48 0.5837682112235952
44 67 0.9890074817114716
44 76 0.5656346049362667
1 71 0.8083952541848588
19 22 0.7674205069983204
13 18 0.429735456084242
34 50 0.27836808651832945
20 60 0.5673807488689012
57 79 0.29245328430555617
15 27 0.38649176366835336
15 45 0.009692260953303333
38 47 0.9715890788386732
51 74 0.9532602415878096
35 57 0.07176390547426692
25 56 0.20655499072383054
1 64 0.27936787354993065
19 79 0.32112606329779236
1 18 0.2950318002230602
46 72 0.3504932066824433
45 61 0.5953280245062318
3 9 0.16457799807000206
35 41 0.12051192083807971
70 72 0.7140491839517003
24 59 0.18610294122292015
45 63 0.7920990274673998
12 14 0.17344749455893893
1 41 0.9842652594482331
7 45 0.11057302195429342
33 64 0.46750330378463245
0 70 0.8583845270227206
1 13 0.8209325002213967
2 12 0.7846961691214652
12 44 0.7050162828983612
23 62 0.9287593773883349
14 59 0.18655493097848452
31 75 0.8507520043297495
21 74 0.931692778444777
6 30 0.09669633356884011
16 32 0.6021569197652334
7 29 0.8702865364102408
10 46 0.8728157583473353
34 77 0.9856454372200057
4 21 0.27395046005484824
1 52 0.7073023152105121
2 51 0.32182367941752776
13 63 0.3348211490015116
28 79 0.8954803582792581
19 30 0.2310615625838831
3 47 0.32518966795130344
15 72 0.8382331908702332
5 49 0.634248267010477
4 51 0.5450769742067542
20 68 0.7926403244421412
33 41 0.9964802524151908
24 38 0.41398472048330714
27 55 0.5885543673919762
58 70 0.028497189024185965
8 51 0.6498249700006322
16 34 0.014701178555574845
21 30 0.323298111291602
26 44 0.44365269555461284
30 60 0.196007212683055
9 22 0.6455952812341557
6 53 0.9826452072852412
37 38 0.6239795976978152
9 31 0.29509503620247357
29 64 0.8912994733496866
33 34 0.9520534331902835
6 25 0.32327898917637854
21 78 0.7324360581152591
35 40 0.973561700992422
55 73 0.9456706503501856
47 69 0.5512607762991731
10 59 0.6894990713244987
44 61 0.4376661029595724
25 57 0.24502656263604783
16 54 0.16047733368923678
11 21 0.7527214091689614
49 69 0.005130802740978213
13 15 0.5574380515074857
31 63 0.29344256408480485
13 79 0.8327403917833152
15 76 0.5813341397751639
