80 320 edge_degree
15 21 0.4455298893939469
26 39 0.6293702057674703
28 58 0.43815078248669503
55 75 0.32221017854005174
18 35 0.41872339898159605
36 71 0.09041527467199384
5 65 0.512261202246994
29 41 0.7868139353465692
48 63 0.3565780045208714
14 15 0.6236893924772794
10 63 0.5585584547820461
25 61 0.4797692291790605
3 33 0.17164343220437317
66 71 0.48057279913884166
36 48 0.4972712339025608
9 58 0.023648310258253646
5 78 0.8574710096650844
25 29 0.7372662066233695
54 74 0.6277447208958677
74 79 0.25411699378537855
66 75 0.6319240691189618
16 56 0.856033625937846
35 69 0.4521982441807805
13 78 0.8944157128101614
6 29 0.83288418532921
21 36 0.1683073276682988
62 64 0.4101994929621736
51 72 0.08466558897948806
5 41 0.5627450752387648
9 39 0.625088793268923
5 59 0.4799221004067452
6 42 0.38018462451376667
42 63 0.454174978119365
39 48 0.19481893511381554
20 53 0.9589621478017274
54 55 0.6230210615025001
62 68 0.8997751485394359
54 64 0.3776606322412739
73 77 0.3937461592178103
23 67 0.17223508237154328
4 63 0.3227459535859748
1 48 0.1102741909193995
1 57 0.2462956543400706
35 59 0.4217599781240188
28 29 0.7611086792378045
9 25 0.4276899134775589
47 51 0.5185413710504576
5 45 0.4428875894224702
58 66 0.9592933282499748
42 67 0.7731328251277534
12 44 0.6746659626914765
31 57 0.8661569922756054
31 66 0.250372093763063
20 75 0.8773231535037482
13 36 0.3406709337217775
43 49 0.11697800780526368
34 77 0.5872309345488673
1 52 0.21831756976657335
57 60 0.8378760935271274
1 70 0.6776493957328074
28 33 0.8702590363502473
49 65 0.205129232520061
9 29 0.14615031279839907
5 40 0.107491311500574
49 74 0.7895198725756678
5 49 0.394933275352092
50 57 0.7442826370776762
11 56 0.3036512636688945
31 34 0.6606902064536205
20 43 0.6372155130843187
2 16 0.38391620444917773
31 61 0.17286055863024807
13 22 0.9416517137884097
13 31 0.42901995941096094
64 67 0.6391553939055744
23 75 0.6168353034453201
56 72 0.03179250495099528
1 56 0.5914469682267048
5 17 0.6913739121148023
65 68 0.5670283797441411
65 77 0.2169520096346732
6 9 0.8584544171514705
6 18 0.030380541436583752
27 59 0.06545604954675255
20 29 0.08389321210987111
23 25 0.38747064607519643
39 51 0.589879532667547
0 78 0.8979382762464111
56 67 0.03951348868766014
34 76 0.8414171698644511
45 76 0.5993060839274001
49 55 0.19829168163940192
57 68 0.3624651022128176
5 39 0.6035567239515969
26 71 0.3303732606476688
18 67 0.6365074476789606
8 32 0.03113596058754131
0 55 0.6456374926601384
0 64 0.45014891034711846
24 79 0.07107508812405483
33 70 0.015458751768947843
1 10 0.014522483218780469
33 79 0.4465592424039688
45 62 0.5166152632312095
38 41 0.8039295937498655
46 63 0.9850536812765522
49 59 0.645040071914947
18 53 0.2116264299608387
49 68 0.04570370201793705
63 79 0.3416902093174212
12 15 0.29449314942150506
30 63 0.4381760785367178
23 33 0.35612327436055136
41 69 0.040090014507067506
34 39 0.8992513251477188
16 21 0.4237374481943451
56 57 0.7827206042613836
3 51 0.3878293789074767
53 79 0.8363365298797815
14 78 0.3783076597774694
26 43 0.9672425539431136
38 54 0.381898891885597
30 40 0.0015580766477453212
48 76 0.2013904135711947
29 72 0.7807053191960718
4 15 0.35440343707609645
12 28 0.04829930622788192
44 60 0.7292950156036617
25 56 0.12235414657743127
1 9 0.6294069386136322
22 50 0.8017639035334784
56 61 0.7804327368595637
15 20 0.5842028836939287
18 25 0.04420280558764078
19 35 0.39759638495707805
41 77 0.5590427311859697
37 43 0.7581820669832062
14 77 0.05494380294806123
26 51 0.8095137502239066
17 70 0.4408489573829091
18 47 0.9686875460315043
7 56 0.6680596944858201
48 57 0.8335742090050073
11 26 0.5336444415966143
21 67 0.15770650440270173
25 55 0.5565178209469913
2 62 0.962666313507055
3 27 0.8420014650980541
10 75 0.27259228209979436
37 38 0.2785921411961164
14 45 0.968433230021599
3 54 0.19549582595843296
48 61 0.6045859938279272
0 21 0.9676440109158194
11 21 0.34869646685759703
25 32 0.12039645735911919
10 52 0.6736426756779942
3 31 0.19466681117014417
14 31 0.3412417991178224
66 69 0.9265774618022464
32 76 0.45000665820979147
15 23 0.31380317297550675
7 19 0.5451896008638016
28 69 0.2097921459740011
28 78 0.5277985487614228
48 56 0.36537516307814943
21 57 0.8864481283746772
25 27 0.4531084906418522
54 72 0.27516501896934775
10 47 0.9783114405525773
51 66 0.5730731458149129
74 77 0.8009467967361926
24 67 0.8830526253043408
3 44 0.24708606291079405
1 74 0.9411183959665772
15 18 0.6496238401791858
28 46 0.4803965460043952
59 70 0.24041452113801753
21 25 0.1832467511448188
6 36 0.7547624417701762
6 54 0.7871174180231629
21 61 0.8284551646041691
20 65 0.9660813352997589
4 75 0.952272771411663
32 57 0.6991037389353322
13 53 0.6035495643444244
14 30 0.45463288757897347
1 69 0.8896392036385404
5 57 0.25074967904805956
28 59 0.24457998888752364
42 70 0.44235163463559213
24 48 0.844164399977756
46 72 0.9165814699503152
9 32 0.5020563635369024
5 43 0.668128850622424
6 17 0.9457898080684891
50 78 0.40364584731196695
31 46 0.8298309543690146
62 70 0.16642929618930002
23 60 0.21903919600243404
54 75 0.9461802192018578
12 69 0.10816659305930576
23 78 0.2437952596683418
43 56 0.5991163654755294
24 52 0.7732920127294252
17 22 0.3490600117283611
17 49 0.5913203323060244
50 55 0.38642490544520125
58 77 0.8854227774469536
27 71 0.8419800610926954
19 67 0.7788823433771762
39 54 0.49161893538434265
39 72 0.00802274017859339
12 55 0.11161796054910478
1 27 0.6319317742303264
13 38 0.32824123298719077
24 38 0.8483290578776839
43 51 0.6695745340710115
35 56 0.4231047585385096
15 65 0.29110769952570525
42 46 0.5043096060157163
19 53 0.6088064258767943
42 55 0.07044668313657687
50 68 0.04990988138610286
30 71 0.65888489674685
31 54 0.3170036503302588
4 37 0.04476566447674202
54 56 0.5893926470034497
72 73 0.07909798794537404
45 65 0.16023283077358874
1 58 0.37980190819556303
15 69 0.3432299034902053
50 54 0.3797298720696307
61 63 0.6034810433473115
42 68 0.1516263773037797
31 40 0.587175925937779
20 49 0.6741464759849484
31 58 0.30562207421102805
33 77 0.057025728267064535
13 19 0.46140882719019904
56 60 0.2796310703365631
22 67 0.06994153016325733
16 42 0.5014840930880187
15 46 0.3650967577997687
46 70 0.128917585614454
49 75 0.18228638462050606
8 34 0.3313129766843891
19 43 0.8883380333240976
11 48 0.6088491460515337
33 72 0.25840314990954627
23 49 0.560617938980244
13 14 0.6907404609870454
4 45 0.09265115984287653
45 46 0.7198250455731111
1 21 0.6817623134510699
45 55 0.37983458327537345
16 28 0.24016829664289518
64 77 0.39031411738954624
3 76 0.11358866920642807
49 52 0.09353680315710344
57 65 0.8963096485003641
7 46 0.7348120530468292
26 68 0.7016820699002506
26 77 0.23047977620065374
71 76 0.044413495458424435
11 34 0.3699562452760633
52 53 0.9131410484783282
20 30 0.405334406460244
60 66 0.7854071064008382
13 18 0.21206867883263114
53 54 0.5239054649360507
22 48 0.6628439139797319
37 46 0.83697688659056
3 53 0.13000461282923892
37 73 0.8959407040969449
67 74 0.6250214727346992
15 45 0.7075449593978352
7 59 0.1367836811687706
6 72 0.8861426367263125
21 70 0.6929217515237983
33 53 0.12310964108121625
23 30 0.5393901262385409
52 66 0.26746679844170573
75 77 0.436891818528791
33 71 0.9596866162296039
25 76 0.48946026729631664
22 52 0.6959575744809926
14 48 0.23280043696130426
3 66 0.3095913751194398
14 66 0.21078925090146916
7 27 0.4000749431645444
59 65 0.17774696627152853
26 40 0.7242097862333337
36 72 0.10963139188923277
27 32 0.458889237308181
29 69 0.7441668483139576
40 69 0.007864684969059232
4 21 0.5254136969572878
33 66 0.6091534634078397
44 75 0.45805499853083265
14 43 0.943070774224704
22 56 0.4804693135912794
3 52 0.30878573857238667
3 61 0.15320092008085173
55 62 0.40371323017921934
18 31 0.6769351612292416
8 14 0.11331403052260036
48 50 0.03267030236120516
9 77 0.35274152265369174
29 55 0.8101254636690483
6 62 0.22474352604503578
48 77 0.47203849506271145
10 41 0.9473860341895137
41 56 0.2339701880077366
25 39 0.9595472951933244
4 16 0.606187256597862
3 20 0.12355634676685756
34 35 0.8938421174565612
35 79 0.4371842719294927
