80 240 edge_degree
36 53 0.8639183611899874
27 50 0.05866022435597662
50 52 0.9543093364976473
4 73 0.3158948953827083
19 55 0.6185252797663696
0 51 0.5273426245487469
3 13 0.6431087017104925
16 47 0.3206435519192917
30 64 0.3722885855465746
39 42 0.24866626412761006
17 76 0.7666346011683024
0 5 0.4683775253581264
29 41 0.788695303031249
46 48 0.5437086587024349
14 31 0.6232083932801823
52 79 0.16333136670251003
29 59 0.5237047616380859
40 59 0.2468968402251741
68 75 0.5567497894784903
40 68 0.9809570147258079
24 35 0.8388884142123013
26 32 0.39859573432720286
35 44 0.5137329372204247
50 63 0.5801354900579894
70 75 0.8505691806055243
0 53 0.6192808902879907
46 59 0.3592250112266566
9 74 0.969964412956619
0 16 0.7595452506278141
3 33 0.8105387784815029
38 64 0.022288375098834967
46 77 0.49684011690838215
4 50 0.3190858213429313
6 13 0.535473452247294
47 48 0.3405069502673137
2 25 0.03249335951083354
19 41 0.06518002324824212
21 75 0.18932269948611524
62 76 0.6296734292294773
17 53 0.8233125857183213
28 62 0.027039491098249324
31 79 0.41938272922805486
3 26 0.020057757773671137
43 62 0.991310465983186
57 61 0.1545249061045626
3 35 0.37037617093296826
32 71 0.4729552491367853
4 34 0.4279788814935467
66 73 0.11789126814517403
16 63 0.8407993636741035
18 60 0.3213672976279939
10 22 0.46370634745603734
7 78 0.13937701715316886
25 29 0.8502912726748189
10 40 0.6168495328088864
73 78 0.8853344361324849
37 58 0.34268376832520453
55 72 0.5420660729625676
19 52 0.9377689457684503
36 68 0.27995536861353976
0 2 0.5623478497051286
31 35 0.9039705933225366
21 34 0.740967846597754
41 67 0.7092722061333876
21 43 0.791532512234269
38 59 0.2994136055994491
40 56 0.9292875496112409
50 79 0.25116608427595355
35 69 0.5462890465607324
15 66 0.46460617660380676
36 52 0.08832062647643524
27 49 0.364433322895639
5 46 0.24985437172731295
39 78 0.42133581712601464
2 38 0.7120060481567171
5 55 0.8050555908223226
45 73 0.2957385336063578
37 69 0.5008015153449964
2 47 0.6013774242426991
8 63 0.21149203249974946
46 47 0.9516231675609381
4 29 0.9855136451364583
24 62 0.39361780440758476
26 59 0.2876296774786372
33 65 0.938104269089795
66 77 0.3303058579742675
34 39 0.8581146498748011
4 47 0.8713555284745691
25 79 0.345664638026011
16 76 0.7321448288237824
53 61 0.7076359268092568
16 21 0.9696075303877418
63 72 0.28017623865551955
31 67 0.7922025014112977
19 47 0.0031980845337086228
54 69 0.6001113446248348
2 40 0.20119295940911874
3 5 0.5200142828665231
6 22 0.67989481192219
5 66 0.8384751930444576
43 50 0.3419434464706699
5 11 0.7557021051267301
52 53 0.28357997631003706
0 61 0.759345721566585
61 65 0.8292916404423192
29 42 0.08492221341781991
60 75 0.9296392347007519
24 55 0.3678995301932415
43 68 0.6718865906850227
10 65 0.1773638317832057
18 48 0.713429270348539
4 40 0.05506256102095064
65 74 0.15165931653447895
11 27 0.6704800451304245
57 79 0.6406239166300473
48 76 0.16581497815582757
47 56 0.7868174382028595
64 72 0.2791944037584665
25 35 0.6814433264192644
11 45 0.971119728498941
17 61 0.31274930978595317
3 7 0.08307673804229476
20 78 0.04372056405796254
22 75 0.2135344097352091
14 71 0.9409433656795413
12 19 0.9875883500378104
31 78 0.9879591351560683
37 73 0.3919643999498279
6 42 0.11167424664496128
32 61 0.5549626865353942
7 41 0.48171121608133183
1 55 0.8812104725173171
18 41 0.6536675194720529
27 74 0.9467909959023484
41 73 0.23703292722023828
24 66 0.6582395620976327
35 66 0.4309383234223141
19 79 0.15278297528889295
8 24 0.8472811348563651
22 41 0.9548162521956027
2 17 0.10588808475129663
7 68 0.3254792008841857
0 29 0.7167435240247525
11 29 0.2921648674881485
25 28 0.10647463836446458
73 77 0.8078720084855587
37 57 0.1291818428363657
15 20 0.29237764799429733
31 71 0.9769676157634358
50 60 0.3643153527844222
55 74 0.5303165493371012
3 18 0.8244598793663181
61 69 0.7240317986593612
16 46 0.4610032693128836
36 79 0.715925334699529
44 62 0.5283727747677276
16 55 0.6334864334637751
4 35 0.47998381507167487
27 30 0.177438062348936
39 59 0.15084066549837227
14 39 0.03853248698236156
37 41 0.49161766716918787
23 51 0.7751435388109303
3 48 0.04989398901051578
21 63 0.9745096587427281
6 74 0.6151436544331611
17 56 0.3756681078672255
44 46 0.5888918268417763
35 43 0.26623038149810585
52 59 0.7644929946791388
10 53 0.5948814165035461
26 49 0.736798802959132
25 51 0.574221312862486
16 57 0.2350397073062126
7 54 0.46254000242090976
46 67 0.2742633272570256
34 47 0.02474865976027052
11 79 0.9983221248450274
8 37 0.8192718607060795
45 56 0.4170485828431011
12 53 0.9664174013450035
14 50 0.8022287280180408
2 30 0.8518111030850016
4 49 0.0817799393475318
28 49 0.9099990257801128
38 72 0.17583676972197293
26 33 0.516550638106787
32 49 0.8004900894417522
24 45 0.8121398019870192
25 44 0.0013747138684441218
70 76 0.04196351294930678
13 54 0.039077843007632396
27 71 0.5454539096636676
8 12 0.41798886408934177
16 59 0.5091079567590286
19 76 0.367803518569923
20 41 0.2068686483187977
37 45 0.8328784482763724
48 75 0.8235040876293923
24 29 0.4968691538931671
52 54 0.39421080075323833
4 14 0.2635159640004149
59 69 0.6584933335720686
41 63 0.8246346489788028
69 79 0.4971890281182638
33 59 0.17018896631072689
11 56 0.253645249782654
10 11 0.378258546513108
2 62 0.5669662096152008
5 79 0.5986235198197811
9 22 0.3769906035965904
17 35 0.4567039171306829
40 64 0.9033288412955748
22 58 0.002186108379169438
21 60 0.570027656645064
37 56 0.8975577988283007
63 75 0.30211424713865864
18 70 0.2810069638871232
13 31 0.6018183125236053
53 67 0.2873640770970125
4 62 0.5945275509837851
18 79 0.3469269290581095
42 46 0.1368103718417243
13 40 0.36825549420954307
16 36 0.3598169989692076
47 69 0.9271535551956086
50 68 0.6539552148647966
18 42 0.8936134162178105
47 78 0.8809102295343695
31 36 0.8066811887645826
39 49 0.3637269311447112
23 32 0.7401310939613146
65 68 0.46397602278524197
0 76 0.8927928078380157
46 73 0.6201579625388555
38 69 0.9977509483448362
29 66 0.6323165989493396
24 79 0.24914604466511048
27 41 0.6532338732701021
