80 160 edge_degree
50 52 0.1225370131751905
52 58 0.3431822314819327
25 41 0.1744005450563948
28 67 0.5878093566854947
25 59 0.7110658130816083
48 63 0.523343112265681
65 79 0.538930430318931
3 49 0.8193635509367223
15 78 0.7412592428128284
24 26 0.46919680397548036
55 59 0.2805900262437331
37 63 0.11755634345587584
56 76 0.04739955237980864
18 37 0.048362995928107555
12 27 0.41955092495596547
25 61 0.507819260426035
17 23 0.4543345219575432
49 55 0.8329329288141009
3 33 0.8061599282736964
24 65 0.9533943035061309
31 58 0.9391174372082302
12 54 0.6801037803371692
53 55 0.020889250547212357
8 32 0.6197205313321044
36 48 0.9278246110905561
24 28 0.1812298555375783
2 25 0.7388659919296462
73 76 0.6756658547068377
27 54 0.07754522703045652
56 69 0.14975183572355122
5 60 0.4113155637578412
17 62 0.3108619280733803
31 79 0.688665136322587
60 69 0.0033395915843595914
30 77 0.5850702396535009
51 75 0.36996426450408026
21 41 0.9536145382053353
9 21 0.5414343603588745
26 55 0.7659876050454744
15 64 0.7970208954169636
6 61 0.5863004602028798
14 44 0.21127851859013191
24 76 0.049132844862181835
36 41 0.6206104043780724
30 34 0.5501386924682434
7 78 0.18744297719105107
8 43 0.5325315169289423
18 78 0.5980944846299043
63 68 0.12463960619666936
37 58 0.6307469353812161
22 69 0.11812836962503526
6 27 0.027670187842037897
20 26 0.944525990898681
14 74 0.2931229642388332
69 74 0.1345231467268061
41 76 0.7757319798072462
25 68 0.03622326632207762
2 20 0.1739611698345317
36 52 0.18265409187023907
62 71 0.6640366239306693
16 28 0.6347718050618287
6 29 0.11238178364654072
24 53 0.028221041112648892
1 60 0.8248494779000388
49 70 0.10164158738341444
17 41 0.46197094533701777
45 57 0.023250743107664285
22 64 0.5554925942206745
64 79 0.19053588443421787
3 60 0.036169514570501105
14 60 0.9443011074076291
50 74 0.45715565222636356
23 44 0.10125691342119625
1 7 0.1873805949047711
44 76 0.7047790489235244
18 66 0.5748037367879156
30 31 0.9648226115173314
36 47 0.1568285100595902
1 25 0.9566157893653934
57 79 0.5125104517688318
56 59 0.38939125644803485
64 72 0.4361838201101853
47 65 0.8603038287278969
41 46 0.1446791729925896
22 75 0.979449333950464
12 19 0.7310683912064427
6 33 0.70921665469605
33 51 0.6396948344165118
23 28 0.5427593188240922
6 42 0.5108655110161928
14 25 0.4724697204996646
17 36 0.813509098439519
20 53 0.3625157227229946
36 58 0.8701362494994886
23 58 0.726056503121134
31 71 0.8583895467609348
23 67 0.8381388788504163
4 8 0.8175523342032778
26 38 0.6413458977285103
50 69 0.1778865273611645
12 30 0.2731428313039702
36 79 0.286100559724501
13 59 0.4201944962040829
26 56 0.18280152283621154
54 75 0.36878035934561615
37 68 0.02763856764377115
1 41 0.5663862772754837
3 75 0.8309960596013122
12 23 0.1325850001710347
32 56 0.1342814973510975
61 62 0.5624087133778234
27 78 0.998619271572656
25 60 0.4000346186325089
2 3 0.2596185445444459
20 39 0.5383310872703015
20 57 0.7529565289555947
30 37 0.20197644092044387
11 33 0.7976272738492551
22 63 0.4768436701567512
13 36 0.16268644637051666
12 16 0.4359228451944871
24 36 0.6452852815655182
43 58 0.7460578112718211
13 54 0.8699194258785496
44 66 0.23582708274579156
34 40 0.7617040844763541
2 69 0.285015433287222
12 46 0.41105111331871214
31 59 0.7348860047459298
39 72 0.8073842739734383
37 54 0.7884500410162654
18 22 0.3494969152695727
64 74 0.11057111762612415
15 35 0.6728527539524788
43 51 0.20340670033494057
4 14 0.1462593161481074
5 15 0.34998480023040346
8 23 0.3976232897075498
36 39 0.29181092411573084
2 71 0.25597368682581
9 31 0.44084453624373565
14 54 0.014307571783667372
21 69 0.38140377163152006
53 76 0.6747106150903116
16 36 0.6367026008612071
36 69 0.8740266204151044
52 65 0.44032511145304876
16 54 0.11977640848449622
42 73 0.7880618435309391
44 70 0.8949996503767634
46 55 0.544770981903088
49 51 0.09788964863745342
9 24 0.053694242454106256
0 21 0.9633902653313823
14 38 0.40100072549982513
20 54 0.21044023665041223
32 74 0.868046243057454
3 47 0.9800913407062133
15 76 0.5941958942531421
