160 320 vertices
31751905
4 137 0.3431822314819327
59 82 0.1744005450563948
107 131 0.5878093566854947
47 89 0.7110658130816083
6 66 0.523343112265681
111 119 0.538930430318931
113 138 0.8193635509367223
122 124 0.7412592428128284
51 82 0.46919680397548036
44 150 0.2805900262437331
139 149 0.11755634345587584
109 154 0.04739955237980864
46 116 0.048362995928107555
37 147 0.41955092495596547
28 89 0.507819260426035
37 156 0.4543345219575432
57 134 0.8329329288141009
42 82 0.8061599282736964
10 22 0.9533943035061309
129 159 0.9391174372082302
21 68 0.6801037803371692
101 149 0.020889250547212357
71 145 0.6197205313321044
50 122 0.9278246110905561
79 158 0.1812298555375783
25 47 0.7388659919296462
13 51 0.6756658547068377
32 73 0.07754522703045652
87 116 0.14975183572355122
37 133 0.4113155637578412
26 105 0.3108619280733803
120 158 0.688665136322587
6 56 0.0033395915843595914
19 102 0.5850702396535009
30 102 0.36996426450408026
3 14 0.9536145382053353
6 150 0.5414343603588745
43 68 0.7659876050454744
75 137 0.7970208954169636
87 102 0.5863004602028798
105 138 0.21127851859013191
5 41 0.049132844862181835
147 152 0.6206104043780724
128 148 0.5501386924682434
5 68 0.18744297719105107
26 118 0.5325315169289423
18 123 0.5980944846299043
101 139 0.12463960619666936
10 30 0.6307469353812161
12 58 0.11812836962503526
52 112 0.027670187842037897
63 158 0.944525990898681
41 130 0.2931229642388332
84 110 0.1345231467268061
13 68 0.7757319798072462
36 42 0.03622326632207762
45 127 0.1739611698345317
120 139 0.18265409187023907
89 133 0.6640366239306693
70 129 0.6347718050618287
49 106 0.11238178364654072
90 116 0.028221041112648892
113 118 0.8248494779000388
63 117 0.10164158738341444
33 103 0.46197094533701777
29 151 0.023250743107664285
1 43 0.5554925942206745
21 147 0.19053588443421787
75 127 0.036169514570501105
25 108 0.9443011074076291
34 95 0.45715565222636356
9 29 0.10125691342119625
117 138 0.1873805949047711
26 108 0.7047790489235244
27 73 0.5748037367879156
23 66 0.9648226115173314
34 72 0.1568285100595902
13 49 0.9566157893653934
25 112 0.5125104517688318
54 148 0.38939125644803485
54 157 0.4361838201101853
14 102 0.8603038287278969
97 127 0.1446791729925896
3 120 0.979449333950464
38 87 0.7310683912064427
71 93 0.70921665469605
47 135 0.6396948344165118
90 115 0.5427593188240922
5 138 0.5108655110161928
40 114 0.4724697204996646
83 103 0.813509098439519
41 106 0.3625157227229946
73 138 0.8701362494994886
137 159 0.726056503121134
15 62 0.8583895467609348
49 73 0.8381388788504163
49 82 0.8175523342032778
47 121 0.6413458977285103
7 94 0.1778865273611645
70 132 0.2731428313039702
60 69 0.286100559724501
5 142 0.4201944962040829
40 109 0.18280152283621154
34 53 0.36878035934561615
25 93 0.02763856764377115
62 142 0.5663862772754837
74 116 0.8309960596013122
5 7 0.1325850001710347
105 131 0.1342814973510975
84 157 0.5624087133778234
26 48 0.998619271572656
18 62 0.4000346186325089
0 32 0.2596185445444459
17 112 0.5383310872703015
28 121 0.7529565289555947
60 73 0.20197644092044387
4 38 0.7976272738492551
6 120 0.4768436701567512
93 106 0.16268644637051666
25 97 0.4359228451944871
105 117 0.6452852815655182
88 140 0.7460578112718211
99 140 0.8699194258785496
55 115 0.23582708274579156
107 153 0.7617040844763541
100 132 0.285015433287222
49 157 0.41105111331871214
41 73 0.7348860047459298
0 139 0.8073842739734383
22 50 0.7884500410162654
66 102 0.3494969152695727
37 75 0.11057111762612415
31 153 0.6728527539524788
118 121 0.20340670033494057
47 97 0.1462593161481074
30 35 0.34998480023040346
29 76 0.3976232897075498
49 152 0.29181092411573084
60 63 0.25597368682581
41 68 0.44084453624373565
69 148 0.014307571783667372
25 60 0.38140377163152006
30 156 0.6747106150903116
72 158 0.6367026008612071
7 47 0.8740266204151044
70 94 0.44032511145304876
46 124 0.11977640848449622
100 104 0.7880618435309391
28 97 0.8949996503767634
18 141 0.544770981903088
79 157 0.09788964863745342
25 55 0.053694242454106256
22 31 0.9633902653313823
54 109 0.40100072549982513
66 92 0.21044023665041223
84 146 0.868046243057454
17 65 0.9800913407062133
48 52 0.5941958942531421
14 157 0.34635785537878805
46 137 0.8175022004042091
121 158 0.9562756203075243
113 154 0.09115532233683199
7 154 0.6543838518886868
82 157 0.263084135421109
0 115 0.05331050324866038
42 139 0.5010166882281799
87 119 0.11342111039442848
31 129 0.9688869099792388
24 90 0.6184394452461452
99 111 0.2994946622517455
17 87 0.6420750584244663
26 144 0.34620782105703485
27 109 0.8201178867202972
73 94 0.28287431384463035
40 155 0.4545368691537154
12 84 0.610891075037386
13 58 0.7220235779396174
13 67 0.9297503798959117
20 115 0.594927440022256
72 116 0.5029287604120558
35 85 0.6410955648137446
56 117 0.18649940431985357
17 46 0.16666413106467648
107 110 0.32199288974854423
5 62 0.3663743741400092
36 77 0.8109613855334921
113 144 0.15050129621747943
113 153 0.47360977004031135
94 130 0.1475298582006891
44 129 0.8463969748203812
60 155 0.28742635443613596
56 121 0.9366840870994357
28 50 0.0566202820424182
64 143 0.7684584501624399
45 139 0.07045834453329292
109 151 0.6703750955837744
61 74 0.77432696973398
131 156 0.9874423868998313
32 61 0.3936689079346444
53 111 0.3287850139373588
16 80 0.9368143718204588
88 96 0.16635286411979966
49 77 0.9219067860321619
34 125 0.4275363024855613
65 112 0.687937619850913
38 95 0.06706661964694738
49 95 0.7009219398184021
7 98 0.28627453093805344
14 146 0.16226060841003176
8 72 0.49798958224383105
42 83 0.4360532497432571
31 55 0.4963323859793227
72 83 0.8045311404255217
29 149 0.835361134106455
1 41 0.7160011097441088
52 141 0.21207403193636742
46 76 0.7302968249807942
38 72 0.1693156484675633
128 145 0.07695088867051614
78 144 0.4635053032280494
63 119 0.34119880539250635
48 130 0.841081696921319
41 100 0.13066476797694582
72 78 0.1914290365800384
24 38 0.3271340696476711
6 151 0.5020839848867766
41 118 0.46500578347585164
35 47 0.19897662999481547
10 121 0.32035223611749364
72 105 0.4272879094718911
124 143 0.7713273950925945
65 66 0.10004902791411863
9 22 0.4284303196541479
68 80 0.8247859938946582
5 51 0.8193787019009316
14 118 0.34837076377667986
26 83 0.1914857644072152
49 85 0.5584115335548205
130 159 0.7184951389985581
55 137 0.8886237459209221
89 139 0.8053460875882392
30 71 0.9406757933802877
83 92 0.86674751925068
104 142 0.8055126575536604
24 33 0.960544047280054
9 17 0.4525206375213724
15 60 0.3532555470630093
98 103 0.5458451851012376
19 48 0.9246528763857063
12 18 0.581966962851512
9 138 0.6490644754908571
12 54 0.8229225516116012
81 135 0.11243695556715638
4 59 0.8446937930507146
145 147 0.17132246220677816
39 147 0.00691926176043256
38 39 0.9045154782333767
25 118 0.025876424942570475
45 96 0.47204250963356553
85 132 0.20659993009587474
13 122 0.19361292609059422
43 153 0.7914318062509426
88 152 0.47976786388972226
19 43 0.10737225730676547
90 94 0.9320554246009944
27 65 0.21335034495831362
53 77 0.27831822976678555
33 108 0.9021061600712417
74 109 0.7277142614633175
34 82 0.33035961768626665
43 112 0.14956719705744448
46 56 0.8253674535521176
74 136 0.18508651905927453
35 117 0.8382150790147521
126 137 0.9120595994842569
15 59 0.8048755886504196
68 150 0.8672434912594588
61 147 0.9614120790775392
42 143 0.06904531758992549
54 117 0.750705083463351
51 120 0.4376227536746028
114 158 0.325764252784877
49 56 0.635189675579877
107 137 0.12053936079034089
79 84 0.46054188265463025
28 109 0.09967948767262025
40 74 0.9556133116656448
76 144 0.6232714855753407
19 37 0.7623389527463689
5 102 0.8069969270925866
47 117 0.42878512209511055
77 118 0.6041722288581318
40 78 0.9200001413156624
41 52 0.7330327195599311
50 119 0.9724189001319418
33 57 0.7472236158146869
18 157 0.39859455731881366
2 51 0.23131889863295807
50 137 0.1940880713491442
14 34 0.30257609254636253
83 152 0.5407343286101336
32 79 0.8034343144375258
37 45 0.36505796060819085
85 94 0.9567263187049909
19 158 0.8123393523148772
14 52 0.7821053238667255
24 93 0.6992819581440384
65 121 0.6343823119401455
128 159 0.11641765295980688
46 117 0.2116786014753751
48 59 0.87121790556175
118 145 0.5795391334161814
65 148 0.6006143303355359
92 111 0.7700390232439343
44 61 3.3600089140661815e-05
73 97 0.5461765657046758
102 151 0.18320734738000877
2 82 0.2974632573033066
