80 200 edge_degree
55 57 0.04560930208539393
4 55 0.20344697486239927
16 29 0.709123984205446
4 73 0.14284849627100393
27 41 0.8600109875105951
11 51 0.26671226260336733
15 60 0.011472960500748308
49 71 0.43997054330904173
6 66 0.1672104054587421
29 68 0.016226131011587097
21 64 0.27813667386355834
2 32 0.45979992473023357
4 66 0.19285636878249712
10 45 0.8528244429906146
19 48 0.30002455193093036
47 64 0.7008269160039364
36 73 0.3509502235742331
5 12 0.10094211595822156
29 43 0.43458724193158105
2 4 0.6856550495783891
17 23 0.48700804482709137
43 60 0.6421958261391797
26 53 0.12173880439760654
40 52 0.13990110801878353
65 72 0.1301332897100964
24 65 0.49166847140006
40 61 0.8609822704622245
10 20 0.38315482800871437
41 44 0.8202806632946681
2 25 0.11120307867998969
0 37 0.2253871228333516
42 52 0.6732858989355599
45 69 0.785590069932909
34 78 0.793650531197551
36 75 0.14566803661800132
0 55 0.5414979580853482
14 17 0.23749337067619203
21 32 0.7493618283112125
2 61 0.5800976453507244
5 78 0.6885242190704849
4 25 0.7837376458144856
49 57 0.9860359539824124
29 63 0.46624211657744563
25 75 0.994789173348928
1 28 0.2897705978290378
27 47 0.8814705700873252
16 26 0.10563344655601192
18 23 0.7163472571753333
34 62 0.8967613596633169
5 53 0.5550703987568195
25 38 0.3610663269919401
19 61 0.8256329295556797
20 26 0.8143412639002516
0 57 0.7145400458176119
60 71 0.3450452532797509
48 51 0.5152307970985156
29 47 0.0019320409027601126
20 44 0.5289931014465276
4 27 0.30776291124558264
43 64 0.6753774886552658
14 37 0.01964412600588028
3 37 0.44791957974135377
16 56 0.11778070263277263
13 69 0.34556383565243276
16 19 0.978777773780051
34 55 0.7592486833162064
71 74 0.6449030701988681
54 67 0.363278778459709
36 61 0.09889839771218234
25 40 0.030991647558839763
54 76 0.5457877582852109
6 29 0.984666516473319
30 63 0.7356024863493776
43 48 0.21197268723923524
12 24 0.9718099272172258
13 53 0.22530657721450764
15 50 0.04638537168140999
41 78 0.5089201398466281
18 55 0.44873466243144344
35 71 0.06862446499325392
7 64 0.9198629159532808
7 9 0.291550462921334
55 58 0.39254344976243183
2 22 0.03970582801852374
64 70 0.013575552368260135
11 34 0.948641239481525
17 50 0.9652434088326232
56 66 0.6227684825617382
0 43 0.04958487491591723
32 41 0.14361747198321884
12 17 0.1371469828999734
20 30 0.011311374012273001
31 39 0.7966026046223665
61 74 0.45448634167604973
44 67 0.02963887464246262
24 64 0.2655482159824325
15 61 0.45961519757368907
1 7 0.518603776359552
18 57 0.5187062711359054
27 44 0.13374883636102952
0 27 0.7997273804354993
22 57 0.09790449917708899
11 45 0.44218478390906635
15 27 0.7291421266560294
9 57 0.10681973205712214
14 16 0.020989677560024678
32 52 0.988459726437621
50 67 0.6929284415069897
23 28 0.19188607130061797
29 44 0.6601006590297704
44 60 0.10148042744776675
41 73 0.8265180326706605
1 9 0.03926915675190601
0 11 0.11021478947349217
33 78 0.22233985355805086
22 41 0.6260762028425085
0 75 0.8696718270637287
1 18 0.2433757164509922
16 71 0.7744922055249331
2 17 0.41239461366594377
5 34 0.45821322471002335
36 49 0.6767145605894804
17 45 0.23930028629758748
56 61 0.7083088661552592
28 54 0.3442768038113623
19 51 0.15812151415577136
45 70 0.6415403183057607
32 45 0.5126520545620054
4 17 0.04032851042107832
26 56 0.9447606633854594
1 11 0.7682144383337516
1 75 0.4467636790627819
76 78 0.7940626567070503
1 20 0.7657290749603061
29 58 0.032089300237294394
47 51 0.059280240805465345
56 63 0.4902617345131739
59 74 0.4229359158412549
24 52 0.6765279252034997
13 61 0.16201869993279994
24 61 0.13894337697455694
1 4 0.37951835100052733
16 66 0.9875263328228819
17 31 0.01923842677011811
17 40 0.9538445856789007
48 73 0.5932855716720428
68 76 0.35467575846729127
40 69 0.09713878604246018
2 30 0.4405317168588473
22 63 0.4343573682967059
23 62 0.05512501692901495
13 27 0.4015423368288136
20 75 0.9248251975106013
58 59 0.9554689197464995
1 34 0.704105337626332
4 67 0.3893318067152114
35 45 0.8638334436340364
13 54 0.04088412625175364
27 71 0.7171239360471783
25 53 0.7054028247455268
33 66 0.1478769918225642
39 45 0.3659903207564169
8 76 0.4152964639596536
7 56 0.7924129778773544
8 21 0.5913554017887985
10 18 0.2402399834711323
19 76 0.818956154949347
21 67 0.4862604471754307
12 64 0.7814698258940335
26 35 0.3572710914192252
16 34 0.3384008587880498
7 31 0.3344036059321027
24 47 0.1629996448611707
44 68 0.7666358380249497
17 26 0.6561352802071562
39 56 0.3928923171608375
49 58 0.603280772010727
11 19 0.6878546371034739
65 75 0.961075831699323
66 74 0.135334507356193
21 51 0.09619514658360506
23 48 0.8854518851427745
9 40 0.9434854136651187
16 18 0.7238604744962794
23 66 0.5387589883314188
4 62 0.9579589886830618
24 40 0.8853724054157126
27 57 0.09282036397134052
61 68 0.6933266605042222
19 62 0.8067187962677371
11 58 0.2750188078120398
2 55 0.8098562951777283
28 74 0.9114399516595678
10 13 0.4961769974043919
65 68 0.4199984163025846
14 38 0.5837584016655579
17 37 0.8079089076448015
46 73 0.6497741209273058
3 56 0.9887875684503837
