35 70 num_nodes 35
0 28 0.7516769798129574
0 24 0.11607703405727432
0 14 0.8483827126638573
0 17 0.8916211794977703
0 34 0.6652612159602062
1 31 0.8675292560818679
1 34 0.7342332252359064
1 33 0.3391044852557269
1 18 0.8061918133115568
1 30 0.38030505362775213
1 29 0.946022876748091
1 28 0.1504973930102843
1 7 0.5165442390717653
2 25 0.9055674226383419
2 19 0.27834039148249035
2 16 0.9150167268132329
3 30 0.7991777593075038
4 8 0.7537461364927124
4 5 0.7666857251649759
4 10 0.34634985443199007
5 23 0.9437420109639695
5 11 0.4525550000587917
6 13 0.45291302569226566
6 20 0.02480500670055319
6 26 0.35865496363405924
6 10 0.1726456882325662
7 16 0.9397525234246603
7 21 0.1946344635997288
7 11 0.7016474525275359
8 33 0.31895851244607154
10 25 0.17202256876394573
10 32 0.7394571500225363
10 16 0.6324977974634881
10 33 0.1336855426499678
11 18 0.348070648283175
11 23 0.25879014998041316
11 14 0.606211310933516
12 32 0.004755940928476421
12 34 0.6192387014874742
12 23 0.2390693157917858
13 27 0.10846143156515953
14 17 0.6393590557420376
14 28 0.758426859841451
14 31 0.389445373783864
14 22 0.1716678425309186
14 29 0.7756337671610842
14 25 0.7134061683451363
15 30 0.7860065481330679
15 17 0.5777809224608469
17 18 0.8077485065447809
18 19 0.9842591979335746
18 22 0.4306265303062591
20 29 0.5838453638509594
21 34 0.5829156783854311
22 32 0.7366786920243887
22 29 0.5277591544102807
22 31 0.7258612647015901
22 26 0.18068160491324337
23 31 0.5134411244871505
24 30 0.9003583647618533
24 27 0.953369553749296
24 32 0.06480926683455501
25 26 0.23143213793070372
25 33 0.6057864509314255
26 32 0.8796429163750236
27 32 0.28792852279290826
28 31 0.7639245958939839
28 32 0.48868295325456035
30 31 0.46502590044316683
31 32 0.5664023953369622
