35 70 num_nodes 35
0 13 0.8176049944060078
0 21 0.4998135179990434
0 24 0.19117707420631247
1 33 0.9629648555623347
1 19 0.032423918549814745
1 22 0.01846962234730587
1 25 0.4786080958406427
2 28 0.8305610488777468
2 27 0.9551914724311308
2 25 0.8883652477492543
2 3 0.0016785673407042623
3 10 0.7877980615727691
3 16 0.049516976720107575
3 9 0.6754691123146849
4 10 0.023667715177207116
4 16 0.22155213567593335
4 19 0.40550875726937197
5 13 0.9251235039714092
5 34 0.8249630258895132
5 9 0.46689611513478857
5 31 0.4151685461336596
6 15 0.2468815709598402
6 29 0.09307356525390387
6 10 0.24224927524442552
7 23 0.13532107841545338
7 15 0.36390354050199947
7 9 0.8159773276659105
8 28 0.1454069842989495
8 13 0.9145757045178212
8 26 0.4601483100381937
9 10 0.5386762940923605
9 23 0.22362633430525425
9 26 0.9014886415259883
9 29 0.7237701835893701
10 33 0.9405510238901195
11 24 0.6296893365316213
11 13 0.3607107762679298
11 30 0.8368839178514661
11 12 0.038227536127873774
11 19 0.24548617837204356
11 31 0.43327538209582583
11 21 0.7170305949655756
12 34 0.4730716249854616
12 24 0.18502720275527895
15 29 0.1361712035678142
15 30 0.6595355869451711
15 22 0.13588671880551595
16 22 0.5544390847577231
16 33 0.21551817801160567
16 29 0.9727945986526677
17 26 0.025218337740486874
17 21 0.32567506505238675
17 18 0.8256497765281142
18 20 0.6516012370482765
18 23 0.2853385582580653
18 26 0.8071504369346149
19 21 0.7974585818060909
19 22 0.7963077041724457
19 20 0.015457050956903529
19 30 0.5439848850314041
20 30 0.3777362784870332
21 32 0.20934716958688326
21 31 0.9929184789117188
22 29 0.8870893042391624
22 32 0.19314080583309234
23 26 0.44779370544946906
23 27 0.157765871082306
24 34 0.2541679407756795
25 30 0.26478265849770655
29 31 0.3566002266904562
