delta
delta
0.002000 0.123695
0.002000 0.142992
0.002000 0.233858
0.002000 0.207001
0.002000 0.224420
0.004000 0.116476
0.004000 0.134554
0.004000 0.170743
0.004000 0.204990
0.004000 0.214998
0.006000 0.113707
0.006000 0.131516
0.006000 0.167495
0.006000 0.193589
0.006000 0.205984
0.008000 0.110602
0.008000 0.125219
0.008000 0.160143
0.008000 0.175066
0.008000 0.200258
0.010000 0.108904
0.010000 0.123126
0.010000 0.158723
0.010000 0.185851
0.010000 0.199586
0.012000 0.106794
0.012000 0.123482
0.012000 0.156858
0.012000 0.181717
0.012000 0.210722
0.014000 0.105133
0.014000 0.120655
0.014000 0.134182
0.014000 0.176633
0.014000 0.207222
0.016000 0.103723
0.016000 0.121382
0.016000 0.151294
0.016000 0.178691
0.016000 0.191204
0.018000 0.102751
0.018000 0.118008
0.018000 0.195312
0.018000 0.175533
0.018000 0.391860
0.020000 0.102728
0.020000 0.118690
0.020000 0.199227
0.020000 0.174661
0.020000 0.185790
