delta
delta
0.002000 0.322456
0.002000 0.295047
0.002000 0.527396
0.002000 0.198846
0.002000 0.763680
0.004000 0.312069
0.004000 0.299440
0.004000 0.438022
0.004000 0.206829
0.004000 0.698832
0.006000 0.266265
0.006000 0.324430
0.006000 0.519522
0.006000 0.197172
0.006000 0.786605
0.008000 0.259303
0.008000 0.310061
0.008000 0.438797
0.008000 0.187035
0.008000 0.707960
0.010000 0.255620
0.010000 0.301075
0.010000 0.495885
0.010000 0.195511
0.010000 0.703670
0.012000 0.251737
0.012000 0.309809
0.012000 0.409190
0.012000 0.193794
0.012000 0.679977
0.014000 0.245450
0.014000 0.285660
0.014000 0.464750
0.014000 0.192826
0.014000 0.740648
0.016000 0.266792
0.016000 0.286139
0.016000 0.510396
0.016000 0.191790
0.016000 0.715012
0.018000 0.283529
0.018000 0.292258
0.018000 0.457631
0.018000 0.180989
0.018000 0.737816
0.020000 0.250578
0.020000 0.292756
0.020000 0.479611
0.020000 0.180737
0.020000 0.834146
