delta
delta
0.002000 0.173666
0.002000 0.369635
0.002000 0.350311
0.002000 0.303800
0.002000 0.191508
0.004000 0.150173
0.004000 0.350379
0.004000 0.322544
0.004000 0.296630
0.004000 0.182891
0.006000 0.145373
0.006000 0.339482
0.006000 0.323455
0.006000 0.287149
0.006000 0.177785
0.008000 0.142658
0.008000 0.334363
0.008000 0.306747
0.008000 0.272568
0.008000 0.173971
0.010000 0.140767
0.010000 0.327670
0.010000 0.304987
0.010000 0.258793
0.010000 0.169486
0.012000 0.137867
0.012000 0.324891
0.012000 0.306434
0.012000 0.268110
0.012000 0.167971
0.014000 0.135847
0.014000 0.320599
0.014000 0.311864
0.014000 0.269344
0.014000 0.159295
0.016000 0.133947
0.016000 0.315557
0.016000 0.299758
0.016000 0.249925
0.016000 0.165924
0.018000 0.134684
0.018000 0.313349
0.018000 0.292065
0.018000 0.248156
0.018000 0.125941
0.020000 0.133922
0.020000 0.307408
0.020000 0.306819
0.020000 0.246318
0.020000 0.163132
