30 48 edge_degree 1.6
0 28 0.11409192469952167
0 22 0.9030349592187422
0 10 0.9545771032108653
0 23 0.3930839656681937
0 29 0.8064739516941039
1 15 0.9483983870999835
2 24 0.9515089849657694
3 8 0.22168791478405947
3 15 0.5379698917653243
3 28 0.9478590877680119
3 5 0.9584235192840391
3 23 0.1276053351529498
4 18 0.7216039794174358
6 25 0.8105663465470211
6 13 0.26164597590878047
6 21 0.21156866598803115
7 18 0.20116484689165226
7 16 0.07906486823965864
7 11 0.5599188466167813
7 21 0.3911963316121003
7 24 0.6045980281099197
8 14 0.02792842284251218
9 14 0.3717446215110759
9 27 0.5043941727066441
10 28 0.9770982388850811
12 20 0.49052912814683713
12 26 0.8155310696648017
12 21 0.2179961827001341
12 16 0.5673662512176472
13 19 0.5834865494899736
13 26 0.1366999168884474
13 16 0.7336986899381839
14 15 0.2509444666076627
14 24 0.07344139357227109
15 24 0.1671318777590215
15 17 0.6644185943742799
15 27 0.5718597673759559
16 29 0.2489724770246483
17 20 0.2623312163781064
17 29 0.4242696080157202
18 28 0.37432589185307363
18 27 0.7584208883110362
20 29 0.5069794787506364
20 23 0.07034601719345812
22 23 0.3771718500419067
23 25 0.45200029078596105
25 27 0.09743249774131513
26 29 0.483464313885115
