30 48 edge_degree 1.6
0 27 0.7458314926976287
0 7 0.8321179911928844
1 2 0.20900591030386728
1 19 0.3331543500737223
1 28 0.839117280001939
2 11 0.34068860117625
4 5 0.4001155702024358
5 26 0.27259467939082704
5 13 0.8620917502237612
5 17 0.4753666003061785
5 7 0.7957612941947332
5 10 0.46399872508430695
5 28 0.9328138419341622
5 14 0.9258947900979608
6 19 0.4864656199135672
7 16 0.9990237972253208
8 9 0.40211633601351204
8 16 0.7839883185330787
8 15 0.9797253679577518
10 29 0.8633631591936232
11 17 0.25991414472301466
11 14 0.47518835783988267
11 16 0.42616005186027184
11 25 0.4874155004087256
11 18 0.9668434374967634
11 27 0.39979324903340685
11 21 0.29399784139741714
12 20 0.1730663080577527
12 29 0.5318408857579219
12 24 0.8492604834462331
13 28 0.9746912475740032
13 23 0.8868690549492299
14 29 0.6715749344845301
14 25 0.19591264404547515
14 20 0.16131366731964902
14 28 0.39644946222384747
15 29 0.35106388654383014
16 27 0.5841548394743667
16 28 0.7962473813341487
16 29 0.6012311286907146
17 21 0.13051181861353334
18 21 0.704006251002758
18 23 0.6957631308752055
21 27 0.6027938246062924
22 23 0.7760534647771794
23 25 0.6264038517240567
24 29 0.40367987440460984
25 26 0.12797285826702343
