80 160 edge_degree 2.0
0 9 0.5811895477224789
0 61 0.24646301758821842
0 62 0.7281755852421683
0 41 0.6043085806407575
1 60 0.5634828123141228
1 8 0.3919746611253545
1 43 0.48611412072283156
1 61 0.710556651328988
2 37 0.13618642979436757
2 40 0.545030963896054
2 75 0.6347306431199105
2 7 0.20518253050653923
2 30 0.658378106052125
3 34 0.8155125277303887
3 35 0.12716939840776242
3 13 0.7251987336286324
4 17 0.688627747838828
4 39 0.0832652121188735
4 68 0.20294435953224954
4 67 0.9669163232696165
4 52 0.9868926667187982
4 28 0.34807627220769743
4 65 0.28535660820480846
4 61 0.12116217317593436
5 38 0.3657367355430098
5 15 0.027346841547811307
5 48 0.9628822565398956
5 43 0.015802418052624057
5 31 0.9708261995089686
6 73 0.7514916842727757
6 52 0.9501758523113617
6 34 0.980069704569091
6 60 0.4198691744272314
6 8 0.16352981642978504
7 42 0.7615021511564367
7 61 0.60811326173391
7 16 0.6597283211036699
8 77 0.35652862020816545
8 61 0.3192055520301099
8 44 0.01312384137563316
8 75 0.8334088548644016
9 40 0.16024825948869903
10 43 0.5421575468503876
10 79 0.4552147622915663
11 61 0.1034011564031897
11 65 0.08874378971878061
12 46 0.4606029875820433
12 13 0.23748127394683838
13 27 0.8486094077983799
13 76 0.8849578256439388
13 79 0.624245164336656
14 78 0.8695733155292226
15 36 0.29929184766722705
15 28 0.4505570420201047
15 21 0.6404994733667841
15 25 0.14082658800850456
15 68 0.47361745214983686
16 69 0.5937933059229112
16 72 0.9929497002947374
16 53 0.41288695383933294
16 43 0.08160645891113105
16 35 0.7253904006207028
17 56 0.5107007180573357
17 48 0.9922450563201388
17 75 0.16165023358156883
19 50 0.5717392006087063
19 29 0.40975331251194946
19 52 0.06971475081359468
19 33 0.584526837382016
19 25 0.2676571641463763
20 75 0.468462389811238
20 77 0.5110056870637252
20 40 0.297727741056769
21 56 0.1315219713115381
21 30 0.544785355275037
22 40 0.15748236192698684
23 46 0.3287905244298426
23 55 0.524168450296276
23 73 0.1836286794424533
24 29 0.9776721688034596
24 40 0.07924745463366067
24 33 0.3948908739232756
25 52 0.7520448846412848
25 55 0.2482317574092361
27 63 0.7381243148371835
27 72 0.9695088373029057
28 34 0.5707769574292292
28 42 0.0012846844752657516
28 45 0.7990450640909074
29 43 0.9010346024780427
30 75 0.4945909399130821
30 64 0.7938646037715752
30 55 0.6379055961016948
30 41 0.1962950781294831
31 34 0.7731893581624
32 47 0.9811768663499025
32 69 0.47131711349360383
33 70 0.7608275800843549
33 55 0.27408988154230396
33 66 0.01476910381513974
33 76 0.002576985235980933
34 73 0.881905554364575
34 64 0.1745263041942745
34 57 0.024489599653722882
34 59 0.044329878679389756
35 70 0.9969150598250941
35 62 0.43702974827152397
35 43 0.15826192453390164
36 69 0.1855147415532492
37 78 0.5955170375582083
37 66 0.6206519529515043
37 53 0.3284448419364454
38 53 0.6691097932545607
38 55 0.9020144856546277
38 70 0.7915221701768588
38 58 0.6596382782420485
38 48 0.43524154362232237
38 64 0.9165788595458946
38 46 0.893892133950726
39 64 0.30706266210248623
40 46 0.8659144128168174
40 47 0.7986361080734533
41 69 0.03389124151266765
41 76 0.6258446718478157
42 75 0.7916170553434401
44 73 0.5917579613277196
44 75 0.5240440424226156
44 53 0.9799684851474905
44 49 0.20258920813637116
45 59 0.3625462878771708
45 77 0.1658254081541981
47 77 0.15367720521823902
48 58 0.29627780044645535
48 78 0.08537232147190288
49 66 0.2193739047014358
49 54 0.2913052016041635
49 64 0.9924421234304855
49 75 0.18000436515980633
50 73 0.5435062321235756
51 73 0.04345754293435433
52 74 0.40470189452237415
52 72 0.7566303328196753
53 54 0.6158863430521018
53 74 0.39199325151225206
54 66 0.4806896577357357
55 71 0.6712257167673584
58 66 0.9338361771127054
60 74 0.06240566413298254
60 69 0.12616668472792958
60 70 0.32268816498771025
60 76 0.1044446295432474
62 64 0.18820232400038206
65 79 0.5167964156637777
67 68 0.7403894179620364
67 79 0.9071758895858691
68 74 0.9415457463564034
71 76 0.49439407605747143
72 73 0.8564683522556594
75 76 0.2952278603905051
77 78 0.6540490091665031
