30 48 edge_degree 1.6
0 2 0.12424677960251718
0 29 0.42712140635711526
1 7 0.4698313062608509
1 25 0.6085221244329792
1 2 0.42344437588090855
2 4 0.31471216200919183
2 11 0.11427850861847844
2 8 0.5721109078379368
3 23 0.33076549233999963
3 26 0.3602350618792195
4 10 0.6348102265684511
5 24 0.9102556355920066
5 6 0.7792888620580383
5 7 0.1807605700310474
5 14 0.9083062033864832
6 8 0.5712913860495045
6 13 0.5519703218839275
6 21 0.9199712691978958
7 9 0.9055420206908332
7 15 0.22978802030157164
8 11 0.9598481900419353
8 25 0.42204591136965075
8 26 0.2543573336783852
8 16 0.8419588780131533
9 29 0.9137592713922331
9 26 0.5067234503143374
9 18 0.36507898459812227
9 27 0.9392542373728161
9 13 0.7870274283486223
10 21 0.22662584855219803
12 15 0.34572631318528735
12 17 0.8854054088166375
12 16 0.6314324079548769
13 19 0.7757810639346369
14 20 0.3696585171848178
15 22 0.18738356896007435
16 17 0.9804202983424681
16 24 0.5321384659200586
17 27 0.1265091967521862
17 20 0.5093811531969741
19 27 0.7888721583968843
20 26 0.5312402501258869
20 27 0.008965131518393843
22 28 0.6947178206308047
23 27 0.5110961230973113
24 25 0.9309567071777717
26 29 0.9573156954217654
27 28 0.30329355038621475
