80 200 edge_degree 2.5
0 76 0.18022629219992536
0 47 0.9455857768559637
0 44 0.7735736127914657
0 32 0.8190268802377926
0 38 0.6556027424814544
1 27 0.7834457304767833
1 57 0.6994358378883595
1 74 0.333604655009467
1 61 0.7712332921808037
1 24 0.3542834349556676
2 38 0.2556718066832596
2 32 0.8770786702549406
2 70 0.07678605455736343
2 40 0.5454342259884042
2 16 0.01319920318110035
3 59 0.6416650831904677
3 34 0.9541391915670814
3 61 0.21662613354609594
3 67 0.8642926997324655
4 37 0.8610129344629632
4 30 0.39166169641550397
4 7 0.03391198444998922
4 39 0.013127602781093706
4 53 0.263621622408004
4 47 0.7759207181006982
4 60 0.3204363049678477
4 16 0.7149348466521177
5 23 0.3968060298338909
5 60 0.6915097285611389
5 37 0.6009345794724019
6 31 0.24708594709382503
6 20 0.3485963446729744
6 17 0.7660124051571923
7 22 0.9471444462087169
7 53 0.8849893955736123
8 33 0.8375469777582594
8 43 0.8161366028254514
8 46 0.6842846448335775
8 59 0.5162406096194916
9 20 0.30946264647641575
9 75 0.18565737396853355
10 19 0.04866842895438961
10 76 0.24090141080156025
10 53 0.9380397918636084
11 55 0.03538130984604704
11 69 0.351325170373324
11 62 0.5105114714914535
11 77 0.4348117859173646
12 38 0.9461763921387275
13 69 0.4292425662379753
13 59 0.9543628952444152
13 52 0.251255428850945
13 48 0.7877764485127311
14 20 0.44129448658640025
14 18 0.7037334995167853
14 40 0.41987024972884435
14 70 0.30124165516250345
15 31 0.6790701139840549
15 79 0.6954597319406968
15 77 0.6389421042248161
16 26 0.5358532621704227
16 72 0.2413484669102739
16 45 0.06366127465860028
17 79 0.2486736090094327
17 25 0.3466859550148642
17 50 0.8813493694155604
18 21 0.8337741087508838
18 46 0.9627110135706555
18 53 0.682446989589886
18 37 0.14650852410783943
18 66 0.8482216334880859
18 20 0.4774363234803345
18 41 0.17130763931707116
18 36 0.9476523158000024
18 39 0.0806166806447155
19 47 0.6191287345662895
19 34 0.7299401799719661
19 54 0.8578237469888379
20 25 0.8190286827993141
20 76 0.37699849369882865
21 55 0.11660237314544875
21 66 0.780616182266657
21 67 0.07498343680468611
21 78 0.2809146344042509
21 28 0.7679691778299745
21 61 0.33078948563995914
22 39 0.8333907660352285
22 63 0.7035982217343436
22 43 0.551771946002939
22 57 0.6812197004848971
23 49 0.09569913816987297
23 26 0.20330736418453943
23 40 0.7767173894685042
23 43 0.47493511002181743
23 79 0.5324562366212385
23 28 0.4897093831063838
23 61 0.7888797801718489
24 70 0.5616457864576987
25 69 0.6963401130979661
25 49 0.11415866090263571
25 79 0.860747745062605
25 46 0.2642620145874863
25 37 0.3748844816602014
26 27 0.7995349720215991
26 43 0.35581520580159554
26 30 0.6495638260444395
28 63 0.5332314084235719
31 48 0.9410457109346654
31 73 0.8133318312946046
31 56 0.08033093564201266
31 35 0.22503361618005102
31 62 0.8656961232102041
32 79 0.5939866009507604
32 67 0.9126321020483399
32 58 0.37000369070823647
32 41 0.9181008310050501
32 53 0.31648004561289156
33 37 0.5168865887292835
33 76 0.39249701102452295
34 65 0.7271636686607639
35 52 0.8284247235760035
35 43 0.7585317713564474
35 37 0.19006826433980595
35 62 0.3665766906507981
35 59 0.8184217640066285
35 44 0.07494514261921736
36 64 0.672525652977103
36 61 0.8773004830483652
36 37 0.654201155014035
36 38 0.943299778544137
36 60 0.4846350913852927
37 40 0.1268660258617691
37 69 0.4215116210249016
37 74 0.6050661824745958
37 61 0.5993073434945019
37 78 0.5062789315065723
38 42 0.30371259017849783
38 53 0.9297523839227085
38 63 0.21084152719865468
39 45 0.166040928632743
39 61 0.5833798982318658
39 40 0.009621451826625771
39 62 0.7528279670664458
40 61 0.4441158774407208
41 72 0.09711152440548709
42 63 0.3384673415678494
42 46 0.15634210783036107
42 68 0.42169265277980006
43 65 0.4575616996109769
43 68 0.7407902406550742
44 59 0.6410086685831442
44 76 0.7164021811176553
44 45 0.40306676663290775
44 52 0.8251599676469232
44 51 0.8545281948269209
45 67 0.4530628865116194
45 51 0.6995106912038049
45 65 0.07196884421787864
45 75 0.15587925260562174
46 53 0.0822067266811135
46 71 0.8715361855732522
46 75 0.5640056470581954
47 60 0.4464034104020158
47 75 0.17722182286651045
47 59 0.15272820378163965
48 74 0.16312514320169857
48 68 0.8843505498513102
48 78 0.8916119579299683
48 76 0.7266136119424043
48 72 0.9885732315468431
48 49 0.7959443954256595
49 61 0.028053456190078707
50 60 0.8474949151128551
51 68 0.9599254982666772
51 60 0.9198331343686383
52 53 0.45543530182467895
54 55 0.5132416636485342
55 74 0.29026816821332657
56 79 0.044879193234158454
56 75 0.18812517551194763
58 79 0.2455277583526535
58 62 0.5302196622955575
58 70 0.8247949068859673
60 61 0.401761473624782
60 70 0.41438317437850114
60 66 0.0523967778641059
61 72 0.34921425300920295
63 77 0.26083213900627744
63 70 0.607073969787777
64 70 0.9255317167143158
65 78 0.5864777056182
66 74 0.776913004929234
68 72 0.4927917834930763
68 71 0.6443306572469997
69 78 0.9376735130874245
69 74 0.0033336645808336174
70 79 0.8219894137346759
70 78 0.74601484924273
73 76 0.8523777297760977
75 77 0.34144925362647505
