45 90 num_nodes 45
0 38 0.3
0 24 0.3
0 14 0.1
0 34 0.1
0 17 0.7
1 31 0.7
1 20 0.7
1 27 0.3
1 26 0.1
1 30 0.5
1 14 0.5
1 28 0.1
1 7 0.3
2 30 0.1
2 19 0.3
2 43 0.1
3 30 0.3
4 16 0.5
4 5 0.5
4 18 0.1
5 28 0.7
5 11 0.5
6 13 0.1
6 37 0.3
6 11 0.1
6 10 0.3
7 31 0.3
7 21 0.1
7 39 0.7
8 36 0.3
8 32 0.7
10 41 0.3
10 32 0.7
10 42 0.3
11 23 0.9
11 40 0.5
11 22 0.5
12 19 0.5
12 34 0.5
12 35 0.5
13 43 0.3
13 27 0.9
14 17 0.1
14 33 0.9
14 35 0.3
14 22 0.3
14 43 0.3
15 25 0.7
15 17 0.9
16 35 0.1
16 33 0.3
17 42 0.5
17 41 0.3
18 29 0.7
18 40 0.7
18 37 0.1
19 24 0.9
20 44 0.7
21 39 0.1
21 26 0.5
22 36 0.5
22 29 0.5
22 31 0.5
22 26 0.9
23 43 0.3
23 31 0.1
23 36 0.7
24 41 0.1
24 27 0.9
25 37 0.1
25 33 0.3
25 32 0.1
26 42 0.5
26 32 0.7
27 32 0.3
28 30 0.5
28 44 0.7
28 31 0.5
29 38 0.5
30 31 0.9
31 32 0.5
32 42 0.1
33 35 0.3
34 41 0.7
34 39 0.1
35 41 0.1
35 44 0.5
35 38 0.9
35 37 0.7
37 39 0.5
