45 90 num_nodes 45
0 18 0.1
0 36 0.5
1 25 0.1
1 41 0.3
1 29 0.7
1 20 0.7
2 5 0.7
2 29 0.5
2 22 0.5
2 23 0.1
2 34 0.7
2 7 0.7
2 31 0.5
2 12 0.3
2 16 0.7
3 14 0.9
3 10 0.3
4 5 0.1
4 12 0.1
4 18 0.5
5 38 0.1
5 17 0.9
5 44 0.3
6 25 0.3
6 11 0.7
6 20 0.9
6 28 0.5
7 21 0.7
7 13 0.3
8 16 0.7
9 30 0.5
9 43 0.7
9 20 0.5
9 38 0.1
10 12 0.3
10 14 0.3
10 21 0.9
10 29 0.1
11 15 0.9
11 22 0.3
11 18 0.9
12 32 0.3
12 26 0.9
12 35 0.1
12 39 0.5
12 30 0.9
12 15 0.3
13 16 0.7
13 27 0.1
13 31 0.1
14 26 0.3
15 19 0.9
15 30 0.9
15 39 0.5
15 20 0.1
15 28 0.9
15 16 0.1
16 17 0.7
16 19 0.9
17 23 0.9
17 40 0.3
17 28 0.9
17 37 0.9
18 35 0.7
18 19 0.9
18 38 0.3
18 43 0.1
18 20 0.5
18 28 0.1
18 36 0.5
18 33 0.9
19 35 0.9
19 36 0.3
20 40 0.9
21 42 0.3
21 44 0.7
23 40 0.3
24 32 0.1
24 38 0.9
26 27 0.3
26 41 0.1
26 28 0.3
27 28 0.3
27 37 0.5
27 41 0.3
30 41 0.5
31 37 0.7
33 34 0.5
38 43 0.9
39 43 0.1
