45 90 num_nodes 45
0 15 0.3
0 8 0.3
0 13 0.5
0 38 0.3
0 28 0.7
1 29 0.1
1 19 0.3
1 16 0.5
1 35 0.7
2 11 0.9
2 18 0.3
2 15 0.9
2 40 0.7
3 10 0.5
3 11 0.7
3 9 0.3
4 8 0.5
4 16 0.5
4 19 0.9
5 27 0.5
5 19 0.9
5 40 0.9
5 38 0.3
5 11 0.5
6 36 0.1
6 29 0.5
6 10 0.7
7 23 0.5
7 15 0.7
7 9 0.1
8 28 0.7
8 13 0.9
8 36 0.3
9 10 0.7
9 23 0.7
9 44 0.5
9 29 0.9
10 24 0.3
10 13 0.1
10 18 0.3
10 39 0.3
11 17 0.9
11 44 0.1
11 20 0.5
11 19 0.5
11 40 0.9
12 20 0.5
12 24 0.7
12 39 0.1
13 26 0.9
13 40 0.7
13 21 0.3
15 41 0.9
15 30 0.1
16 39 0.1
16 33 0.3
16 29 0.7
17 21 0.9
17 18 0.7
17 31 0.9
18 26 0.5
19 21 0.5
19 22 0.7
19 30 0.3
20 43 0.9
20 30 0.7
21 43 0.1
21 31 0.1
22 44 0.3
22 25 0.1
22 29 0.7
22 32 0.9
22 38 0.3
23 26 0.5
23 37 0.7
23 27 0.1
24 34 0.5
24 37 0.3
25 34 0.7
25 30 0.5
26 41 0.9
26 40 0.1
29 33 0.7
30 44 0.5
31 44 0.7
32 39 0.9
33 41 0.5
34 43 0.1
34 44 0.3
37 38 0.3
