80 160 Varying K 11
0 57 0.9567070574963574
0 49 0.8222784515035225
0 68 0.36376518731932905
1 69 0.2932340748074943
1 25 0.676353486948531
1 35 0.936168226988307
1 16 0.750544583364755
1 78 0.27024585916484
1 11 0.6296741033311457
2 3 0.38855380873228673
2 37 0.6187326312607868
2 57 0.9094841729699858
2 55 0.6772237035129652
2 28 0.9394521733760387
2 63 0.44754728512376785
2 20 0.8109860629080694
3 49 0.010217671490051816
3 40 0.4402982868367552
3 54 0.26718685828531474
3 60 0.4244081304913746
3 29 0.28732186280028005
3 39 0.5218567579753657
3 67 0.22547886006787454
4 61 0.44224746127206105
4 32 0.7618121893957827
4 20 0.9258338001243455
4 71 0.6680929275841331
4 65 0.17317213481849958
5 39 0.8397085684825544
5 8 0.03937159837085613
5 52 0.9916688657688332
5 37 0.3662645775534831
5 24 0.9970221307479323
6 39 0.8128411024741177
7 61 0.5300260838290468
7 38 0.7079163102253122
8 32 0.8016904209761581
8 37 0.7550515670248771
9 10 0.0679627001400438
9 48 0.8013064323728303
10 17 0.9446891570346712
10 34 0.8565617285007205
11 47 0.21450111923141812
11 70 0.8947664623455752
12 62 0.41728198982193465
12 23 0.3012968746857436
12 44 0.038441593150922104
12 48 0.8154820539150999
13 75 0.33358579792973475
13 20 0.22155627106237274
13 33 0.2907651653197971
13 49 0.7210101891679311
13 41 0.22812214819216037
13 35 0.03832080030930474
14 79 0.1260659005694953
14 60 0.43550304786998917
14 37 0.6109139973294764
14 43 0.33563091569300885
14 58 0.9561642678312573
14 52 0.34065008581984557
14 57 0.30417269817637993
15 63 0.5618006884668344
15 37 0.02508994087617411
16 65 0.40543452683776526
16 27 0.8862638393738111
16 18 0.17581702631521978
17 72 0.5927635817092111
17 62 0.5884547999333906
18 50 0.7125882022069207
20 21 0.26864861140065044
20 53 0.8281664430661076
21 34 0.6496389598619204
21 79 0.07427152892036926
22 53 0.9347657794130232
22 70 0.5316538029442958
23 74 0.20310725344319458
23 44 0.710584110668267
24 38 0.1574786487734905
24 53 0.7394193650407432
24 63 0.8520590832173643
25 70 0.8063653545260419
25 48 0.2636235972786496
25 41 0.5381446639478442
26 48 0.1960618201896499
26 54 0.11668632495430187
26 77 0.05211938082388423
26 73 0.17997030867109431
27 48 0.2963325219395795
27 75 0.137602074032513
27 34 0.15186269913952788
27 68 0.86494806177849
28 67 0.33009665840409785
28 58 0.8034080118685221
28 66 0.5200046386140106
28 57 0.536824510937429
28 72 0.9371264194670381
29 34 0.42482022352991355
29 70 0.15333507715296246
29 44 0.8777301756194339
29 64 0.9030344097974851
29 51 0.047534719748298815
30 68 0.8562406479063334
30 77 0.5789086423232587
30 75 0.21670734912896872
31 51 0.26101344036344465
31 34 0.7439651153169843
32 67 0.6392292853332372
32 65 0.7887814485808067
32 72 0.09258347734823413
32 47 0.3976714826753379
34 58 0.1820819422671458
34 42 0.23017659836020243
36 75 0.10677326504915319
36 51 0.7075938137297367
37 58 0.007151230907261774
37 64 0.462133400701067
37 46 0.5112859838128512
38 39 0.4032477782357944
41 63 0.8904022952768649
41 54 0.2641835390537075
41 78 0.5011917858701506
42 64 0.592075052306648
42 78 0.590020731803305
43 49 0.6967653552560913
43 54 0.15770093623302872
44 65 0.5806921067075143
44 53 0.9890686741650052
44 70 0.9061574088992209
45 73 0.8935305725461388
45 62 0.4881000165320437
46 70 0.5606259826651263
46 72 0.7395655233620901
47 62 0.809981461933653
50 75 0.5951435883560338
50 66 0.34882335580090473
50 74 0.28798847188664234
50 73 0.9777309225071918
52 64 0.9807728125136298
53 71 0.8179665940145021
54 64 0.15360026077133682
54 69 0.42535993415859485
55 77 0.35493214413693597
55 75 0.6054451487209362
56 63 0.39342219907654596
56 65 0.7154960740497519
57 60 0.4735272091979422
57 64 0.16123534455506539
58 76 0.09140305543946059
58 72 0.9633593163194052
62 68 0.7615749468992622
63 64 0.5778336910885891
64 76 0.48778132757141734
66 71 0.5337598488462562
68 72 0.8542369040637529
69 70 0.6997462041564563
69 79 0.620912681873324
70 77 0.8376566965930995
70 74 0.7443075654045369
70 73 0.5603176804425846
75 78 0.6723136711899727
