80 160 Varying K 11
0 49 0.7968803719377715
0 4 0.8823603821105065
0 67 0.47532075637136495
0 9 0.8729101898797343
1 24 0.4345168450881174
2 5 0.34513399457627236
2 71 0.33513751010634374
2 12 0.21136224674597692
2 74 0.45382668404850746
2 46 0.9004706638653625
2 39 0.030407188004856867
2 25 0.767064014747687
3 46 0.9862111443412772
3 22 0.03365168166623855
3 31 0.3505774786188275
3 8 0.4109876097932259
3 39 0.4659242934063257
3 13 0.24363883320224855
3 66 0.25387105835714396
3 36 0.687403400413975
3 79 0.027046351663715162
4 74 0.7073767651875864
4 34 0.028761196733660843
4 54 0.2380939871740344
4 32 0.11089165369626808
4 65 0.42766499728371277
4 19 0.6620034642501984
4 11 0.9305686116673101
5 75 0.9253401657906959
5 77 0.477640280658315
5 60 0.9279013918217326
6 73 0.8587068159465471
6 75 0.9501019014455087
7 11 0.9312283836352172
7 13 0.8729879280053198
7 26 0.1300107078290066
7 46 0.005843486760552685
7 17 0.36620728668257474
7 57 0.5201279427915263
8 53 0.990909453014016
9 43 0.332052845833396
9 56 0.038562130925328786
9 28 0.22865090320980974
9 12 0.15103897874611827
10 46 0.40377409553189847
10 14 0.7473937739614548
10 32 0.5640169362681309
10 78 0.713964129683903
10 54 0.7868337790087564
11 40 0.5514669258548883
11 65 0.9332674317699674
12 21 0.7155586258415482
12 61 0.2815820023187562
12 52 0.5958106512408315
13 29 0.11229718565717928
13 30 0.758390429300946
13 27 0.922838005845801
13 39 0.5293693492826812
14 36 0.21564923727727459
14 20 0.3700494821304814
14 73 0.526783535077538
15 66 0.5873591846553505
15 32 0.8112956950144977
16 20 0.05375324091907141
16 57 0.20612336989361701
16 37 0.56980088692142
17 65 0.11321764408872126
17 66 0.7447349578136411
17 59 0.5100604031831083
18 43 0.5822309629034638
18 47 0.23036127445306875
18 69 0.31261051702458187
19 31 0.8199414213239886
19 79 0.7347682038579785
20 55 0.24803683570301638
20 57 0.9871982298038492
20 29 0.37429778783993617
21 39 0.43150037255913276
21 67 0.1308047055402558
21 41 0.9417473507926563
22 71 0.10593885967681027
22 41 0.6461094819587045
22 46 0.13100450011540987
22 45 0.7350425019502933
23 57 0.16821831148734545
23 66 0.5747781101609388
23 29 0.21249798930141417
23 74 0.8812580305248979
24 62 0.47376184805665267
26 39 0.8860603850726902
26 55 0.20782979881796548
26 59 0.0855719510702112
27 77 0.6583701872680157
27 48 0.5037879602200014
28 62 0.33377085755716074
28 60 0.5021364012843509
29 30 0.022556727727326087
29 58 0.10888356709594338
29 31 0.052288129136295214
29 75 0.7772647587561202
31 67 0.37744397051853396
31 34 0.8684704569468811
32 77 0.33957958754249085
32 47 0.15304951909968123
32 46 0.09557048967160509
33 51 0.2508571089722649
33 70 0.7074756182743007
34 78 0.27826800475891533
34 75 0.0408735796864339
34 61 0.8521086203858874
35 62 0.5026232655413752
35 54 0.7894665688553462
37 47 0.1627379999123404
37 63 0.09088890773559766
37 50 0.9179005125392965
38 64 0.9489440706301846
39 61 0.8646576040245209
39 68 0.11838662498890129
39 47 0.3492915028928416
40 59 0.275977548561988
41 65 0.1841792356477906
42 50 0.7637185790006549
43 62 0.5094937576094966
44 72 0.08972076123989892
44 78 0.44000228424345755
44 50 0.2018087358204358
45 46 0.7614622651517113
45 65 0.16496536224138136
45 58 0.49033524269036777
46 65 0.32777384234519535
46 75 0.9711387638987611
46 79 0.8620878286971108
46 78 0.9469944663868715
47 69 0.09116980706531375
47 50 0.7856218436485254
48 54 0.9219959965534995
49 52 0.3998458614104269
50 65 0.8200617394047995
50 62 0.2080945019721484
51 59 0.3045846788375344
52 75 0.9257526218567805
52 62 0.6440402200450634
53 67 0.9467694345885801
53 77 0.2083864126774012
53 62 0.21167819322901227
54 65 0.10294265237799816
56 64 0.3883611445206272
57 70 0.5101317355397559
58 59 0.4509562587321727
58 71 0.07382502832585547
61 67 0.23869998905877887
62 65 0.6222205742310664
62 76 0.237064497609349
63 64 0.6794219928383091
64 78 0.3469523155481399
65 71 0.17507243613378187
66 71 0.9950290808288557
66 74 0.808803082176084
73 74 0.160677507307885
75 78 0.7210440943807319
