80 160 Varying K 11
0 9 0.5393517090211873
0 61 0.3039483513781144
0 62 0.7216246578742344
0 41 0.6449508087961717
1 60 0.12299377496425079
1 8 0.08096244323501423
1 43 0.22020463136904855
1 61 0.6351727153887082
2 37 0.4209470690534436
2 40 0.8712551399436153
2 75 0.9449331671399722
2 7 0.10747953026214496
2 30 0.21216054682822627
3 34 0.3277543150935144
3 35 0.5714578203439921
3 13 0.5544655065656808
4 17 0.02672193909317999
4 39 0.9823534401801733
4 68 0.21801519372760347
4 67 0.06611680106846318
4 52 0.04559666283538222
4 28 0.0883694620094726
4 65 0.7080021759099706
4 61 0.9521209963862098
5 38 0.22700484253826247
5 15 0.3494585693696446
5 48 0.19497683342237115
5 43 0.802914944725368
5 31 0.9000994643739717
6 73 0.578289362218907
6 52 0.3779810002643885
6 34 0.8708349446118491
6 60 0.8340403415241994
6 8 0.3017335231368091
7 42 0.8903271544249335
7 61 0.833213595911377
7 16 0.7210714311218059
8 77 0.21966328482938324
8 61 0.39739815823055424
8 44 0.12462109809950417
8 75 0.8699204198038227
9 40 0.13521857073694865
10 43 0.8307315445037282
10 79 0.5407377589596475
11 61 0.4274340169800209
11 65 0.46741407269050506
12 46 0.5069609657235619
12 13 0.07676055801118764
13 27 0.9143793469120831
13 76 0.018123235516478875
13 79 0.6665812477302765
14 78 0.6339795618565391
15 36 0.9614087605138778
15 28 0.42176033354555487
15 21 0.5323085072031934
15 25 0.6554302617528215
15 68 0.3118578124920338
16 69 0.05786906999645158
16 72 0.8775310181414718
16 53 0.3592055349543468
16 43 0.03436286472862493
16 35 0.631510067253997
17 56 0.22798102675215692
17 48 0.14148051196718503
17 75 0.4154977790226595
19 50 0.9511991566206692
19 29 0.6482330476396978
19 52 0.08725013623850175
19 33 0.8565345173309293
19 25 0.2863840553637952
20 75 0.4319957641582106
20 77 0.3047712871694852
20 40 0.8109600695268858
21 56 0.6471211126479441
21 30 0.7385243287311505
22 40 0.6300012231072966
23 46 0.10223911778844774
23 55 0.9885008744545319
23 73 0.7816131985311398
24 29 0.28723513784943333
24 40 0.8321776414491924
24 33 0.45377479777361274
25 52 0.868082309542868
25 55 0.43522497045039543
27 63 0.89728276236498
27 72 0.5344375954722803
28 34 0.4577294157316547
28 42 0.11623089677910936
28 45 0.7703181804784287
29 43 0.7863607227282186
30 75 0.3561285710632178
30 64 0.7104051025107183
30 55 0.7125940434966439
30 41 0.5630765869396613
31 34 0.2811321792992967
32 47 0.4168791014339659
32 69 0.5484005656697855
33 70 0.4998681847010553
33 55 0.5278252941628037
33 66 0.0812072228818399
33 76 0.9897497718505437
34 73 0.8289743360551495
34 64 0.9759599674215007
34 57 0.6165116716307575
34 59 0.6852988525829431
35 70 0.35388004673194207
35 62 0.8916556917834737
35 43 0.3430714611006962
36 69 0.9087828710730709
37 78 0.6441717306254237
37 66 0.5977532993645416
37 53 0.4805015636059272
38 53 0.3905328507440211
38 55 0.1656825998952417
38 70 0.6121111981172012
38 58 0.3613152379323492
38 48 0.44930176556168067
38 64 0.7121110733547793
38 46 0.4062888737353513
39 64 0.5216349611470663
40 46 0.8890739271283313
40 47 0.8199159711575993
41 69 0.4996762578991989
41 76 0.8407141149916384
42 75 0.20156993316933314
44 73 0.02767761235132782
44 75 0.6484443108320505
44 53 0.8519819827197997
44 49 0.12119569119180473
45 59 0.6614564142417727
45 77 0.366316579525113
47 77 0.5768109893957779
48 58 0.40956725968158025
48 78 0.9080380475407851
49 66 0.6192946002129162
49 54 0.953613452174897
49 64 0.31592396050010896
49 75 0.6354098805110493
50 73 0.8470580031959517
51 73 0.1275823930619422
52 74 0.5944397447135605
52 72 0.33648197991515205
53 54 0.8112951552707254
53 74 0.5103195626607769
54 66 0.19738189796158012
55 71 0.9182314650691161
58 66 0.8408538352445
60 74 0.770979823488902
60 69 0.06878285526608252
60 70 0.7354095324511745
60 76 0.8079530111641056
62 64 0.7830631601884371
65 79 0.8884816822389816
67 68 0.21628920142897823
67 79 0.28838680456468835
68 74 0.9918089427199366
71 76 0.6575746781256595
72 73 0.11558026976057323
75 76 0.9613430998765862
77 78 0.8750951181830933
