80 160 Varying K 11
0 38 0.6368262429658271
0 27 0.5580037092470658
0 69 0.9967636401411499
0 21 0.8161492613366133
0 6 0.9822100869349385
1 73 0.7584631811946252
1 78 0.1638900733179286
1 66 0.943231212953225
2 51 0.8651638221875829
2 41 0.5331111682965508
3 33 0.8770248339638217
3 58 0.19442112715525095
3 56 0.16938624309591344
4 41 0.3029005889190809
4 62 0.4960453263745378
4 10 0.9391386547763095
5 33 0.9552040308062963
5 10 0.08507516275812577
5 45 0.27615823297624575
5 46 0.9886040152379157
5 77 0.11581801550339865
5 63 0.5102206071511747
5 50 0.9581915650235413
5 17 0.19532166597939626
6 40 0.4484916366370977
6 25 0.9992722502673714
7 28 0.6079341303693367
7 29 0.2705328887566395
7 21 0.8564796642106698
7 34 0.8042135137154126
8 11 0.6271742198137438
8 52 0.3434427836206345
8 25 0.0656691062899667
9 37 0.9387191852423953
9 63 0.8122679460478467
9 10 0.6991550331012546
9 14 0.17649631582060854
9 66 0.019629207722720476
10 36 0.9294239665636637
10 46 0.8825517936482175
11 77 0.6894990043471282
11 70 0.3092323146361061
11 49 0.7258948217693612
12 41 0.6209858792383363
12 56 0.36782070777986187
12 51 0.6623015489331896
13 50 0.2996069922715804
13 22 0.5770813025964785
14 26 0.7614234455484007
14 72 0.8233631366094422
14 32 0.6656157888186205
14 76 0.6436626940062465
14 69 0.8033098781428115
15 42 0.24593851944753353
15 67 0.4940030534804847
15 54 0.8033999531506093
15 39 0.4236951213536614
16 79 0.14389057560231167
17 32 0.46908211536385236
18 25 0.3533688418855574
18 41 0.542308523617567
18 32 0.8443423177569057
19 61 0.5412144792045221
19 41 0.5393023984388976
19 76 0.08081986207988145
19 22 0.3170496855332543
20 57 0.8732735534213841
20 42 0.8547005772832014
20 27 0.12312019049339218
20 77 0.7589557787384359
20 47 0.4787408426254943
21 39 0.06953119083634696
21 58 0.9763082846826573
21 73 0.41427799584237535
21 59 0.26112290509597025
21 71 0.3351195456845093
22 31 0.7983581957267589
22 37 0.4772947080636393
23 35 0.4261373341078104
23 29 0.41166835255224077
24 34 0.7729856801364342
24 52 0.9943751779810923
24 79 0.11583390652603553
24 63 0.4502622188670864
24 35 0.9034996437512187
25 56 0.9313063061657343
25 71 0.9002685639163786
25 61 0.16161158626890637
25 30 0.33828791044887685
26 54 0.8691868847159985
26 29 0.23119618428493538
26 55 0.25889250246192175
26 48 0.7425489635263143
27 33 0.06800687388183368
27 54 0.006350269263728725
27 34 0.23372529955569166
28 53 0.3357676466704137
28 70 0.3262712405270195
29 39 0.04177192410977337
29 62 0.7834674028710359
30 38 0.007997118585525653
30 78 0.32501854275047726
31 64 0.3642491960029568
31 74 0.8026734308431772
31 56 0.3676448674238315
31 67 0.4681280480302634
31 52 0.7098149501839579
32 77 0.8514318331925226
33 53 0.18813754864772847
33 43 0.928303996429406
35 46 0.40659731957863987
35 60 0.42450557406460987
35 59 0.6589361328256927
35 74 0.22517157892333695
36 55 0.6173451779840111
36 41 0.48177714683703343
37 70 0.9794215504480059
37 47 0.4848878457873249
37 73 0.7384034042034535
37 56 0.02294136183930473
37 52 0.6445468356756671
37 43 0.8125747650264918
37 45 0.04133168550950417
38 44 0.6318603693763819
38 61 0.9552707189360544
39 65 0.7296664051750685
39 49 0.7996324080627302
39 72 0.48007368810700835
40 60 0.6788711348569616
40 78 0.460976829071128
41 75 0.7283883802476074
41 63 0.45655152763295725
42 71 0.20635659082236124
43 49 0.6980765507143816
43 60 0.279286412258833
43 50 0.4479541480678937
45 55 0.158522948456153
46 79 0.0911289963854266
48 76 0.805052727056205
48 50 0.06337429903777458
49 51 0.765641679703579
50 56 0.9616558394790361
51 72 0.4884309017564116
52 79 0.7830969300654521
52 56 0.0632551850289157
53 67 0.21240310363632608
53 56 0.7336354548047815
54 76 0.6564289295900151
55 65 0.372126049067508
56 64 0.07244433547596263
58 69 0.4388101125866001
59 69 0.5414397729173146
60 72 0.8511764491605572
60 67 0.44891359183348367
61 67 0.787068406329171
62 69 0.0005504452548985572
62 71 0.4373467016517092
62 76 0.42506323324768747
66 68 0.48442598116304625
78 79 0.4915095025503682
