80 160 Varying K 11
0 76 0.9341708645906707
0 47 0.4457969937197458
0 44 0.47326404768949637
1 27 0.5503053891853907
1 57 0.8695364663151423
1 74 0.7997579490079841
2 38 0.6429905993540711
2 32 0.10951310686123006
2 70 0.7347559682157146
2 40 0.4382851984679982
3 59 0.17677069080196983
3 34 0.009174628502653492
4 37 0.20909336048975968
4 30 0.012565084499836399
4 7 0.24425334897918471
4 39 0.47974292715277556
4 53 0.4970339609314005
4 47 0.3806931887960079
5 23 0.33660047570006535
5 60 0.13961551339779676
6 31 0.2639486630825838
6 20 0.1529718261240759
6 17 0.03995361188408986
7 22 0.5789730761633456
7 53 0.9965253916488251
8 33 0.2125237308234199
8 43 0.1793973118252813
8 46 0.6440605463807918
9 20 0.43728021855138344
9 75 0.41905632533476667
10 19 0.9462027266335306
10 76 0.5948574908125714
10 53 0.3581780641582505
11 55 0.7352341358544516
11 69 0.499569066665733
11 62 0.014876556500218796
11 77 0.5536485409930676
12 38 0.7705787515900042
13 69 0.21276505266693746
13 59 0.721606905355978
13 52 0.14708677002493697
13 48 0.6645205200657033
14 20 0.30892744026809893
14 18 0.3869157438572606
14 40 0.8224586129607346
14 70 0.6126944746222094
15 31 0.515986106787412
16 26 0.9528385836163228
16 72 0.4681457959317076
16 45 0.8027199866954068
17 79 0.8061320518133757
17 25 0.9569087382336474
18 21 0.04188558132797937
18 46 0.28654308528561034
18 53 0.3893725910310726
18 37 0.08684652610143972
18 66 0.6992485208762289
18 20 0.5989621634578559
18 41 0.6389616527676806
19 47 0.2808726086188117
20 25 0.9674401499088245
20 76 0.6694814179580569
21 55 0.6552363620619154
21 66 0.7603946611836541
21 67 0.11913309823215057
21 78 0.9466156106144261
21 28 0.9775691965873987
22 39 0.20028908667973366
22 63 0.40487832701751314
22 43 0.5934338470136482
22 57 0.4048702184838039
23 49 0.31772747414602587
23 26 0.6186707885302517
23 40 0.7390329592035508
23 43 0.9486124960283849
23 79 0.7183173736756566
23 28 0.8921621871525233
23 61 0.38478231168024757
24 70 0.4805252308096266
25 69 0.5607074432751921
25 49 0.72352969347695
25 79 0.5774886360024457
25 46 0.255288594267744
26 27 0.47109955512966784
26 43 0.3484400814546711
26 30 0.10760229437450775
28 63 0.38753940704483436
31 48 0.6511406697490006
31 73 0.6800353684539187
32 79 0.7171119320676943
32 67 0.122851651658484
32 58 0.26797748729782067
32 41 0.3547293844192474
32 53 0.8059753984214356
33 37 0.6496879805695139
33 76 0.017862685927808708
34 65 0.726934172751793
35 52 0.964988826866262
35 43 0.5310360449742052
35 37 0.015858463507186893
35 62 0.5957218831726134
35 59 0.7650878019486934
35 44 0.8144031674914184
36 64 0.15884114559939277
36 61 0.2283688843444902
37 40 0.7070023449342422
37 69 0.23441396384958002
37 74 0.00821915700989062
37 61 0.1399440021789652
38 42 0.7123261552072013
38 53 0.8603521262039827
38 63 0.6896259363562466
39 45 0.32089922822275363
39 61 0.7169026190383438
39 40 0.4197080239447618
39 62 0.05497728440569771
40 61 0.7140494212428394
41 72 0.8634314115767524
42 63 0.13392659189387046
42 46 0.5811884769728832
43 65 0.4598142463633812
44 59 0.026586577188124405
44 76 0.6068094568507528
44 45 0.29657028313412825
44 52 0.6192364966986891
44 51 0.07239153668729048
45 67 0.2087769841272068
45 51 0.3047434535725063
45 65 0.8813824346303076
45 75 0.22144423982349637
46 53 0.7157781099857763
46 71 0.3991542804898921
47 60 0.5502240085580264
47 75 0.6728589205441662
47 59 0.7191118589247156
48 74 0.5381492315536118
48 68 0.5099475622449423
48 78 0.8696000683131639
48 76 0.08361150810257567
48 72 0.3773095449996776
48 49 0.43239821306033843
51 68 0.5702650947613281
51 60 0.5180313790547696
52 53 0.42094430216286804
54 55 0.9257247973748007
56 79 0.12973316125257517
56 75 0.6328110480579165
58 79 0.04934790486624829
58 62 0.0654273948375168
60 61 0.679719099302368
60 70 0.9333457105722255
61 72 0.2708782099248155
64 70 0.8025905257187698
65 78 0.3327913754712968
66 74 0.4551108077770991
68 72 0.4024409470724972
69 78 0.09271440260526032
70 79 0.24821738551307926
70 78 0.09391809653450711
75 77 0.9399356380206959
