80 160 Varying K 11
0 9 0.7
0 61 0.7
0 62 0.1
0 41 0.3
1 60 0.5
1 8 0.1
1 43 0.5
1 61 0.7
2 37 0.5
2 40 0.1
2 75 0.9
2 7 0.9
2 30 0.3
3 34 0.7
3 35 0.7
3 13 0.1
4 17 0.5
4 39 0.1
4 68 0.1
4 67 0.3
4 52 0.3
4 28 0.1
4 65 0.9
4 61 0.5
5 38 0.1
5 15 0.1
5 48 0.9
5 43 0.7
5 31 0.1
6 73 0.5
6 52 0.9
6 34 0.5
6 60 0.5
6 8 0.7
7 42 0.5
7 61 0.1
7 16 0.1
8 77 0.5
8 61 0.3
8 44 0.5
8 75 0.9
9 40 0.5
10 43 0.5
10 79 0.7
11 61 0.9
11 65 0.5
12 46 0.7
12 13 0.7
13 27 0.5
13 76 0.3
13 79 0.5
14 78 0.7
15 36 0.5
15 28 0.7
15 21 0.1
15 25 0.3
15 68 0.9
16 69 0.3
16 72 0.3
16 53 0.5
16 43 0.3
16 35 0.5
17 56 0.5
17 48 0.9
17 75 0.7
19 50 0.5
19 29 0.7
19 52 0.9
19 33 0.7
19 25 0.9
20 75 0.1
20 77 0.7
20 40 0.5
21 56 0.3
21 30 0.1
22 40 0.1
23 46 0.9
23 55 0.1
23 73 0.3
24 29 0.7
24 40 0.3
24 33 0.7
25 52 0.3
25 55 0.1
27 63 0.9
27 72 0.5
28 34 0.9
28 42 0.3
28 45 0.7
29 43 0.9
30 75 0.1
30 64 0.3
30 55 0.7
30 41 0.7
31 34 0.9
32 47 0.9
32 69 0.1
33 70 0.9
33 55 0.7
33 66 0.9
33 76 0.9
34 73 0.1
34 64 0.7
34 57 0.3
34 59 0.9
35 70 0.5
35 62 0.3
35 43 0.1
36 69 0.9
37 78 0.5
37 66 0.1
37 53 0.3
38 53 0.9
38 55 0.9
38 70 0.7
38 58 0.3
38 48 0.9
38 64 0.7
38 46 0.5
39 64 0.3
40 46 0.1
40 47 0.3
41 69 0.1
41 76 0.1
42 75 0.5
44 73 0.9
44 75 0.1
44 53 0.1
44 49 0.3
45 59 0.1
45 77 0.5
47 77 0.3
48 58 0.1
48 78 0.7
49 66 0.5
49 54 0.9
49 64 0.7
49 75 0.7
50 73 0.7
51 73 0.1
52 74 0.5
52 72 0.7
53 54 0.5
53 74 0.7
54 66 0.7
55 71 0.3
58 66 0.3
60 74 0.5
60 69 0.9
60 70 0.5
60 76 0.1
62 64 0.7
65 79 0.5
67 68 0.7
67 79 0.1
68 74 0.9
71 76 0.3
72 73 0.3
75 76 0.1
77 78 0.5
