80 160 Varying K 11
0 76 0.5
0 47 0.5
0 44 0.3
1 27 0.3
1 57 0.7
1 74 0.3
2 38 0.7
2 32 0.1
2 70 0.5
2 40 0.3
3 59 0.1
3 34 0.7
4 37 0.7
4 30 0.5
4 7 0.7
4 39 0.3
4 53 0.1
4 47 0.3
5 23 0.9
5 60 0.1
6 31 0.7
6 20 0.1
6 17 0.3
7 22 0.3
7 53 0.9
8 33 0.9
8 43 0.1
8 46 0.5
9 20 0.1
9 75 0.9
10 19 0.7
10 76 0.9
10 53 0.9
11 55 0.3
11 69 0.3
11 62 0.9
11 77 0.3
12 38 0.5
13 69 0.5
13 59 0.5
13 52 0.1
13 48 0.5
14 20 0.1
14 18 0.1
14 40 0.1
14 70 0.7
15 31 0.1
16 26 0.9
16 72 0.9
16 45 0.9
17 79 0.1
17 25 0.9
18 21 0.1
18 46 0.3
18 53 0.7
18 37 0.3
18 66 0.9
18 20 0.1
18 41 0.9
19 47 0.1
20 25 0.1
20 76 0.9
21 55 0.7
21 66 0.5
21 67 0.7
21 78 0.9
21 28 0.1
22 39 0.9
22 63 0.5
22 43 0.9
22 57 0.7
23 49 0.5
23 26 0.1
23 40 0.9
23 43 0.3
23 79 0.9
23 28 0.9
23 61 0.1
24 70 0.7
25 69 0.1
25 49 0.7
25 79 0.3
25 46 0.5
26 27 0.5
26 43 0.5
26 30 0.3
28 63 0.3
31 48 0.1
31 73 0.1
32 79 0.9
32 67 0.1
32 58 0.5
32 41 0.3
32 53 0.7
33 37 0.5
33 76 0.7
34 65 0.5
35 52 0.3
35 43 0.1
35 37 0.3
35 62 0.7
35 59 0.3
35 44 0.7
36 64 0.3
36 61 0.7
37 40 0.5
37 69 0.9
37 74 0.1
37 61 0.5
38 42 0.5
38 53 0.9
38 63 0.9
39 45 0.7
39 61 0.3
39 40 0.3
39 62 0.1
40 61 0.7
41 72 0.3
42 63 0.1
42 46 0.5
43 65 0.9
44 59 0.9
44 76 0.3
44 45 0.1
44 52 0.3
44 51 0.3
45 67 0.5
45 51 0.9
45 65 0.1
45 75 0.9
46 53 0.7
46 71 0.7
47 60 0.1
47 75 0.3
47 59 0.1
48 74 0.9
48 68 0.7
48 78 0.3
48 76 0.5
48 72 0.7
48 49 0.9
51 68 0.7
51 60 0.3
52 53 0.3
54 55 0.3
56 79 0.5
56 75 0.9
58 79 0.3
58 62 0.7
60 61 0.9
60 70 0.3
61 72 0.7
64 70 0.7
65 78 0.1
66 74 0.9
68 72 0.9
69 78 0.3
70 79 0.9
70 78 0.1
75 77 0.1
