80 160 Varying K 11
0 57 0.1
0 49 0.3
0 68 0.9
1 69 0.3
1 25 0.7
1 35 0.3
1 16 0.1
1 78 0.9
1 11 0.1
2 3 0.9
2 37 0.3
2 57 0.3
2 55 0.3
2 28 0.3
2 63 0.5
2 20 0.7
3 49 0.5
3 40 0.3
3 54 0.7
3 60 0.3
3 29 0.5
3 39 0.5
3 67 0.9
4 61 0.5
4 32 0.9
4 20 0.5
4 71 0.3
4 65 0.1
5 39 0.1
5 8 0.3
5 52 0.1
5 37 0.1
5 24 0.3
6 39 0.5
7 61 0.7
7 38 0.9
8 32 0.7
8 37 0.3
9 10 0.9
9 48 0.7
10 17 0.1
10 34 0.5
11 47 0.1
11 70 0.7
12 62 0.5
12 23 0.3
12 44 0.7
12 48 0.9
13 75 0.9
13 20 0.3
13 33 0.1
13 49 0.9
13 41 0.7
13 35 0.7
14 79 0.1
14 60 0.9
14 37 0.5
14 43 0.3
14 58 0.3
14 52 0.7
14 57 0.3
15 63 0.5
15 37 0.5
16 65 0.5
16 27 0.9
16 18 0.5
17 72 0.3
17 62 0.7
18 50 0.1
20 21 0.7
20 53 0.7
21 34 0.3
21 79 0.1
22 53 0.7
22 70 0.9
23 74 0.5
23 44 0.5
24 38 0.7
24 53 0.5
24 63 0.7
25 70 0.9
25 48 0.3
25 41 0.5
26 48 0.9
26 54 0.9
26 77 0.5
26 73 0.9
27 48 0.5
27 75 0.3
27 34 0.9
27 68 0.9
28 67 0.7
28 58 0.3
28 66 0.3
28 57 0.9
28 72 0.1
29 34 0.9
29 70 0.5
29 44 0.5
29 64 0.5
29 51 0.7
30 68 0.7
30 77 0.9
30 75 0.9
31 51 0.5
31 34 0.7
32 67 0.5
32 65 0.1
32 72 0.1
32 47 0.9
34 58 0.1
34 42 0.1
36 75 0.1
36 51 0.9
37 58 0.5
37 64 0.1
37 46 0.3
38 39 0.1
41 63 0.1
41 54 0.7
41 78 0.9
42 64 0.1
42 78 0.1
43 49 0.1
43 54 0.7
44 65 0.3
44 53 0.1
44 70 0.3
45 73 0.5
45 62 0.7
46 70 0.9
46 72 0.3
47 62 0.5
50 75 0.3
50 66 0.7
50 74 0.1
50 73 0.9
52 64 0.1
53 71 0.5
54 64 0.1
54 69 0.5
55 77 0.5
55 75 0.3
56 63 0.3
56 65 0.3
57 60 0.7
57 64 0.1
58 76 0.3
58 72 0.7
62 68 0.9
63 64 0.5
64 76 0.5
66 71 0.1
68 72 0.9
69 70 0.3
69 79 0.7
70 77 0.5
70 74 0.1
70 73 0.5
75 78 0.5
