80 160 Varying K 11
0 49 0.5
0 4 0.5
0 67 0.1
0 9 0.5
1 24 0.5
2 5 0.1
2 71 0.1
2 12 0.3
2 74 0.1
2 46 0.7
2 39 0.3
2 25 0.7
3 46 0.7
3 22 0.5
3 31 0.9
3 8 0.5
3 39 0.9
3 13 0.9
3 66 0.5
3 36 0.5
3 79 0.1
4 74 0.5
4 34 0.5
4 54 0.3
4 32 0.7
4 65 0.9
4 19 0.1
4 11 0.5
5 75 0.9
5 77 0.3
5 60 0.7
6 73 0.3
6 75 0.3
7 11 0.7
7 13 0.9
7 26 0.5
7 46 0.7
7 17 0.7
7 57 0.7
8 53 0.3
9 43 0.5
9 56 0.9
9 28 0.3
9 12 0.9
10 46 0.5
10 14 0.3
10 32 0.3
10 78 0.3
10 54 0.5
11 40 0.1
11 65 0.3
12 21 0.7
12 61 0.3
12 52 0.3
13 29 0.1
13 30 0.7
13 27 0.1
13 39 0.1
14 36 0.9
14 20 0.7
14 73 0.3
15 66 0.5
15 32 0.1
16 20 0.9
16 57 0.1
16 37 0.7
17 65 0.3
17 66 0.7
17 59 0.7
18 43 0.3
18 47 0.1
18 69 0.7
19 31 0.5
19 79 0.5
20 55 0.7
20 57 0.9
20 29 0.1
21 39 0.3
21 67 0.7
21 41 0.9
22 71 0.5
22 41 0.1
22 46 0.5
22 45 0.9
23 57 0.5
23 66 0.3
23 29 0.3
23 74 0.1
24 62 0.7
26 39 0.1
26 55 0.5
26 59 0.3
27 77 0.7
27 48 0.9
28 62 0.1
28 60 0.1
29 30 0.3
29 58 0.9
29 31 0.9
29 75 0.5
31 67 0.1
31 34 0.5
32 77 0.3
32 47 0.5
32 46 0.5
33 51 0.9
33 70 0.9
34 78 0.5
34 75 0.3
34 61 0.5
35 62 0.7
35 54 0.5
37 47 0.5
37 63 0.3
37 50 0.1
38 64 0.3
39 61 0.3
39 68 0.1
39 47 0.1
40 59 0.9
41 65 0.1
42 50 0.3
43 62 0.9
44 72 0.1
44 78 0.3
44 50 0.7
45 46 0.3
45 65 0.1
45 58 0.3
46 65 0.5
46 75 0.5
46 79 0.3
46 78 0.9
47 69 0.9
47 50 0.5
48 54 0.7
49 52 0.7
50 65 0.5
50 62 0.9
51 59 0.3
52 75 0.5
52 62 0.3
53 67 0.1
53 77 0.1
53 62 0.3
54 65 0.3
56 64 0.5
57 70 0.3
58 59 0.5
58 71 0.7
61 67 0.5
62 65 0.3
62 76 0.3
63 64 0.1
64 78 0.7
65 71 0.7
66 71 0.3
66 74 0.1
73 74 0.5
75 78 0.3
