80 160 Varying K 11
0 9 0.7
0 61 0.5
0 62 0.9
0 41 0.7
1 60 0.3
1 8 0.7
1 43 0.9
1 61 0.7
2 37 0.7
2 40 0.5
2 75 0.1
2 7 0.7
2 30 0.5
3 34 0.9
3 35 0.7
3 13 0.1
4 17 0.1
4 39 0.5
4 68 0.3
4 67 0.7
4 52 0.3
4 28 0.9
4 65 0.5
4 61 0.1
5 38 0.1
5 15 0.7
5 48 0.1
5 43 0.9
5 31 0.1
6 73 0.5
6 52 0.3
6 34 0.1
6 60 0.3
6 8 0.9
7 42 0.5
7 61 0.7
7 16 0.1
8 77 0.9
8 61 0.7
8 44 0.5
8 75 0.1
9 40 0.5
10 43 0.1
10 79 0.7
11 61 0.9
11 65 0.9
12 46 0.3
12 13 0.9
13 27 0.9
13 76 0.5
13 79 0.3
14 78 0.1
15 36 0.9
15 28 0.1
15 21 0.3
15 25 0.9
15 68 0.5
16 69 0.7
16 72 0.5
16 53 0.9
16 43 0.7
16 35 0.9
17 56 0.3
17 48 0.5
17 75 0.5
19 50 0.9
19 29 0.9
19 52 0.7
19 33 0.9
19 25 0.7
20 75 0.7
20 77 0.3
20 40 0.5
21 56 0.9
21 30 0.5
22 40 0.3
23 46 0.1
23 55 0.3
23 73 0.9
24 29 0.9
24 40 0.5
24 33 0.9
25 52 0.9
25 55 0.7
27 63 0.9
27 72 0.7
28 34 0.9
28 42 0.9
28 45 0.7
29 43 0.7
30 75 0.3
30 64 0.3
30 55 0.1
30 41 0.3
31 34 0.9
32 47 0.5
32 69 0.3
33 70 0.7
33 55 0.3
33 66 0.9
33 76 0.1
34 73 0.1
34 64 0.9
34 57 0.7
34 59 0.5
35 70 0.3
35 62 0.1
35 43 0.7
36 69 0.7
37 78 0.1
37 66 0.5
37 53 0.7
38 53 0.7
38 55 0.5
38 70 0.1
38 58 0.9
38 48 0.5
38 64 0.7
38 46 0.3
39 64 0.9
40 46 0.9
40 47 0.5
41 69 0.7
41 76 0.3
42 75 0.9
44 73 0.3
44 75 0.1
44 53 0.5
44 49 0.1
45 59 0.5
45 77 0.1
47 77 0.7
48 58 0.9
48 78 0.9
49 66 0.7
49 54 0.5
49 64 0.5
49 75 0.7
50 73 0.3
51 73 0.5
52 74 0.9
52 72 0.1
53 54 0.1
53 74 0.7
54 66 0.7
55 71 0.9
58 66 0.7
60 74 0.1
60 69 0.1
60 70 0.1
60 76 0.9
62 64 0.9
65 79 0.9
67 68 0.5
67 79 0.9
68 74 0.7
71 76 0.3
72 73 0.9
75 76 0.9
77 78 0.1
