80 160 Varying K 11
0 76 0.9
0 47 0.3
0 44 0.9
1 27 0.5
1 57 0.5
1 74 0.9
2 38 0.7
2 32 0.5
2 70 0.5
2 40 0.1
3 59 0.3
3 34 0.7
4 37 0.3
4 30 0.3
4 7 0.5
4 39 0.9
4 53 0.1
4 47 0.7
5 23 0.7
5 60 0.7
6 31 0.1
6 20 0.5
6 17 0.3
7 22 0.5
7 53 0.7
8 33 0.5
8 43 0.1
8 46 0.7
9 20 0.5
9 75 0.9
10 19 0.3
10 76 0.3
10 53 0.7
11 55 0.1
11 69 0.5
11 62 0.1
11 77 0.5
12 38 0.9
13 69 0.5
13 59 0.1
13 52 0.9
13 48 0.7
14 20 0.5
14 18 0.1
14 40 0.3
14 70 0.3
15 31 0.3
16 26 0.7
16 72 0.7
16 45 0.5
17 79 0.9
17 25 0.3
18 21 0.3
18 46 0.9
18 53 0.3
18 37 0.3
18 66 0.1
18 20 0.3
18 41 0.9
19 47 0.5
20 25 0.9
20 76 0.1
21 55 0.7
21 66 0.3
21 67 0.1
21 78 0.7
21 28 0.9
22 39 0.7
22 63 0.9
22 43 0.1
22 57 0.3
23 49 0.5
23 26 0.5
23 40 0.9
23 43 0.5
23 79 0.1
23 28 0.9
23 61 0.5
24 70 0.5
25 69 0.5
25 49 0.5
25 79 0.1
25 46 0.1
26 27 0.9
26 43 0.7
26 30 0.1
28 63 0.1
31 48 0.5
31 73 0.5
32 79 0.1
32 67 0.5
32 58 0.1
32 41 0.5
32 53 0.9
33 37 0.9
33 76 0.9
34 65 0.1
35 52 0.1
35 43 0.3
35 37 0.5
35 62 0.5
35 59 0.1
35 44 0.7
36 64 0.3
36 61 0.5
37 40 0.1
37 69 0.9
37 74 0.1
37 61 0.5
38 42 0.9
38 53 0.3
38 63 0.9
39 45 0.7
39 61 0.5
39 40 0.3
39 62 0.3
40 61 0.7
41 72 0.5
42 63 0.5
42 46 0.9
43 65 0.5
44 59 0.9
44 76 0.3
44 45 0.9
44 52 0.1
44 51 0.3
45 67 0.5
45 51 0.5
45 65 0.1
45 75 0.7
46 53 0.7
46 71 0.5
47 60 0.7
47 75 0.3
47 59 0.1
48 74 0.1
48 68 0.3
48 78 0.3
48 76 0.7
48 72 0.1
48 49 0.7
51 68 0.1
51 60 0.1
52 53 0.9
54 55 0.7
56 79 0.5
56 75 0.9
58 79 0.3
58 62 0.1
60 61 0.1
60 70 0.5
61 72 0.9
64 70 0.1
65 78 0.9
66 74 0.7
68 72 0.7
69 78 0.1
70 79 0.7
70 78 0.9
75 77 0.9
