num_nodes
num_nodes
10.000000 0.049266
10.000000 0.026419
10.000000 0.042988
10.000000 0.047993
10.000000 0.041978
20.000000 0.206934
20.000000 0.125920
20.000000 0.143677
20.000000 0.506834
20.000000 0.181057
30.000000 0.290240
30.000000 1.425808
30.000000 1.041005
30.000000 0.760285
30.000000 0.285950
40.000000 1.463150
40.000000 0.550311
40.000000 0.929425
40.000000 0.994618
40.000000 1.406470
50.000000 6.162185
50.000000 0.788838
50.000000 1.181174
50.000000 1.206578
50.000000 1.741169
60.000000 2.927976
60.000000 1.213662
60.000000 2.903698
60.000000 0.989305
60.000000 1.253282
70.000000 2.262879
70.000000 2.167462
70.000000 5.043109
70.000000 2.900548
70.000000 2.381634
80.000000 10.114507
80.000000 6.092391
80.000000 3.810609
80.000000 6.279201
80.000000 14.112483
90.000000 9.101226
90.000000 23.252680
90.000000 15.505703
90.000000 5.730230
90.000000 2.015292
100.000000 3.717136
100.000000 11.254216
100.000000 12.908497
100.000000 10.022476
100.000000 7.692959
