num_nodes
num_nodes
10.000000 7.317176
10.000000 0.008836
10.000000 7.221420
10.000000 0.156022
10.000000 0.171470
20.000000 0.628652
20.000000 0.320547
20.000000 18.371199
20.000000 0.358433
20.000000 0.055081
30.000000 27.214446
30.000000 25.621941
30.000000 23.044114
30.000000 23.224137
30.000000 0.721576
40.000000 1.383865
40.000000 7.345192
40.000000 16.418335
40.000000 3.390050
40.000000 0.837389
50.000000 37.502695
50.000000 1.118003
50.000000 37.829038
50.000000 106.128697
50.000000 50.486410
60.000000 49.779934
60.000000 54.599958
60.000000 53.828575
60.000000 2.664206
60.000000 47.971986
70.000000 205.384629
70.000000 102.354804
70.000000 9.653166
70.000000 59.135047
70.000000 337.213110
80.000000 8.762267
80.000000 3388.112933
80.000000 74.090175
80.000000 59.963347
80.000000 10.430113
