num_nodes
num_nodes
10.000000 0.016076
10.000000 0.014675
10.000000 0.019245
10.000000 0.022618
10.000000 0.021668
20.000000 0.151372
20.000000 0.077864
20.000000 0.093451
20.000000 0.046691
20.000000 0.064974
30.000000 0.286907
30.000000 0.475692
30.000000 0.321901
30.000000 0.215838
30.000000 0.167761
40.000000 0.781970
40.000000 1.634327
40.000000 1.942141
40.000000 0.419374
40.000000 0.657696
50.000000 1.966864
50.000000 1.025987
50.000000 0.993262
50.000000 1.178048
50.000000 0.880038
60.000000 2.148734
60.000000 1.583775
60.000000 1.872514
60.000000 1.430971
60.000000 2.171100
70.000000 9.272554
70.000000 2.621854
70.000000 2.161665
70.000000 2.134796
70.000000 5.589030
80.000000 2.744176
80.000000 133.738230
80.000000 3.493664
80.000000 1.835241
80.000000 3.616217
90.000000 4.969411
90.000000 3.193235
90.000000 311.721879
90.000000 17.502658
90.000000 204.631620
100.000000 24.025314
100.000000 9.500772
100.000000 113.716677
100.000000 7.695156
100.000000 24.313625
