num_nodes
num_nodes
10.000000 0.019973
10.000000 0.008817
10.000000 0.012604
10.000000 0.050531
10.000000 0.014115
20.000000 1.486681
20.000000 0.081150
20.000000 0.036576
20.000000 0.321675
20.000000 0.046890
30.000000 0.088568
30.000000 0.463468
30.000000 0.544140
30.000000 0.344846
30.000000 0.301357
40.000000 0.231016
40.000000 0.133622
40.000000 0.545994
40.000000 8.318148
40.000000 0.590404
50.000000 21.032289
50.000000 2.279074
50.000000 0.471122
50.000000 1.376828
50.000000 0.464432
60.000000 15.253070
60.000000 0.523864
60.000000 0.933790
60.000000 0.723383
60.000000 0.832594
70.000000 0.914536
70.000000 533.409210
70.000000 4.711454
70.000000 1.864958
70.000000 0.986806
80.000000 380.284554
80.000000 111.229099
80.000000 2.476813
80.000000 38.415256
80.000000 1189.691366
