80 160 Varying K 11
0 38 0.5
0 27 0.1
0 69 0.7
0 21 0.3
0 6 0.1
1 73 0.7
1 78 0.9
1 66 0.9
2 51 0.1
2 41 0.9
3 33 0.9
3 58 0.1
3 56 0.3
4 41 0.1
4 62 0.1
4 10 0.9
5 33 0.9
5 10 0.1
5 45 0.7
5 46 0.1
5 77 0.9
5 63 0.1
5 50 0.7
5 17 0.9
6 40 0.1
6 25 0.9
7 28 0.3
7 29 0.5
7 21 0.7
7 34 0.5
8 11 0.5
8 52 0.1
8 25 0.7
9 37 0.1
9 63 0.3
9 10 0.3
9 14 0.7
9 66 0.9
10 36 0.1
10 46 0.1
11 77 0.5
11 70 0.1
11 49 0.9
12 41 0.1
12 56 0.9
12 51 0.7
13 50 0.3
13 22 0.5
14 26 0.1
14 72 0.7
14 32 0.1
14 76 0.5
14 69 0.5
15 42 0.3
15 67 0.7
15 54 0.1
15 39 0.9
16 79 0.7
17 32 0.5
18 25 0.9
18 41 0.5
18 32 0.7
19 61 0.9
19 41 0.9
19 76 0.1
19 22 0.7
20 57 0.3
20 42 0.5
20 27 0.9
20 77 0.1
20 47 0.7
21 39 0.5
21 58 0.5
21 73 0.3
21 59 0.3
21 71 0.9
22 31 0.5
22 37 0.3
23 35 0.9
23 29 0.1
24 34 0.3
24 52 0.7
24 79 0.1
24 63 0.7
24 35 0.3
25 56 0.9
25 71 0.7
25 61 0.3
25 30 0.3
26 54 0.5
26 29 0.1
26 55 0.7
26 48 0.7
27 33 0.7
27 54 0.3
27 34 0.9
28 53 0.3
28 70 0.3
29 39 0.9
29 62 0.5
30 38 0.7
30 78 0.1
31 64 0.9
31 74 0.3
31 56 0.9
31 67 0.7
31 52 0.1
32 77 0.3
33 53 0.1
33 43 0.3
35 46 0.1
35 60 0.7
35 59 0.5
35 74 0.5
36 55 0.9
36 41 0.9
37 70 0.3
37 47 0.1
37 73 0.1
37 56 0.5
37 52 0.9
37 43 0.9
37 45 0.1
38 44 0.5
38 61 0.1
39 65 0.9
39 49 0.5
39 72 0.5
40 60 0.7
40 78 0.3
41 75 0.9
41 63 0.1
42 71 0.1
43 49 0.7
43 60 0.9
43 50 0.5
45 55 0.5
46 79 0.7
48 76 0.7
48 50 0.5
49 51 0.1
50 56 0.7
51 72 0.9
52 79 0.9
52 56 0.5
53 67 0.1
53 56 0.5
54 76 0.5
55 65 0.9
56 64 0.9
58 69 0.1
59 69 0.3
60 72 0.5
60 67 0.5
61 67 0.9
62 69 0.1
62 71 0.7
62 76 0.5
66 68 0.1
78 79 0.3
