80 240 edge_degree 3.0
0 57 0.9
0 49 0.7
0 68 0.5
0 22 0.5
1 69 0.5
1 25 0.7
1 35 0.3
1 16 0.9
1 78 0.7
1 11 0.5
1 3 0.3
1 37 0.1
1 58 0.7
2 3 0.5
2 37 0.1
2 57 0.9
2 55 0.5
2 28 0.5
2 63 0.9
2 20 0.3
2 9 0.9
2 7 0.5
3 49 0.3
3 40 0.1
3 54 0.3
3 60 0.1
3 29 0.9
3 39 0.7
3 67 0.9
3 62 0.1
4 61 0.3
4 32 0.1
4 20 0.5
4 71 0.7
4 65 0.7
4 69 0.7
5 39 0.7
5 8 0.7
5 52 0.5
5 37 0.7
5 24 0.9
5 40 0.9
6 39 0.1
6 20 0.5
7 61 0.9
7 38 0.7
8 32 0.7
8 37 0.1
8 51 0.5
8 40 0.7
8 57 0.7
9 10 0.5
9 48 0.1
9 34 0.5
9 70 0.9
9 41 0.5
10 17 0.3
10 34 0.5
10 46 0.7
11 47 0.7
11 70 0.5
11 35 0.1
11 57 0.9
11 31 0.3
11 78 0.9
12 62 0.9
12 23 0.3
12 44 0.9
12 48 0.3
12 26 0.1
12 42 0.3
12 64 0.3
13 75 0.5
13 20 0.9
13 33 0.7
13 49 0.3
13 41 0.3
13 35 0.9
13 39 0.5
14 79 0.9
14 60 0.3
14 37 0.5
14 43 0.7
14 58 0.7
14 52 0.9
14 57 0.1
14 32 0.3
15 63 0.1
15 37 0.9
16 65 0.1
16 27 0.7
16 18 0.5
16 37 0.1
16 17 0.5
17 72 0.9
17 62 0.3
17 75 0.7
18 50 0.9
18 40 0.5
18 26 0.9
19 60 0.5
19 22 0.9
20 21 0.9
20 53 0.7
21 34 0.9
21 79 0.3
21 30 0.1
21 33 0.3
22 53 0.5
22 70 0.3
22 65 0.3
22 38 0.5
22 51 0.9
23 74 0.1
23 44 0.9
23 69 0.9
23 41 0.7
24 38 0.9
24 53 0.9
24 63 0.3
25 70 0.5
25 48 0.9
25 41 0.5
25 31 0.7
26 48 0.5
26 54 0.1
26 77 0.1
26 73 0.7
26 39 0.9
26 70 0.3
27 48 0.5
27 75 0.9
27 34 0.1
27 68 0.1
27 79 0.5
28 67 0.3
28 58 0.9
28 66 0.9
28 57 0.3
28 72 0.9
28 30 0.7
28 61 0.7
29 34 0.3
29 70 0.7
29 44 0.9
29 64 0.9
29 51 0.9
29 49 0.3
29 62 0.5
30 68 0.7
30 77 0.5
30 75 0.1
31 51 0.5
31 34 0.7
31 38 0.9
31 32 0.5
32 67 0.5
32 65 0.3
32 72 0.7
32 47 0.7
32 70 0.5
32 69 0.7
33 45 0.5
33 35 0.3
34 58 0.1
34 42 0.3
36 75 0.9
36 51 0.3
37 58 0.1
37 64 0.7
37 46 0.3
37 69 0.7
37 76 0.1
38 39 0.1
40 61 0.5
40 57 0.7
40 50 0.1
40 74 0.9
40 79 0.1
40 67 0.5
40 63 0.1
41 63 0.3
41 54 0.3
41 78 0.9
42 64 0.5
42 78 0.9
43 49 0.3
43 54 0.7
43 73 0.5
43 50 0.3
43 52 0.3
44 65 0.3
44 53 0.5
44 70 0.5
45 73 0.5
45 62 0.9
45 63 0.3
45 74 0.5
46 70 0.1
46 72 0.9
47 62 0.3
48 55 0.5
50 75 0.9
50 66 0.1
50 74 0.7
50 73 0.7
50 72 0.7
52 64 0.3
53 71 0.3
53 73 0.9
54 64 0.1
54 69 0.5
55 77 0.5
55 75 0.5
55 68 0.9
55 70 0.5
56 63 0.1
56 65 0.5
56 68 0.5
56 64 0.9
57 60 0.1
57 64 0.3
58 76 0.7
58 72 0.9
60 69 0.1
62 68 0.1
63 64 0.1
64 76 0.7
65 77 0.5
66 71 0.9
68 72 0.5
69 70 0.5
69 79 0.5
69 78 0.9
70 77 0.7
70 74 0.7
70 73 0.9
71 78 0.1
74 76 0.5
75 78 0.9
