30 60 edge_degree 2.0
0 27 0.3
0 7 0.7
1 2 0.1
1 19 0.7
1 28 0.7
2 11 0.7
4 5 0.1
5 26 0.9
5 13 0.5
5 17 0.9
5 7 0.3
5 10 0.7
5 28 0.9
5 14 0.1
6 19 0.9
7 16 0.1
7 10 0.5
8 9 0.5
8 16 0.5
8 15 0.3
8 19 0.3
9 15 0.7
9 25 0.7
10 29 0.1
11 17 0.1
11 14 0.7
11 16 0.9
11 25 0.7
11 18 0.1
11 27 0.3
11 21 0.3
12 20 0.7
12 29 0.5
12 24 0.3
13 28 0.3
13 23 0.3
13 18 0.1
14 29 0.1
14 25 0.3
14 20 0.9
14 28 0.7
14 23 0.1
15 29 0.9
15 21 0.3
16 27 0.9
16 28 0.7
16 29 0.9
16 17 0.9
17 21 0.3
17 29 0.5
18 21 0.9
18 23 0.1
19 20 0.1
21 27 0.5
22 23 0.7
22 26 0.7
23 25 0.3
24 29 0.7
25 26 0.5
28 29 0.5
