80 280 edge_degree 3.5
0 9 0.9
0 61 0.7
0 62 0.7
0 41 0.9
0 71 0.1
0 75 0.7
0 3 0.5
1 60 0.5
1 8 0.1
1 43 0.9
1 61 0.3
2 37 0.7
2 40 0.5
2 75 0.3
2 7 0.9
2 30 0.9
2 31 0.9
2 34 0.3
3 34 0.9
3 35 0.5
3 13 0.1
3 16 0.7
3 22 0.9
3 14 0.7
3 71 0.3
4 17 0.9
4 39 0.5
4 68 0.1
4 67 0.9
4 52 0.7
4 28 0.7
4 65 0.5
4 61 0.5
4 11 0.9
4 32 0.5
4 37 0.7
5 38 0.9
5 15 0.5
5 48 0.5
5 43 0.9
5 31 0.5
5 47 0.1
5 79 0.9
5 67 0.5
5 51 0.1
5 21 0.9
6 73 0.3
6 52 0.7
6 34 0.1
6 60 0.3
6 8 0.3
6 55 0.9
7 42 0.3
7 61 0.7
7 16 0.7
7 70 0.7
7 45 0.5
8 77 0.7
8 61 0.1
8 44 0.9
8 75 0.1
8 30 0.5
9 40 0.9
9 54 0.3
9 23 0.3
9 61 0.7
9 62 0.7
9 35 0.5
10 43 0.3
10 79 0.7
10 48 0.9
10 53 0.1
10 15 0.5
11 61 0.3
11 65 0.5
11 72 0.5
11 54 0.1
11 33 0.3
12 46 0.1
12 13 0.5
12 48 0.3
12 70 0.7
12 63 0.9
12 32 0.7
13 27 0.7
13 76 0.1
13 79 0.7
13 48 0.3
13 68 0.1
13 70 0.7
13 43 0.9
13 71 0.7
14 78 0.5
14 55 0.9
14 67 0.5
15 36 0.3
15 28 0.3
15 21 0.7
15 25 0.3
15 68 0.9
15 16 0.7
15 59 0.3
15 67 0.7
15 43 0.1
15 40 0.7
15 58 0.3
16 69 0.1
16 72 0.5
16 53 0.3
16 43 0.5
16 35 0.9
17 56 0.1
17 48 0.5
17 75 0.3
17 23 0.5
17 33 0.3
18 60 0.5
18 74 0.9
18 61 0.3
18 42 0.3
19 50 0.7
19 29 0.7
19 52 0.3
19 33 0.3
19 25 0.9
19 51 0.5
19 20 0.3
19 23 0.1
20 75 0.5
20 77 0.9
20 40 0.3
20 53 0.1
21 56 0.5
21 30 0.5
22 40 0.7
22 72 0.5
22 25 0.3
22 47 0.5
23 46 0.5
23 55 0.9
23 73 0.7
23 30 0.5
23 79 0.3
23 40 0.7
24 29 0.7
24 40 0.9
24 33 0.3
24 30 0.7
25 52 0.7
25 55 0.3
25 34 0.9
26 76 0.3
26 74 0.5
27 63 0.1
27 72 0.3
27 68 0.3
27 39 0.5
27 32 0.1
28 34 0.5
28 42 0.5
28 45 0.1
28 54 0.7
29 43 0.3
29 68 0.9
29 59 0.3
30 75 0.1
30 64 0.7
30 55 0.3
30 41 0.9
30 49 0.5
30 67 0.7
30 52 0.3
31 34 0.1
31 58 0.5
32 47 0.1
32 69 0.3
33 70 0.3
33 55 0.5
33 66 0.7
33 76 0.9
33 71 0.9
33 37 0.9
34 73 0.3
34 64 0.3
34 57 0.3
34 59 0.5
34 75 0.9
34 74 0.7
35 70 0.5
35 62 0.7
35 43 0.9
36 69 0.9
36 61 0.7
37 78 0.7
37 66 0.7
37 53 0.7
37 52 0.7
37 72 0.3
38 53 0.1
38 55 0.7
38 70 0.7
38 58 0.5
38 48 0.7
38 64 0.9
38 46 0.7
38 74 0.5
39 64 0.7
40 46 0.5
40 47 0.5
40 53 0.7
40 72 0.7
40 65 0.3
41 69 0.3
41 76 0.1
41 47 0.9
41 72 0.5
42 75 0.1
42 54 0.5
43 74 0.1
44 73 0.1
44 75 0.3
44 53 0.3
44 49 0.9
44 71 0.7
45 59 0.3
45 77 0.9
45 57 0.9
46 72 0.7
47 77 0.3
47 63 0.3
47 67 0.3
47 57 0.7
48 58 0.5
48 78 0.1
48 69 0.7
48 64 0.9
48 61 0.7
48 55 0.3
49 66 0.5
49 54 0.1
49 64 0.1
49 75 0.7
50 73 0.1
50 78 0.1
50 76 0.9
50 62 0.9
51 73 0.3
52 74 0.1
52 72 0.1
53 54 0.7
53 74 0.5
53 58 0.3
53 61 0.1
53 76 0.7
54 66 0.9
55 71 0.1
56 75 0.5
56 67 0.9
58 66 0.7
58 77 0.3
59 74 0.3
60 74 0.9
60 69 0.3
60 70 0.3
60 76 0.9
61 66 0.7
62 64 0.1
63 65 0.7
65 79 0.7
65 72 0.9
67 68 0.5
67 79 0.3
68 74 0.7
68 72 0.7
71 76 0.1
72 73 0.9
72 74 0.9
74 76 0.9
75 76 0.7
77 78 0.5
