30 60 edge_degree 2.0
0 2 0.5
0 29 0.9
1 7 0.1
1 25 0.3
1 2 0.7
1 26 0.7
2 4 0.9
2 11 0.9
2 8 0.9
2 13 0.9
3 23 0.9
3 26 0.5
3 10 0.5
4 10 0.9
5 24 0.9
5 6 0.9
5 7 0.9
5 14 0.1
5 11 0.5
6 8 0.9
6 13 0.7
6 21 0.3
6 29 0.1
6 28 0.1
7 9 0.7
7 15 0.7
7 22 0.5
8 11 0.9
8 25 0.9
8 26 0.5
8 16 0.9
8 14 0.5
8 24 0.9
9 29 0.1
9 26 0.1
9 18 0.7
9 27 0.3
9 13 0.1
10 21 0.3
10 18 0.3
12 15 0.3
12 17 0.5
12 16 0.3
13 19 0.7
13 23 0.5
14 20 0.5
15 22 0.5
16 17 0.5
16 24 0.1
17 27 0.3
17 20 0.1
18 19 0.7
19 27 0.3
20 26 0.3
20 27 0.3
22 28 0.9
23 27 0.3
24 25 0.7
26 29 0.5
27 28 0.5
