30 105 edge_degree 3.5
0 16 0.5
0 23 0.9
0 27 0.7
0 6 0.1
0 9 0.5
0 19 0.3
0 12 0.1
0 26 0.1
1 20 0.5
1 8 0.7
1 14 0.1
1 13 0.7
1 23 0.1
1 12 0.1
1 29 0.5
1 27 0.9
2 25 0.3
2 10 0.9
2 6 0.5
2 17 0.5
2 20 0.9
2 19 0.7
3 11 0.9
3 17 0.1
3 24 0.7
3 18 0.9
3 13 0.1
4 19 0.1
4 8 0.9
4 29 0.7
4 23 0.3
4 13 0.3
4 6 0.3
4 20 0.1
4 11 0.7
4 14 0.1
5 28 0.7
5 8 0.7
5 24 0.5
5 27 0.1
5 9 0.1
5 6 0.3
5 29 0.9
5 10 0.3
5 22 0.1
5 25 0.7
5 15 0.9
5 13 0.5
6 13 0.5
6 24 0.7
6 10 0.5
6 22 0.3
6 19 0.3
7 24 0.1
7 12 0.5
7 18 0.5
7 29 0.9
7 23 0.9
8 19 0.3
8 16 0.9
8 10 0.9
8 26 0.7
9 26 0.1
9 11 0.9
9 27 0.1
9 21 0.9
9 10 0.1
9 22 0.7
9 13 0.5
10 16 0.3
10 26 0.9
10 23 0.7
11 23 0.3
11 13 0.7
11 27 0.7
11 16 0.7
11 28 0.1
11 25 0.3
11 19 0.1
12 24 0.9
12 28 0.9
12 18 0.7
14 26 0.9
14 19 0.1
14 24 0.7
14 20 0.1
14 16 0.1
15 27 0.5
15 22 0.9
15 25 0.1
17 28 0.9
17 25 0.5
17 29 0.9
18 19 0.9
18 23 0.3
19 29 0.1
20 29 0.7
20 21 0.7
21 22 0.3
22 25 0.3
22 29 0.5
23 26 0.5
23 24 0.5
25 28 0.9
27 29 0.5
