80 160 edge_degree 2.0
0 57 0.44497700205727875
0 49 0.6796343165066135
0 68 0.66515902300873
1 69 0.7111304759688926
1 25 0.6408081398265537
1 35 0.5696454243851631
1 16 0.07114998741749878
1 78 0.8806919821390804
1 11 0.9217268252511437
2 3 0.13732319465182585
2 37 0.6903784176250992
2 57 0.5036257701434124
2 55 0.6140097102084037
2 28 0.7024267830512804
2 63 0.4147765323518895
2 20 0.876426118023774
3 49 0.6217174417493629
3 40 0.7423993969506484
3 54 0.21872093584396468
3 60 0.0640128349278154
3 29 0.916307789891228
3 39 0.7581280977862919
3 67 0.8056422684809518
4 61 0.8863970602918717
4 32 0.09923683490985535
4 20 0.7849131930063714
4 71 0.8546211607852622
4 65 0.2713721924121447
5 39 0.2841494716231552
5 8 0.9350820759780194
5 52 0.8950028005204992
5 37 0.6130418759039875
5 24 0.7961557441684655
6 39 0.9729616775988017
7 61 0.9241959683599662
7 38 0.3844151870114382
8 32 0.15054544482549215
8 37 0.8582065868479163
9 10 0.7086190022359297
9 48 0.5282670942691278
10 17 0.7990840565498699
10 34 0.02708079447877998
11 47 0.4245866463614595
11 70 0.6787509735416138
12 62 0.42602554049087216
12 23 0.18922882935570196
12 44 0.9844229402629291
12 48 0.13704808370441202
13 75 0.6500369763528985
13 20 0.6122150838069584
13 33 0.3738469163789703
13 49 0.8167743997657673
13 41 0.0806397161974568
13 35 0.44452468925240596
14 79 0.9447562832813337
14 60 0.17731078024862745
14 37 0.8736067479931453
14 43 0.638884859093617
14 58 0.08212359003667613
14 52 0.30536253139327263
14 57 0.8094087709533042
15 63 0.6933775475816605
15 37 0.824438395923702
16 65 0.8999267537202307
16 27 0.08806809841511354
16 18 0.5444715476574933
17 72 0.4668590885715558
17 62 0.1343775462711133
18 50 0.3576963229692601
20 21 0.9268309784115728
20 53 0.09366141564468589
21 34 0.6202141837377018
21 79 0.04742296528472556
22 53 0.8200021090971009
22 70 0.22601255001138676
23 74 0.5698375749718965
23 44 0.9387301032435915
24 38 0.10615989893918087
24 53 0.9494770961524748
24 63 0.4219524795527523
25 70 0.9259893943105785
25 48 0.33930468367067146
25 41 0.13933529701786507
26 48 0.8167325724221517
26 54 0.5247506062779631
26 77 0.643051817868438
26 73 0.956919376755806
27 48 0.24282300929607636
27 75 0.6024144710676066
27 34 0.9001070788892399
27 68 0.91038378560403
28 67 0.21792092509952055
28 58 0.06585853014220344
28 66 0.9748675406614956
28 57 0.08027265282729878
28 72 0.08991130525890245
29 34 0.3292135814014838
29 70 0.8657762101391904
29 44 0.8873640840344063
29 64 0.7057759341155172
29 51 0.8467820865910738
30 68 0.7306180179513999
30 77 0.4296340646738819
30 75 0.40355048146085815
31 51 0.9132939613132003
31 34 0.48266585259275097
32 67 0.2432864095885231
32 65 0.523786275272759
32 72 0.7140241444843628
32 47 0.9055251224928176
34 58 0.3887926574366971
34 42 0.9055773640126674
36 75 0.5540014649476747
36 51 0.6439287690865164
37 58 0.8548205909376467
37 64 0.8495504619659568
37 46 0.12513101696722162
38 39 0.37116739596977755
41 63 0.34984091584517596
41 54 0.2537052574641573
41 78 0.7409173815534889
42 64 0.3466897164131789
42 78 0.09552406856885831
43 49 0.6654139780421519
43 54 0.031065359114633817
44 65 0.11499458192220846
44 53 0.02702066028622374
44 70 0.16573465050569314
45 73 0.023845086279406735
45 62 0.5821440268586383
46 70 0.09140877647074863
46 72 0.687966248564651
47 62 0.36460466184054996
50 75 0.1296481131381899
50 66 0.026103234775017747
50 74 0.9430588634308356
50 73 0.36420563246243776
52 64 0.8795131733917291
53 71 0.9527937144325735
54 64 0.09930814326478465
54 69 0.8544951685111614
55 77 0.26540334554609535
55 75 0.7887451631282492
56 63 0.31604544936602463
56 65 0.7498367500297833
57 60 0.6246951209058607
57 64 0.3176916438116699
58 76 0.9626987687632164
58 72 0.24871739093643974
62 68 0.660828434748752
63 64 0.2643971197744506
64 76 0.39843727633203074
66 71 0.40216661192511327
68 72 0.36361032217558353
69 70 0.9459545661503038
69 79 0.4943464559139634
70 77 0.933689859966431
70 74 0.09558070679825448
70 73 0.5012702121291409
75 78 0.7568468572042171
