30 60 edge_degree 2.0
0 27 0.8017242552699311
0 7 0.14538511545537303
1 2 0.3275199158994514
1 19 0.9761887725543442
1 28 0.47319235401014437
2 11 0.4007769728839379
4 5 0.06316286238654523
5 26 0.4830315912727342
5 13 0.6373817398874624
5 17 0.7638697586969599
5 7 0.1414999130574237
5 10 0.1284604287106612
5 28 0.9936295972864394
5 14 0.6650482054971597
6 19 0.18824486300833143
7 16 0.5296004752891181
7 10 0.6812546684549803
8 9 0.6612221398537371
8 16 0.7879708393219449
8 15 0.5515280997988268
8 19 0.7564941088073502
9 15 0.3393653208959393
9 25 0.7569968772811662
10 29 0.6563973650601654
11 17 0.752406347498958
11 14 0.7421718771660389
11 16 0.05849776291165387
11 25 0.7877596318915724
11 18 0.5967921192266933
11 27 0.7097588964966027
11 21 0.7736095584671384
12 20 0.03566638397282251
12 29 0.24693512930093486
12 24 0.06236705332009396
13 28 0.10098916443638906
13 23 0.690068898318778
13 18 0.2291060732085729
14 29 0.364669741996938
14 25 0.6382142220829639
14 20 0.20592364434639232
14 28 0.9125799312937766
14 23 0.9078925397502025
15 29 0.6762041872638179
15 21 0.6427238190326894
16 27 0.5118543328666235
16 28 0.5728226742810385
16 29 0.7971937648781635
16 17 0.06230387456182773
17 21 0.11795579077505502
17 29 0.8439838604801534
18 21 0.11193030099811829
18 23 0.25824431306364193
19 20 0.9227029091812956
21 27 0.43126760071419834
22 23 0.988439339574658
22 26 0.03888583568756021
23 25 0.6721625885552739
24 29 0.870436563444793
25 26 0.055185670959726374
28 29 0.06488837089182731
