30 60 edge_degree 2.0
0 29 0.9369527125939574
0 21 0.44010383671271747
0 26 0.3022681569474891
1 18 0.4518971599090902
1 4 0.3602995356179961
2 19 0.4745340915944001
2 24 0.8352595992898854
2 3 0.9476005902759952
2 11 0.4279669001894728
2 25 0.25055717038713543
3 11 0.7555969143517418
3 18 0.1367510999885989
4 17 0.47332343376341346
4 27 0.5610481582396942
4 28 0.7864119853674358
5 24 0.8869152471757872
5 22 0.539250670067614
6 7 0.0940345718982547
6 15 0.20023163239727437
6 20 0.8213609060567116
7 18 0.4042747862987257
7 20 0.6993418228844646
8 17 0.1315725525944461
8 27 0.9776875743301451
8 21 0.41493582992961275
8 9 0.6050525724628333
9 24 0.36572311599560003
9 13 0.37580997683499906
10 28 0.7639443124706347
10 17 0.5942882240340606
11 29 0.8456512340370768
11 17 0.2616784766874509
12 20 0.682837256381241
12 23 0.6777897419034233
12 28 0.9219900889676582
12 18 0.27302294280482287
13 29 0.1816313975226881
13 24 0.8126614211085512
13 18 0.4041372730481033
14 29 0.3769643329996074
15 19 0.46017071513144336
15 26 0.725986727536282
15 22 0.2605022103062419
15 17 0.7353823286042445
15 27 0.441727702690075
15 20 0.7412128790915137
16 29 0.859388242308775
16 26 0.8791890175568378
17 26 0.28984747526568055
18 20 0.6151210273042705
18 25 0.757206380405206
18 28 0.12384904723454027
18 26 0.16853005219206196
19 21 0.21737055922165582
20 27 0.26755027399257236
20 22 0.1306791244774843
21 29 0.36192075067197804
22 25 0.3879615435473063
22 27 0.9772561765587809
23 29 0.26473732335098576
