30 60 edge_degree 2.0
0 2 0.33490570549298737
0 29 0.8812615186953039
1 7 0.08019770234040757
1 25 0.5345798241359077
1 2 0.32903482573992726
1 26 0.1109535077592051
2 4 0.9981630698920416
2 11 0.9585597918375356
2 8 0.4772704911135389
2 13 0.6515721082036396
3 23 0.16195680412649738
3 26 0.6817952570599705
3 10 0.45410476202281425
4 10 0.337846258710775
5 24 0.793645556577814
5 6 0.9551760694055286
5 7 0.9094240989195623
5 14 0.01968687966304461
5 11 0.007000501747014276
6 8 0.22790997293409676
6 13 0.2259986212583811
6 21 0.4030426246212033
6 29 0.9989507239657361
6 28 0.3088353182109135
7 9 0.6238274502310914
7 15 0.5806059100369652
7 22 0.8491054709461342
8 11 0.46323248650825966
8 25 0.9891332384574293
8 26 0.14599983489801616
8 16 0.3024066973238194
8 14 0.12423756360156224
8 24 0.46869226029134403
9 29 0.5133060930202399
9 26 0.07772615609395894
9 18 0.6717478568018075
9 27 0.6720817180499201
9 13 0.9806446364655449
10 21 0.008055142039749219
10 18 0.16936267038339736
12 15 0.03162550416821486
12 17 0.3319892250811707
12 16 0.8010660983347891
13 19 0.14025816649806633
13 23 0.9796362994458699
14 20 0.9079699146991483
15 22 0.020780550057059588
16 17 0.4867486985073691
16 24 0.7846029547988255
17 27 0.3067419879938016
17 20 0.4081760447890582
18 19 0.5759183307425011
19 27 0.01277969358158726
20 26 0.36188486258147323
20 27 0.7102951503814824
22 28 0.24345289553963256
23 27 0.31211274924022636
24 25 0.6262404402816446
26 29 0.06944480457830382
27 28 0.5221225622576545
