30 60 edge_degree 2.0
0 16 0.24946300057720905
0 23 0.7000302199996582
0 27 0.8999205564747413
0 6 0.1808399515195488
0 9 0.8609647422143105
0 19 0.9199533514724156
0 12 0.6730508285514574
0 26 0.47274138703572444
1 20 0.20941930551989363
1 8 0.13112936588933088
1 14 0.6284758250604318
2 25 0.21112456967589532
2 10 0.3139553903100021
3 11 0.29923502465467056
3 17 0.5664127936223328
3 24 0.17391422689615377
4 19 0.1278585301648738
4 8 0.5575412236002925
5 28 0.351072858585594
5 8 0.3873510304229686
5 24 0.12286079498729774
5 27 0.7214595072910305
5 9 0.8792977432654357
5 6 0.24702039137837017
5 29 0.6229220972205822
5 10 0.8307233131798104
5 22 0.6151083132823977
6 13 0.49657983084220925
6 24 0.2998016404717293
6 10 0.3195285358233053
6 22 0.08825769783762694
6 19 0.4677389256822436
7 24 0.6665314285922981
7 12 0.4259935614523811
7 18 0.3889263970731499
7 29 0.6778678827008358
8 19 0.40957822594127113
9 26 0.5262093517643104
9 11 0.25844967040509137
11 23 0.44918472201594806
11 13 0.8611181375681196
11 27 0.6691419798720687
11 16 0.11455833677228533
11 28 0.3462744440157295
12 24 0.7691046172020932
12 28 0.7398171125810665
12 18 0.7887590579058666
14 26 0.21408251188345662
14 19 0.04681856632566295
15 27 0.11613499229429336
15 22 0.21521738334149598
17 28 0.07074978317228442
17 25 0.35168150161084755
18 19 0.17828485810145356
20 29 0.45711607240919727
20 21 0.03309873181098644
21 22 0.034810022390077355
22 25 0.6138975782833356
23 26 0.4242102574016482
27 29 0.8421868395657698
