80 160 Varying K 11
0 57 0.9111717739893329
0 49 0.6168071394842553
0 68 0.5468874662932718
1 69 0.10427642195840792
1 25 0.7483703018940938
1 35 0.8868089548894537
1 16 0.41145474231775203
1 78 0.31519707412885967
1 11 0.9624791990940974
2 3 0.7411884813346538
2 37 0.02957266435720074
2 57 0.09494971799400542
2 55 0.10540308419316458
2 28 0.2713005291391295
2 63 0.3282412278648842
2 20 0.8135951903018506
3 49 0.7033180504926785
3 40 0.9800294401253825
3 54 0.7795960169432099
3 60 0.2647027637638275
3 29 0.36584670559794386
3 39 0.4286947925838329
3 67 0.9350127452258217
4 61 0.7139027590014545
4 32 0.8744043842365056
4 20 0.41617841760783814
4 71 0.9628795874732023
4 65 0.3143177589332634
5 39 0.25903337746694743
5 8 0.8590592602208672
5 52 0.3867077249703089
5 37 0.17268245319500386
5 24 0.2178770070127044
6 39 0.7500276802390127
7 61 0.13013433199523938
7 38 0.560022111289045
8 32 0.8593333408415044
8 37 0.08683874744178777
9 10 0.5497613801293129
9 48 0.8724435764384142
10 17 0.02981822294564851
10 34 0.4138010773948271
11 47 0.23391070920200074
11 70 0.7678522150644311
12 62 0.5054736957713383
12 23 0.8903633546119071
12 44 0.8406413091357742
12 48 0.9346231997782983
13 75 0.18776446048992246
13 20 0.9640699850632198
13 33 0.09273382515942175
13 49 0.9560169649556886
13 41 0.22296781566347057
13 35 0.9117063093807765
14 79 0.6146949802735348
14 60 0.31750872691243315
14 37 0.3592043012248881
14 43 0.5495331948260969
14 58 0.14937447982022944
14 52 0.1540768070270977
14 57 0.2532299513046026
15 63 0.2061563032460736
15 37 0.3605696270561789
16 65 0.26825402737855486
16 27 0.6923903359026696
16 18 0.2025669540587134
17 72 0.4868063068119616
17 62 0.7859997444632394
18 50 0.10320432021233372
20 21 0.3036890639596703
20 53 0.19422377492095755
21 34 0.7849156231370926
21 79 0.049989808331484364
22 53 0.7669212804573251
22 70 0.7200163079992248
23 74 0.6415550466173167
23 44 0.6653080026427846
24 38 0.0877031819905224
24 53 0.9573017591039039
24 63 0.34309466640401476
25 70 0.20326650200430296
25 48 0.2160016272665326
25 41 0.5223097860572979
26 48 0.733958746082546
26 54 0.6457387102804121
26 77 0.45584855373340405
26 73 0.5507421818450161
27 48 0.7728918745329032
27 75 0.7918794887997608
27 34 0.11929338394658229
27 68 0.127189316155913
28 67 0.3905467676134745
28 58 0.1687197777275664
28 66 0.3151689963795843
28 57 0.3609932186373943
28 72 0.36283081871621536
29 34 0.43466668191394453
29 70 0.08982704964904331
29 44 0.5413403651080273
29 64 0.16363238100063082
29 51 0.32347451086488443
30 68 0.5616961553891215
30 77 0.7597869343003425
30 75 0.23317778058358585
31 51 0.5155029163126064
31 34 0.5263829302699371
32 67 0.24325575747875494
32 65 0.8467333464799506
32 72 0.28477377702237416
32 47 0.04487224956377023
34 58 0.47606945817879154
34 42 0.9816441568922806
36 75 0.469937080292827
36 51 0.04678733850764094
37 58 0.2168783930243956
37 64 0.7460089306002855
37 46 0.1525829702865671
38 39 0.3561523944061057
41 63 0.5709161742815211
41 54 0.09325588353990688
41 78 0.4059162080766209
42 64 0.34758310731359476
42 78 0.12413398216721494
43 49 0.16349456748801505
43 54 0.9936793513610676
44 65 0.5555354541374846
44 53 0.8017725054698164
44 70 0.5130351461303826
45 73 0.3520506019021392
45 62 0.805645395697521
46 70 0.18275170007793073
46 72 0.6186077251595427
47 62 0.22309347769192278
50 75 0.8606906706337911
50 66 0.44535126467925124
50 74 0.3025005296885128
50 73 0.16177081038568641
52 64 0.7342441144509193
53 71 0.17916613477220378
54 64 0.09435203887624255
54 69 0.3555819088013765
55 77 0.14322919941962586
55 75 0.029273172109041012
56 63 0.8149850375274128
56 65 0.6502071575548938
57 60 0.06235681834602391
57 64 0.29225598653199125
58 76 0.36237837827238706
58 72 0.42244988958397656
62 68 0.10742077252924542
63 64 0.9695314536093156
64 76 0.7461220690969311
66 71 0.11461074750842826
68 72 0.48756916907715175
69 70 0.6590821090486585
69 79 0.8450338503680488
70 77 0.29451439155912995
70 74 0.668790483978218
70 73 0.43680882395753273
75 78 0.7211835525531738
