80 160 Varying K 11
0 49 0.6241896558652397
0 4 0.7410364911001248
0 67 0.6730599779605364
0 9 0.3622086294827457
1 24 0.7020151138351495
2 5 0.5914344351961321
2 71 0.14348505759185837
2 12 0.16204961045154664
2 74 0.7632031263691266
2 46 0.2950969962192922
2 39 0.6864083832713364
2 25 0.23839056176825657
3 46 0.833445987811225
3 22 0.6389801481379029
3 31 0.7236921595555835
3 8 0.6139476153197
3 39 0.8661671131508405
3 13 0.5282782919720266
3 66 0.13014585094618625
3 36 0.45534255057455864
3 79 0.4788606558148115
4 74 0.4153629794860534
4 34 0.3800997569601351
4 54 0.4279324489380222
4 32 0.8187306215284716
4 65 0.5649342719430994
4 19 0.573993948226418
4 11 0.9276479813634975
5 75 0.999029594091815
5 77 0.41992718744471025
5 60 0.4015121944443556
6 73 0.645848251623303
6 75 0.6564901950656613
7 11 0.8523544804643433
7 13 0.5635995819840841
7 26 0.06206218913284356
7 46 0.7882694967336109
7 17 0.8685778077201973
7 57 0.8715835625044578
8 53 0.9814994739882373
9 43 0.6548842039583468
9 56 0.9838134425127717
9 28 0.17831604868588335
9 12 0.21113528211218868
10 46 0.07337618154237746
10 14 0.5701634336633465
10 32 0.9677141285441514
10 78 0.07177596726379187
10 54 0.5061785517295614
11 40 0.3220876980689682
11 65 0.25515432318984843
12 21 0.5747653081135427
12 61 0.9267325374842714
12 52 0.06591287994219308
13 29 0.7211006193084185
13 30 0.7763251949726234
13 27 0.2651756473371022
13 39 0.13139466947212786
14 36 0.8064374976597621
14 20 0.33413452716728786
14 73 0.6367431645652506
15 66 0.4114965257258876
15 32 0.915137007117466
16 20 0.4606048757397765
16 57 0.8088182524116119
16 37 0.6166282222009398
17 65 0.09025151376667917
17 66 0.9242439409181417
17 59 0.6040363419341541
18 43 0.07412988979246504
18 47 0.31568042599050183
18 69 0.0766781520734019
19 31 0.9597558707103246
19 79 0.1979175208529127
20 55 0.9254199794908863
20 57 0.7600606350963354
20 29 0.4472347094673197
21 39 0.787678553974514
21 67 0.3283083677767702
21 41 0.24488133434702564
22 71 0.4456777305079205
22 41 0.4327001160110523
22 46 0.14368591865356717
22 45 0.3616233014418364
23 57 0.11845920978965851
23 66 0.45797214337656045
23 29 0.7710550277440817
23 74 0.7859529163589783
24 62 0.1344018503822889
26 39 0.6804831826922626
26 55 0.0231849280638301
26 59 0.16133349145884923
27 77 0.43718070591232694
27 48 0.45076288707561674
28 62 0.07216711207585014
28 60 0.9335326405424731
29 30 0.22667739552460553
29 58 0.0652407163557348
29 31 0.14778830679891486
29 75 0.3115864993649011
31 67 0.42967111484438536
31 34 0.5853960934636357
32 77 0.05702888795195715
32 47 0.0004703939948452751
32 46 0.7938552967103889
33 51 0.7995760853830566
33 70 0.7980701146258521
34 78 0.2548720642368032
34 75 0.9923592303368679
34 61 0.050441127587105505
35 62 0.46853138062046185
35 54 0.3583728154156589
37 47 0.7838806667631918
37 63 0.8511972557843686
37 50 0.4824174120188509
38 64 0.3433985835639962
39 61 0.7489414368222812
39 68 0.32893068637124745
39 47 0.3235594017223845
40 59 0.06359785016375352
41 65 0.018020091401547922
42 50 0.9524219271807636
43 62 0.5445309096061443
44 72 0.42272368465321764
44 78 0.7633099919012734
44 50 0.32981723544345953
45 46 0.6872161947425993
45 65 0.6915387569085399
45 58 0.4826193078833956
46 65 0.3710956811532804
46 75 0.2389114113330505
46 79 0.3956454482534053
46 78 0.020051174505366753
47 69 0.5456512912677748
47 50 0.6682160675979232
48 54 0.15383657155453767
49 52 0.8599779564221264
50 65 0.48561368144906714
50 62 0.7221193136853907
51 59 0.6059612865789913
52 75 0.07204664878722467
52 62 0.4506185194087433
53 67 0.8508401173007709
53 77 0.26336262383596776
53 62 0.8772981251931442
54 65 0.8480120616118244
56 64 0.47357380837054397
57 70 0.1898892266663017
58 59 0.053767045191542184
58 71 0.007701220887056381
61 67 0.7973095834170597
62 65 0.3774045075425856
62 76 0.7737035595785761
63 64 0.7081879767305486
64 78 0.4407956566149215
65 71 0.18863025150811386
66 71 0.021381530092100864
66 74 0.09631463405755403
73 74 0.12930693826829287
75 78 0.4215160201695932
