80 160 Varying K 11
0 9 0.49085843776897764
0 61 0.4392737960913261
0 62 0.8928948936406227
0 41 0.4499374755676957
1 60 0.8109322104385173
1 8 0.11217466270040033
1 43 0.7674868779894891
1 61 0.8035005993225305
2 37 0.5244091540959345
2 40 0.7188483703531728
2 75 0.0009036279080496534
2 7 0.006870000481432492
2 30 0.6016201081574145
3 34 0.8376723587354551
3 35 0.40232331801774446
3 13 0.5862250225594783
4 17 0.986189849511226
4 39 0.13184052098638266
4 68 0.14389435165104425
4 67 0.9079576202246586
4 52 0.29343618867880217
4 28 0.40613089206121455
4 65 0.12859615401883462
4 61 0.17421009200529436
5 38 0.9886720451933013
5 15 0.20533634068714568
5 48 0.1341716914881439
5 43 0.4752811897622796
5 31 0.36642937591072167
6 73 0.7494362683861885
6 52 0.6378070146506427
6 34 0.1300386564550552
6 60 0.7299944533556375
6 8 0.46674566576700394
7 42 0.2501389939262558
7 61 0.6539436517080539
7 16 0.1787680831877404
8 77 0.29665889255796407
8 61 0.841661424634586
8 44 0.9766382654866526
8 75 0.2528992574806318
9 40 0.8736267861688077
10 43 0.23929173016425964
10 79 0.7339343880806732
11 61 0.8059391714556045
11 65 0.7048539475931428
12 46 0.769981131671576
12 13 0.03746313869638118
13 27 0.663638741378601
13 76 0.9920729939424178
13 79 0.8792301055767306
14 78 0.9755219506033843
15 36 0.2684158902627759
15 28 0.5100205277307761
15 21 0.8063482288970725
15 25 0.2627168271500008
15 68 0.4144688288202828
16 69 0.0004948718959399967
16 72 0.034761376169176295
16 53 0.3097851749479351
16 43 0.17692775969183439
16 35 0.7035716336081437
17 56 0.7193575026017742
17 48 0.9721594288467227
17 75 0.04486430334826241
19 50 0.39088842605056584
19 29 0.7786011513663081
19 52 0.8875033868626334
19 33 0.3397972979884153
19 25 0.4872610987751864
20 75 0.7217364648088888
20 77 0.852613378413683
20 40 0.9861297700140271
21 56 0.9028794606305514
21 30 0.041472594667384954
22 40 0.44760768206239776
23 46 0.7051613617398433
23 55 0.9488117084461551
23 73 0.7919075373774744
24 29 0.66335091971048
24 40 0.5537318822756734
24 33 0.32606187370304474
25 52 0.4928335610735539
25 55 0.097841721060271
27 63 0.8556938181644272
27 72 0.07343626574825335
28 34 0.505446577984822
28 42 0.2364335244465562
28 45 0.7570059472123425
29 43 0.43531904694120926
30 75 0.8280708927824846
30 64 0.5685104752474033
30 55 0.5744682672242568
30 41 0.8896534591597804
31 34 0.9204744029533605
32 47 0.31955035971985424
32 69 0.16510682046357328
33 70 0.18845559522956057
33 55 0.614220916753725
33 66 0.9712022024091258
33 76 0.21671420036519484
34 73 0.4306050735403062
34 64 0.4290534181685808
34 57 0.3703753971343289
34 59 0.17807569787076782
35 70 0.023135404803629522
35 62 0.8508409725375712
35 43 0.2866958659468506
36 69 0.8964351482852857
37 78 0.6100538359350124
37 66 0.6412139852476904
37 53 0.45167133391766945
38 53 0.11839004615248916
38 55 0.10262784383817114
38 70 0.5108333893441412
38 58 0.24796102574318346
38 48 0.26802491749485746
38 64 0.8971294736832909
38 46 0.6080516270290129
39 64 0.7813795079805571
40 46 0.552919638199914
40 47 0.1859667547959446
41 69 0.522721146876943
41 76 0.05809227960034802
42 75 0.14319691205027352
44 73 0.06616542320324426
44 75 0.46843882042747953
44 53 0.9256100169966256
44 49 0.30893983638857503
45 59 0.6512775505908163
45 77 0.3282810887944574
47 77 0.653235264077135
48 58 0.06616743500822742
48 78 0.16273857696241045
49 66 0.6523985384350588
49 54 0.5315505674077979
49 64 0.5279397908235856
49 75 0.2667388919114304
50 73 0.41475744503574896
51 73 0.8448815261767737
52 74 0.5490544444744203
52 72 0.6537824660227803
53 54 0.282580588879352
53 74 0.970684279184993
54 66 0.05312984315215774
55 71 0.4143186231735748
58 66 0.1821994195360913
60 74 0.36903377037766005
60 69 0.06766254631452795
60 70 0.8128206840203869
60 76 0.45076805557431365
62 64 0.3408702962981449
65 79 0.23673776596550578
67 68 0.5410224370805704
67 79 0.20086897485650357
68 74 0.5487045813056335
71 76 0.8942172915696129
72 73 0.971901118011524
75 76 0.6633001552991247
77 78 0.5630120338733533
