80 160 Varying K 11
0 38 0.558943984468163
0 27 0.5563639653830607
0 69 0.8635111860811268
0 21 0.20168315883511811
0 6 0.0022726285501019072
1 73 0.12909362574297023
1 78 0.48073105606709454
1 66 0.8203590857185534
2 51 0.9033723074064828
2 41 0.9681256838712837
3 33 0.5966527647874896
3 58 0.16564379787602312
3 56 0.7228334972770109
4 41 0.05519291212891908
4 62 0.6934506153891149
4 10 0.32961679588926796
5 33 0.8423443154442406
5 10 0.9201987026584987
5 45 0.3894434058043763
5 46 0.24383543853805945
5 77 0.7849355135410583
5 63 0.5875982466150932
5 50 0.3529235310559392
5 17 0.06815829446894728
6 40 0.2239775328418333
6 25 0.9607359369969882
7 28 0.23544866390182906
7 29 0.8971814274641056
7 21 0.38376953165707905
7 34 0.22012825602776243
8 11 0.8305274333173942
8 52 0.8725253457073872
8 25 0.7787165469846082
9 37 0.9394495883663985
9 63 0.955986338818757
9 10 0.42870160080427644
9 14 0.2988480206108297
9 66 0.3317136405992608
10 36 0.5556539808850851
10 46 0.5068054253681911
11 77 0.5978392001269439
11 70 0.07807946740279814
11 49 0.5294617718706898
12 41 0.7681592335582861
12 56 0.6113275657083735
12 51 0.9990234087308134
13 50 0.32876221202413247
13 22 0.7906395320267384
14 26 0.8841711195382862
14 72 0.12453374686976493
14 32 0.9560860040665643
14 76 0.7741957406210366
14 69 0.17212574760120558
15 42 0.06762742414069045
15 67 0.8262700974162086
15 54 0.14059903402054152
15 39 0.7524074749104277
16 79 0.5397485659277945
17 32 0.4850887335166154
18 25 0.19144405234491702
18 41 0.8267744543900779
18 32 0.22060539629908105
19 61 0.5725506765501864
19 41 0.5607009638330412
19 76 0.9857150886775529
19 22 0.8393792965230983
20 57 0.9206994762053028
20 42 0.9179249252844742
20 27 0.6270609504469387
20 77 0.2995590456882995
20 47 0.018225827660358962
21 39 0.5508487886932115
21 58 0.08533679011511996
21 73 0.9004005593521346
21 59 0.5483193971842173
21 71 0.2819063535777936
22 31 0.6537038712782491
22 37 0.5790098797884851
23 35 0.9888760111209216
23 29 0.9866440950506096
24 34 0.2847956875805011
24 52 0.7778336217466408
24 79 0.7728945354375917
24 63 0.003884841393123284
24 35 0.7519714371791097
25 56 0.3518028519409657
25 71 0.5436181795149176
25 61 0.36842397694839746
25 30 0.37210016555308645
26 54 0.2246789858428624
26 29 0.07436694001281519
26 55 0.3214611552244969
26 48 0.9234036843830499
27 33 0.8651171058328044
27 54 0.8468008614157211
27 34 0.5162501186742167
28 53 0.8372338163989136
28 70 0.08484108050785011
29 39 0.7033227111877386
29 62 0.4797966470445324
30 38 0.37840813640116366
30 78 0.20105818498118366
31 64 0.07005679204281778
31 74 0.6905812670124537
31 56 0.6587225229862308
31 67 0.8931108724399743
31 52 0.5092542668249592
32 77 0.17324106878025558
33 53 0.8953650876216281
33 43 0.707746165891245
35 46 0.19569366719684
35 60 0.6000144367020421
35 59 0.7898611371060168
35 74 0.9800747355439926
36 55 0.1795983496192063
36 41 0.19967863138083453
37 70 0.8523684578486043
37 47 0.14882330229737106
37 73 0.9912992554497384
37 56 0.9670081357492929
37 52 0.03795433399915327
37 43 0.6479146205104657
37 45 0.4552241144992105
38 44 0.4100901974102905
38 61 0.41106428107947024
39 65 0.31768982764959475
39 49 0.6109105419395975
39 72 0.4910245590977851
40 60 0.5291951550240682
40 78 0.8976499962170932
41 75 0.12895658263679133
41 63 0.4989199817309131
42 71 0.4532916042622792
43 49 0.45282388317675637
43 60 0.33994105462516966
43 50 0.2921544548283349
45 55 0.31878832433859416
46 79 0.6203965507623471
48 76 0.1639827730154586
48 50 0.3178977194489385
49 51 0.590145189937696
50 56 0.06984517043595484
51 72 0.5164969401678947
52 79 0.8154194846971549
52 56 0.04478725565300823
53 67 0.6499483134312567
53 56 0.27218299199355
54 76 0.05270351121536043
55 65 0.27887691402237125
56 64 0.7283233986093355
58 69 0.9772406768600422
59 69 0.8505151178410054
60 72 0.10207861993918144
60 67 0.25932356624629394
61 67 0.9820478535774215
62 69 0.10637582909318011
62 71 0.7821822826764666
62 76 0.35361792437833994
66 68 0.09998896408467117
78 79 0.9124093602819332
