80 160 Varying K 11
0 76 0.4346575908324902
0 47 0.3225157305811639
0 44 0.33552042662652226
1 27 0.08925610293774244
1 57 0.7165254854430707
1 74 0.5916009904097077
2 38 0.23867057608453157
2 32 0.3861762120508603
2 70 0.053258233717689785
2 40 0.3101880782576726
3 59 0.41098307353942043
3 34 0.44549651064647033
4 37 0.6699184192247608
4 30 0.027188647136420885
4 7 0.3249144051939509
4 39 0.7710593903173273
4 53 0.024783502769319177
4 47 0.8773766179898731
5 23 0.1679627316750868
5 60 0.08097871621275587
6 31 0.006642102675208705
6 20 0.4252179555722564
6 17 0.9929985619427549
7 22 0.9985532380003358
7 53 0.038597188544327365
8 33 0.9590397622197958
8 43 0.6912424842337119
8 46 0.3585049137742333
9 20 0.6970916820882972
9 75 0.02820130511480934
10 19 0.5784957897332064
10 76 0.39006092424045113
10 53 0.3369434807224774
11 55 0.05400130730644448
11 69 0.3269351935020839
11 62 0.4457266032959033
11 77 0.383471462203294
12 38 0.14965115757313197
13 69 0.02048140038331825
13 59 0.022376505168071437
13 52 0.8736629199706422
13 48 0.5725257672976304
14 20 0.646954701183915
14 18 0.26826921212828514
14 40 0.5131309577681128
14 70 0.827619990278685
15 31 0.5412165731323817
16 26 0.44982819768098836
16 72 0.01582549739655814
16 45 0.13851830275708965
17 79 0.5304346064010149
17 25 0.9158353317519964
18 21 0.1255176872387742
18 46 0.2269424060767289
18 53 0.5221026660991578
18 37 0.7247081523730605
18 66 0.07203482825224305
18 20 0.5901988090497282
18 41 0.9991272269987252
19 47 0.2714408785482513
20 25 0.263461635031888
20 76 0.4230734092431868
21 55 0.43012637342959614
21 66 0.09786760089284874
21 67 0.21504256362831642
21 78 0.5465214760638061
21 28 0.10548465838653487
22 39 0.7213121209050513
22 63 0.03166806470759598
22 43 0.008098546275782659
22 57 0.3164115732750338
23 49 0.42938387549557655
23 26 0.09950675847795998
23 40 0.44069635646898053
23 43 0.9843897214651716
23 79 0.4726686395679468
23 28 0.38697194736826046
23 61 0.8671760434848733
24 70 0.6327133735952921
25 69 0.10349503971006302
25 49 0.49961031851279125
25 79 0.21156775981598608
25 46 0.06488330237278184
26 27 0.6815098797852001
26 43 0.8190601233630117
26 30 0.2009625762810342
28 63 0.09614586409589454
31 48 0.20085682555354945
31 73 0.5497411388678383
32 79 0.3925245750587817
32 67 0.5445037109455511
32 58 0.4226791225643083
32 41 0.43276718574749773
32 53 0.9086457900196789
33 37 0.6193770727650763
33 76 0.4852568291805269
34 65 0.5941073144771859
35 52 0.408158331230708
35 43 0.9968161084681717
35 37 0.16146347976406306
35 62 0.5957563003411632
35 59 0.5668895855338639
35 44 0.23337619666648368
36 64 0.7023467565837844
36 61 0.1911544095341018
37 40 0.890846317956972
37 69 0.014707462209227473
37 74 0.2126031641912659
37 61 0.8949333709102918
38 42 0.16645200245989777
38 53 0.2991711669437026
38 63 0.3475325577261791
39 45 0.9144062832866682
39 61 0.7757994564833799
39 40 0.2920869111526747
39 62 0.9328723146387381
40 61 0.6138347354166003
41 72 0.9215947219504594
42 63 0.5896539731966927
42 46 0.28017613571247113
43 65 0.9663106389982855
44 59 0.4388730720766081
44 76 0.17794533209401542
44 45 0.5061726176230197
44 52 0.4714878150879691
44 51 0.1665852622004499
45 67 0.2499098150647352
45 51 0.13027519082649586
45 65 0.04540105228283775
45 75 0.8087456336517516
46 53 0.3783198659877217
46 71 0.7886833749077818
47 60 0.12487818882314283
47 75 0.26590034017597197
47 59 0.9693757750775172
48 74 0.04727037302592485
48 68 0.16006751976180889
48 78 0.9816198271059915
48 76 0.25563976132004784
48 72 0.3963722127042557
48 49 0.05238664156860828
51 68 0.7392934792831027
51 60 0.8288336005158351
52 53 0.9719202568164075
54 55 0.11701826999851062
56 79 0.07630514688458956
56 75 0.028349859509380404
58 79 0.061512840384694734
58 62 0.11709194109271248
60 61 0.6997635614308518
60 70 0.7963711939968986
61 72 0.17426805629657105
64 70 0.30767889281877503
65 78 0.9458369400675719
66 74 0.36183563499631566
68 72 0.4365777376919364
69 78 0.5385313240858246
70 79 0.7188175697526629
70 78 0.8425226335475551
75 77 0.3357637211389545
