30 45 Varying_K 1
0 29 0.9209703360698457
0 20 0.7462411525058247
1 13 0.284993870571306
1 25 0.479097700941982
2 23 0.5914682991759848
2 6 0.5539316973864852
2 14 0.38762266696062153
2 10 0.15588691147247413
3 24 0.6894007029678206
3 9 0.17410408713525616
3 11 0.7258267786620264
4 16 0.1778413920626294
4 9 0.028358592971835073
4 28 0.8693681149936276
4 25 0.09150426829279756
6 29 0.43803761974371946
7 10 0.6589247749520035
8 16 0.13706703619021188
8 29 0.040117022808402014
9 26 0.5367906180416391
10 21 0.14026913224154425
10 13 0.6827384146424252
10 23 0.02033996991178033
11 15 0.13438477989438902
12 27 0.247804220201418
12 15 0.6948196755596349
12 26 0.6209159011075907
14 27 0.3437842073610524
15 17 0.6351841289363954
15 19 0.9768774455985557
16 28 0.8720629165620187
17 22 0.6912955376762138
17 29 0.5632688666286664
17 25 0.09966426123248195
18 28 0.8580049911548039
18 29 0.972540342746704
19 25 0.24195972257132337
19 20 0.1329935595585371
21 25 0.28978167140794653
22 26 0.8294624945268918
22 27 0.3770041633316765
24 28 0.23426033078639175
25 29 0.06431534866063582
26 27 0.0710892069156649
27 28 0.027014840294137255
