55 82 num_nodes 55
0 49 0.9
0 24 0.3
0 14 0.7
0 46 0.1
1 53 0.5
1 20 0.5
1 33 0.9
1 18 0.9
1 30 0.9
2 54 0.9
2 19 0.9
3 27 0.5
4 48 0.3
5 23 0.5
6 31 0.3
6 37 0.1
6 11 0.5
6 32 0.7
7 16 0.5
7 18 0.7
8 36 0.9
8 51 0.3
10 49 0.9
10 41 0.1
10 32 0.9
11 42 0.7
12 42 0.1
12 49 0.1
13 50 0.1
13 43 0.3
13 35 0.1
14 51 0.3
14 48 0.1
14 35 0.5
14 22 0.7
14 43 0.1
14 25 0.7
15 30 0.7
17 46 0.1
17 42 0.3
18 19 0.3
21 47 0.5
22 32 0.7
22 29 0.1
23 35 0.9
23 25 0.7
24 41 0.5
24 27 0.3
24 50 0.1
25 37 0.9
25 26 0.5
26 53 0.9
27 46 0.5
27 32 0.5
28 30 0.3
28 44 0.5
28 31 0.9
28 42 0.7
29 48 0.9
31 48 0.1
31 37 0.3
31 46 0.7
32 53 0.5
32 54 0.9
32 47 0.7
33 53 0.3
33 49 0.9
34 41 0.1
34 35 0.3
35 41 0.9
35 38 0.5
36 54 0.7
37 39 0.1
38 48 0.1
40 46 0.1
43 47 0.1
44 49 0.3
45 46 0.1
45 54 0.9
47 51 0.7
51 54 0.9
52 54 0.7
