100 150 num_nodes 100
0 88 0.5
0 44 0.3
0 96 0.7
1 92 0.9
2 47 0.7
2 89 0.3
2 23 0.7
2 65 0.3
2 46 0.1
3 4 0.3
3 29 0.3
3 86 0.1
3 8 0.1
3 39 0.1
3 13 0.1
3 66 0.1
4 74 0.7
4 7 0.9
4 19 0.3
4 32 0.5
4 90 0.3
5 93 0.5
5 31 0.7
5 94 0.5
6 34 0.5
6 53 0.7
7 11 0.5
7 13 0.9
7 54 0.9
7 85 0.5
9 43 0.3
9 32 0.3
10 46 0.7
10 14 0.9
10 75 0.1
11 84 0.9
11 30 0.1
12 21 0.1
12 13 0.9
12 23 0.3
13 87 0.3
13 27 0.3
14 36 0.3
14 20 0.3
15 66 0.9
16 32 0.1
16 57 0.7
16 20 0.7
17 22 0.1
17 34 0.5
17 71 0.9
18 41 0.1
19 90 0.9
20 87 0.5
20 57 0.1
20 94 0.5
21 94 0.9
21 71 0.5
21 78 0.7
22 30 0.9
22 41 0.9
22 31 0.3
23 57 0.9
23 66 0.7
24 95 0.7
26 62 0.5
26 31 0.7
26 93 0.7
27 77 0.9
27 48 0.1
28 84 0.5
28 60 0.3
29 75 0.5
29 65 0.7
29 31 0.3
29 79 0.3
29 96 0.9
31 67 0.3
32 77 0.1
32 46 0.7
33 96 0.3
33 43 0.9
33 77 0.5
34 64 0.7
34 98 0.9
35 62 0.7
35 67 0.3
37 88 0.1
38 90 0.1
39 85 0.1
39 61 0.1
39 93 0.7
39 58 0.9
40 48 0.1
40 87 0.9
41 89 0.1
43 62 0.5
44 59 0.5
45 46 0.1
45 65 0.7
46 59 0.9
46 65 0.1
46 75 0.9
46 78 0.5
47 65 0.1
49 75 0.3
49 52 0.7
50 92 0.7
50 99 0.1
51 96 0.7
51 79 0.3
52 75 0.9
53 94 0.7
53 83 0.3
54 67 0.5
54 87 0.9
54 55 0.1
55 81 0.5
56 69 0.1
56 91 0.1
57 70 0.9
58 84 0.9
58 62 0.1
58 81 0.1
59 83 0.9
59 85 0.5
61 84 0.7
62 65 0.7
63 64 0.5
64 71 0.9
64 66 0.3
65 92 0.7
66 96 0.3
66 74 0.7
67 97 0.1
67 74 0.5
68 82 0.9
71 86 0.1
71 92 0.3
72 92 0.7
73 83 0.9
74 75 0.7
77 98 0.1
78 83 0.7
78 80 0.1
79 87 0.9
79 90 0.5
87 97 0.1
91 94 0.1
91 97 0.5
