100 200 num_nodes 100
0 9 0.1
0 25 0.3
0 16 0.3
0 99 0.5
0 91 0.9
1 77 0.1
1 94 0.3
1 43 0.1
1 6 0.3
2 19 0.9
2 40 0.3
2 75 0.9
2 47 0.1
2 67 0.9
3 99 0.5
3 35 0.7
3 98 0.1
4 17 0.1
4 39 0.9
4 68 0.5
4 15 0.7
4 52 0.7
4 28 0.5
4 88 0.9
4 91 0.7
5 38 0.3
5 15 0.7
5 97 0.7
5 88 0.5
5 31 0.1
5 16 0.3
5 22 0.7
6 78 0.1
6 96 0.1
6 54 0.9
6 15 0.7
7 17 0.5
7 86 0.5
7 45 0.5
7 99 0.9
8 74 0.7
8 20 0.9
8 61 0.9
8 52 0.3
8 75 0.1
9 40 0.1
10 21 0.9
10 79 0.9
10 72 0.1
11 44 0.5
11 65 0.5
12 46 0.5
12 13 0.7
13 72 0.5
13 76 0.3
13 71 0.7
13 48 0.3
14 43 0.1
15 36 0.9
15 21 0.3
15 68 0.7
15 54 0.7
16 69 0.7
16 94 0.7
16 53 0.7
16 32 0.5
16 71 0.5
17 56 0.5
17 46 0.9
19 29 0.3
19 81 0.1
19 33 0.3
19 52 0.1
20 89 0.7
20 40 0.5
22 40 0.3
23 46 0.5
23 41 0.1
23 35 0.9
24 91 0.7
24 67 0.1
24 42 0.3
25 52 0.3
25 65 0.1
25 28 0.1
27 63 0.7
27 81 0.5
27 83 0.3
28 83 0.5
28 56 0.3
28 34 0.5
29 70 0.9
29 74 0.3
29 43 0.7
30 75 0.3
30 64 0.3
30 91 0.7
30 34 0.1
30 84 0.9
30 35 0.9
31 34 0.3
32 80 0.3
33 60 0.3
33 86 0.3
33 66 0.5
33 38 0.5
33 46 0.3
34 60 0.1
34 73 0.5
34 55 0.1
34 59 0.1
34 79 0.5
35 70 0.7
35 90 0.7
36 69 0.9
37 54 0.5
37 78 0.9
37 66 0.9
37 53 0.5
38 80 0.9
38 55 0.5
38 70 0.7
38 58 0.7
38 64 0.9
38 75 0.3
39 64 0.3
40 43 0.5
40 97 0.3
40 73 0.7
41 89 0.9
41 76 0.3
41 60 0.3
42 75 0.7
42 59 0.3
42 86 0.9
43 87 0.9
43 94 0.3
43 82 0.3
44 68 0.9
44 75 0.7
44 81 0.9
44 49 0.5
45 86 0.3
45 77 0.5
47 77 0.1
47 76 0.7
47 58 0.9
48 91 0.3
48 78 0.3
48 92 0.7
49 66 0.5
49 91 0.9
49 73 0.1
49 82 0.7
50 81 0.1
50 54 0.5
51 73 0.7
52 74 0.3
52 68 0.3
53 64 0.3
53 98 0.1
53 74 0.1
53 72 0.5
55 99 0.9
55 86 0.3
55 65 0.7
55 73 0.1
57 72 0.7
58 66 0.3
58 95 0.7
60 80 0.3
60 69 0.1
60 70 0.1
61 81 0.5
61 79 0.9
61 95 0.9
61 69 0.7
62 94 0.5
62 80 0.5
62 64 0.9
64 79 0.7
66 95 0.7
66 67 0.7
69 73 0.3
71 91 0.5
72 87 0.7
73 93 0.3
75 97 0.9
75 80 0.7
75 76 0.3
76 92 0.5
76 87 0.1
77 85 0.9
77 78 0.3
80 81 0.7
81 92 0.9
83 91 0.5
83 89 0.1
84 96 0.9
85 99 0.7
