130 260 num_nodes 130
0 54 0.5
0 46 0.1
0 39 0.7
0 129 0.5
1 74 0.7
1 43 0.3
1 79 0.3
2 84 0.9
2 20 0.5
2 59 0.3
2 8 0.9
2 116 0.5
3 40 0.5
3 64 0.5
3 59 0.1
4 83 0.1
4 62 0.3
4 77 0.5
4 70 0.1
4 54 0.3
5 102 0.7
6 54 0.1
6 117 0.9
6 112 0.5
6 45 0.9
7 99 0.3
7 71 0.3
7 22 0.5
8 9 0.3
8 20 0.3
8 52 0.9
8 103 0.3
8 67 0.3
9 31 0.1
9 125 0.5
9 54 0.9
9 82 0.9
9 63 0.7
10 91 0.9
10 125 0.1
10 103 0.9
10 92 0.1
11 66 0.7
11 20 0.5
11 93 0.5
11 48 0.9
11 127 0.3
12 41 0.7
13 83 0.7
13 56 0.3
13 80 0.9
14 15 0.7
15 74 0.5
15 58 0.1
15 29 0.3
15 68 0.1
15 73 0.1
15 108 0.3
16 38 0.9
16 126 0.7
17 23 0.5
17 105 0.3
17 113 0.1
17 39 0.7
17 61 0.1
17 129 0.7
18 51 0.5
18 57 0.1
19 105 0.9
19 71 0.1
19 21 0.3
19 24 0.1
19 62 0.7
19 103 0.3
19 29 0.7
19 38 0.9
20 81 0.3
20 93 0.5
20 45 0.7
21 73 0.1
21 36 0.5
21 39 0.9
21 60 0.9
22 95 0.3
22 76 0.3
22 91 0.5
22 80 0.9
23 110 0.9
23 89 0.7
23 79 0.9
23 42 0.7
23 62 0.7
24 74 0.5
24 40 0.5
24 29 0.3
25 82 0.7
25 40 0.1
26 101 0.3
26 80 0.1
27 67 0.7
27 48 0.9
28 125 0.7
28 30 0.1
29 80 0.1
29 65 0.9
29 93 0.7
29 40 0.5
29 78 0.1
29 87 0.5
30 42 0.9
31 84 0.9
31 69 0.7
32 101 0.9
33 76 0.9
33 106 0.3
33 73 0.7
34 64 0.1
34 110 0.5
35 65 0.9
35 86 0.1
36 66 0.1
36 64 0.7
37 50 0.1
37 122 0.3
38 43 0.1
38 45 0.9
38 44 0.7
39 122 0.5
39 82 0.9
39 55 0.5
40 97 0.5
41 115 0.3
41 51 0.5
41 95 0.9
41 65 0.3
41 93 0.9
42 49 0.5
42 53 0.7
42 118 0.1
42 52 0.7
43 116 0.5
43 96 0.7
43 99 0.1
43 55 0.1
44 70 0.9
44 76 0.9
44 122 0.9
44 86 0.7
44 105 0.7
44 82 0.9
45 63 0.9
45 74 0.7
45 73 0.3
45 84 0.3
46 126 0.9
46 52 0.7
47 70 0.3
47 117 0.3
47 122 0.5
48 127 0.1
49 79 0.5
49 75 0.9
50 82 0.1
50 77 0.3
50 95 0.9
51 112 0.1
51 122 0.5
51 61 0.1
52 79 0.3
53 112 0.5
53 108 0.1
53 62 0.7
53 111 0.1
53 82 0.3
54 92 0.1
54 64 0.5
55 109 0.9
55 107 0.7
55 99 0.9
55 127 0.7
56 92 0.3
56 107 0.1
56 77 0.1
56 125 0.9
56 122 0.9
58 91 0.5
58 83 0.9
59 78 0.7
59 106 0.5
59 99 0.3
60 77 0.5
60 71 0.5
60 103 0.9
63 129 0.1
63 82 0.1
63 113 0.7
63 88 0.1
64 65 0.9
65 78 0.7
65 71 0.1
66 69 0.7
66 86 0.3
66 123 0.9
67 101 0.3
67 103 0.5
68 86 0.3
70 84 0.3
71 121 0.9
71 118 0.5
72 80 0.1
72 76 0.5
73 110 0.1
73 82 0.1
74 79 0.9
74 113 0.7
74 104 0.3
75 86 0.5
75 105 0.7
75 80 0.5
76 88 0.3
76 123 0.9
76 99 0.1
77 100 0.3
78 119 0.3
78 105 0.5
79 94 0.7
80 120 0.1
83 126 0.1
83 95 0.5
83 84 0.3
84 120 0.7
84 102 0.5
86 99 0.5
86 122 0.7
87 120 0.3
87 92 0.3
88 117 0.3
90 121 0.3
91 111 0.1
91 121 0.9
92 93 0.3
93 103 0.9
97 101 0.3
97 116 0.7
97 115 0.3
99 126 0.1
100 127 0.9
100 113 0.9
102 124 0.7
102 115 0.1
102 129 0.1
103 120 0.9
105 108 0.5
105 112 0.5
105 128 0.5
106 111 0.1
108 122 0.7
111 122 0.1
112 129 0.5
123 124 0.5
