55 110 num_nodes 55
0 15 0.7
0 8 0.3
0 13 0.7
0 38 0.3
0 53 0.5
1 53 0.5
1 23 0.1
1 47 0.5
1 25 0.9
2 28 0.5
2 18 0.5
2 25 0.3
2 51 0.7
3 10 0.9
3 16 0.9
3 5 0.1
3 40 0.9
3 54 0.9
4 8 0.3
4 21 0.9
4 50 0.9
5 27 0.7
5 19 0.5
5 51 0.5
5 31 0.9
6 36 0.1
6 37 0.5
6 26 0.3
7 23 0.7
7 48 0.1
7 9 0.5
8 28 0.7
8 46 0.7
8 36 0.5
9 16 0.9
9 23 0.7
9 40 0.7
9 26 0.7
9 29 0.1
10 24 0.1
10 26 0.1
10 46 0.1
10 27 0.7
10 33 0.3
11 49 0.1
11 13 0.9
11 20 0.7
11 45 0.3
11 19 0.5
11 34 0.1
11 21 0.5
12 34 0.9
12 44 0.7
12 39 0.3
13 46 0.5
13 49 0.9
13 21 0.9
13 53 0.7
15 41 0.3
15 30 0.9
15 52 0.5
15 47 0.7
16 39 0.5
16 33 0.1
16 52 0.5
17 26 0.7
17 21 0.1
17 18 0.9
17 32 0.3
18 20 0.9
18 26 0.3
19 24 0.1
19 52 0.3
19 22 0.5
19 30 0.1
20 43 0.1
20 30 0.5
21 31 0.3
22 47 0.1
22 54 0.5
22 29 0.5
22 32 0.9
22 38 0.9
23 26 0.5
23 51 0.5
23 32 0.7
24 34 0.9
24 37 0.1
24 52 0.5
25 30 0.9
29 49 0.7
29 41 0.1
29 31 0.3
30 44 0.9
31 40 0.9
32 39 0.9
33 41 0.5
34 44 0.7
34 38 0.5
35 50 0.5
37 38 0.9
39 54 0.9
40 43 0.9
40 50 0.9
43 45 0.5
44 50 0.5
44 46 0.9
47 53 0.3
47 49 0.5
48 51 0.9
