30 60 Varying_K 11
0 28 0.9
0 22 0.9
0 10 0.1
0 23 0.3
0 29 0.5
1 15 0.9
2 24 0.7
2 11 0.3
3 8 0.1
3 15 0.5
3 28 0.5
3 5 0.5
3 23 0.9
3 16 0.1
4 18 0.5
5 11 0.9
5 24 0.9
6 25 0.1
6 13 0.7
6 21 0.7
7 18 0.1
7 16 0.9
7 11 0.3
7 21 0.3
7 24 0.5
7 23 0.7
8 14 0.3
9 14 0.1
9 27 0.5
10 28 0.5
12 20 0.1
12 26 0.1
12 21 0.3
12 16 0.7
12 25 0.3
13 19 0.1
13 26 0.7
13 16 0.1
13 21 0.9
14 15 0.9
14 24 0.3
14 21 0.1
15 24 0.5
15 17 0.1
15 27 0.9
16 29 0.1
16 26 0.7
17 20 0.1
17 29 0.3
17 28 0.5
18 28 0.9
18 27 0.9
20 29 0.3
20 23 0.9
21 23 0.1
22 23 0.1
22 24 0.1
23 25 0.3
25 27 0.1
26 29 0.3
