30 60 Varying_K 11
0 29 0.5
0 21 0.1
0 26 0.5
1 18 0.7
1 4 0.7
2 19 0.7
2 24 0.3
2 3 0.3
2 11 0.5
2 25 0.5
3 11 0.9
3 18 0.5
4 17 0.3
4 27 0.3
4 28 0.9
5 24 0.1
5 22 0.5
6 7 0.5
6 15 0.1
6 20 0.5
7 18 0.7
7 20 0.3
8 17 0.5
8 27 0.5
8 21 0.9
8 9 0.9
9 24 0.5
9 13 0.5
10 28 0.7
10 17 0.1
11 29 0.1
11 17 0.1
12 20 0.7
12 23 0.5
12 28 0.5
12 18 0.5
13 29 0.9
13 24 0.7
13 18 0.3
14 29 0.9
15 19 0.3
15 26 0.9
15 22 0.7
15 17 0.5
15 27 0.3
15 20 0.1
16 29 0.5
16 26 0.1
17 26 0.1
18 20 0.1
18 25 0.9
18 28 0.3
18 26 0.5
19 21 0.7
20 27 0.7
20 22 0.1
21 29 0.3
22 25 0.1
22 27 0.3
23 29 0.5
