30 60 Varying_K 11
0 16 0.5
0 23 0.9
0 27 0.3
0 6 0.9
0 9 0.9
0 19 0.7
0 12 0.7
0 26 0.1
1 20 0.1
1 8 0.1
1 14 0.5
2 25 0.3
2 10 0.7
3 11 0.1
3 17 0.1
3 24 0.5
4 19 0.9
4 8 0.7
5 28 0.7
5 8 0.9
5 24 0.3
5 27 0.1
5 9 0.1
5 6 0.7
5 29 0.3
5 10 0.3
5 22 0.3
6 13 0.1
6 24 0.9
6 10 0.3
6 22 0.3
6 19 0.7
7 24 0.3
7 12 0.9
7 18 0.1
7 29 0.5
8 19 0.9
9 26 0.3
9 11 0.3
11 23 0.5
11 13 0.1
11 27 0.3
11 16 0.3
11 28 0.5
12 24 0.1
12 28 0.9
12 18 0.9
14 26 0.7
14 19 0.3
15 27 0.7
15 22 0.7
17 28 0.5
17 25 0.7
18 19 0.5
20 29 0.7
20 21 0.7
21 22 0.9
22 25 0.9
23 26 0.9
27 29 0.1
