30 78 edge_degree 2.6
0 28 0.9
0 22 0.1
0 10 0.5
0 23 0.9
0 29 0.9
0 15 0.1
0 7 0.1
1 15 0.3
1 9 0.3
2 24 0.7
2 11 0.7
3 8 0.7
3 15 0.3
3 28 0.7
3 5 0.7
3 23 0.5
3 16 0.3
4 18 0.1
5 11 0.3
5 24 0.1
5 20 0.1
5 16 0.7
6 25 0.9
6 13 0.7
6 21 0.7
6 24 0.3
7 18 0.5
7 16 0.7
7 11 0.3
7 21 0.1
7 24 0.1
7 23 0.9
7 12 0.3
8 14 0.3
8 29 0.3
9 14 0.1
9 27 0.9
10 28 0.1
11 12 0.1
11 16 0.5
11 14 0.5
12 20 0.3
12 26 0.1
12 21 0.1
12 16 0.7
12 25 0.7
12 18 0.9
13 19 0.9
13 26 0.5
13 16 0.5
13 21 0.5
14 15 0.3
14 24 0.1
14 21 0.5
15 24 0.7
15 17 0.1
15 27 0.5
15 23 0.7
16 29 0.3
16 26 0.5
17 20 0.9
17 29 0.5
17 28 0.5
17 27 0.3
17 21 0.3
18 28 0.3
18 27 0.7
18 19 0.1
19 23 0.3
20 29 0.3
20 23 0.7
21 23 0.7
22 23 0.5
22 24 0.7
22 27 0.9
23 25 0.9
25 27 0.7
26 29 0.5
