30 150 edge_degree 5.0
0 27 0.1
0 7 0.5
0 23 0.5
0 21 0.7
0 2 0.9
0 29 0.7
0 12 0.1
0 11 0.1
0 9 0.9
0 14 0.1
0 22 0.3
0 24 0.5
0 5 0.5
0 16 0.1
0 25 0.9
1 2 0.1
1 19 0.7
1 28 0.5
1 3 0.9
1 8 0.7
1 23 0.1
1 18 0.9
1 4 0.3
1 21 0.9
1 29 0.7
2 11 0.5
2 25 0.3
2 3 0.1
2 21 0.9
2 8 0.5
2 18 0.5
2 7 0.3
3 29 0.1
3 9 0.7
3 26 0.7
3 5 0.9
3 6 0.9
3 21 0.3
3 19 0.1
4 5 0.3
4 27 0.1
4 26 0.9
4 22 0.3
4 16 0.9
4 17 0.3
5 26 0.9
5 13 0.9
5 17 0.1
5 7 0.9
5 10 0.7
5 28 0.9
5 14 0.1
5 29 0.9
5 23 0.7
6 19 0.1
6 15 0.5
6 23 0.7
6 26 0.7
6 12 0.5
6 24 0.7
6 9 0.5
7 16 0.9
7 10 0.3
7 18 0.7
7 8 0.7
7 25 0.3
7 15 0.9
7 19 0.7
7 24 0.9
8 9 0.1
8 16 0.9
8 15 0.9
8 19 0.3
8 11 0.5
8 28 0.3
8 10 0.5
9 15 0.5
9 25 0.1
9 23 0.5
9 14 0.5
9 11 0.3
10 29 0.5
10 26 0.1
10 15 0.9
10 21 0.7
10 16 0.9
11 17 0.7
11 14 0.5
11 16 0.9
11 25 0.3
11 18 0.1
11 27 0.1
11 21 0.5
12 20 0.3
12 29 0.3
12 24 0.5
12 15 0.3
12 13 0.1
13 28 0.3
13 23 0.5
13 18 0.3
13 20 0.5
13 21 0.3
13 29 0.9
14 29 0.5
14 25 0.9
14 20 0.9
14 28 0.5
14 23 0.9
14 17 0.5
14 22 0.5
14 21 0.1
15 29 0.5
15 21 0.3
15 25 0.1
16 27 0.5
16 28 0.7
16 29 0.5
16 17 0.9
16 24 0.7
16 22 0.1
16 23 0.5
16 18 0.5
17 21 0.3
17 29 0.9
17 20 0.3
18 21 0.3
18 23 0.3
18 20 0.1
18 24 0.3
19 20 0.9
19 28 0.1
19 24 0.9
19 27 0.1
19 22 0.9
21 27 0.9
21 29 0.9
21 28 0.9
21 26 0.3
22 23 0.7
22 26 0.3
22 24 0.9
22 29 0.5
23 25 0.7
24 29 0.7
24 26 0.9
25 26 0.7
25 27 0.5
26 29 0.1
28 29 0.7
