80 400 edge_degree 5.0
0 9 0.5
0 61 0.7
0 62 0.7
0 41 0.5
0 71 0.3
0 75 0.1
0 3 0.7
0 13 0.7
0 28 0.5
0 79 0.7
1 60 0.1
1 8 0.3
1 43 0.5
1 61 0.5
2 37 0.1
2 40 0.9
2 75 0.1
2 7 0.7
2 30 0.1
2 31 0.5
2 34 0.7
2 68 0.5
2 59 0.7
2 26 0.5
2 51 0.5
2 11 0.1
3 34 0.3
3 35 0.9
3 13 0.5
3 16 0.7
3 22 0.5
3 14 0.3
3 71 0.5
3 37 0.3
3 61 0.7
3 6 0.5
3 21 0.9
3 28 0.9
4 17 0.9
4 39 0.3
4 68 0.3
4 67 0.3
4 52 0.1
4 28 0.5
4 65 0.1
4 61 0.1
4 11 0.7
4 32 0.9
4 37 0.9
4 27 0.3
4 76 0.7
4 58 0.9
4 44 0.1
5 38 0.3
5 15 0.1
5 48 0.9
5 43 0.5
5 31 0.5
5 47 0.5
5 79 0.9
5 67 0.7
5 51 0.3
5 21 0.5
5 17 0.5
5 52 0.9
6 73 0.9
6 52 0.7
6 34 0.1
6 60 0.5
6 8 0.9
6 55 0.5
6 49 0.1
6 30 0.1
6 37 0.7
6 24 0.9
7 42 0.9
7 61 0.5
7 16 0.9
7 70 0.5
7 45 0.5
7 23 0.3
7 55 0.1
8 77 0.9
8 61 0.3
8 44 0.1
8 75 0.3
8 30 0.9
8 22 0.9
8 45 0.5
8 26 0.3
8 68 0.3
9 40 0.3
9 54 0.7
9 23 0.9
9 61 0.9
9 62 0.7
9 35 0.1
9 63 0.9
9 25 0.1
10 43 0.7
10 79 0.5
10 48 0.7
10 53 0.1
10 15 0.3
10 17 0.3
11 61 0.7
11 65 0.1
11 72 0.1
11 54 0.1
11 33 0.3
11 79 0.1
11 40 0.3
11 75 0.9
11 37 0.1
12 46 0.7
12 13 0.1
12 48 0.7
12 70 0.3
12 63 0.1
12 32 0.5
12 45 0.3
12 75 0.9
12 30 0.5
13 27 0.9
13 76 0.7
13 79 0.5
13 48 0.3
13 68 0.7
13 70 0.3
13 43 0.7
13 71 0.1
13 23 0.9
13 40 0.3
14 78 0.5
14 55 0.9
14 67 0.3
14 63 0.9
14 72 0.5
14 23 0.7
14 17 0.9
14 44 0.9
14 64 0.3
15 36 0.5
15 28 0.3
15 21 0.9
15 25 0.5
15 68 0.3
15 16 0.5
15 59 0.1
15 67 0.5
15 43 0.3
15 40 0.1
15 58 0.5
15 76 0.1
16 69 0.1
16 72 0.9
16 53 0.9
16 43 0.1
16 35 0.5
16 75 0.5
17 56 0.3
17 48 0.3
17 75 0.7
17 23 0.3
17 33 0.1
17 59 0.3
18 60 0.9
18 74 0.5
18 61 0.7
18 42 0.1
18 77 0.1
18 47 0.3
19 50 0.7
19 29 0.3
19 52 0.5
19 33 0.5
19 25 0.7
19 51 0.1
19 20 0.7
19 23 0.7
19 34 0.1
19 36 0.9
20 75 0.1
20 77 0.5
20 40 0.9
20 53 0.1
20 50 0.9
20 24 0.9
21 56 0.3
21 30 0.1
21 72 0.5
21 74 0.9
21 77 0.9
21 24 0.3
21 64 0.7
22 40 0.3
22 72 0.5
22 25 0.7
22 47 0.9
22 67 0.7
22 51 0.7
23 46 0.7
23 55 0.3
23 73 0.5
23 30 0.7
23 79 0.9
23 40 0.5
23 58 0.5
23 56 0.1
23 52 0.7
23 45 0.9
24 29 0.5
24 40 0.9
24 33 0.7
24 30 0.5
24 72 0.7
24 50 0.7
24 76 0.5
24 67 0.9
25 52 0.1
25 55 0.9
25 34 0.7
25 58 0.1
25 61 0.9
26 76 0.1
26 74 0.7
26 54 0.7
26 33 0.7
27 63 0.7
27 72 0.5
27 68 0.3
27 39 0.3
27 32 0.7
28 34 0.5
28 42 0.5
28 45 0.3
28 54 0.1
28 62 0.3
29 43 0.5
29 68 0.7
29 59 0.9
29 62 0.3
29 64 0.5
29 56 0.3
30 75 0.1
30 64 0.9
30 55 0.9
30 41 0.9
30 49 0.1
30 67 0.3
30 52 0.7
31 34 0.7
31 58 0.1
31 71 0.7
32 47 0.1
32 69 0.3
32 46 0.5
33 70 0.7
33 55 0.9
33 66 0.9
33 76 0.3
33 71 0.5
33 37 0.3
34 73 0.1
34 64 0.1
34 57 0.3
34 59 0.1
34 75 0.3
34 74 0.9
35 70 0.3
35 62 0.1
35 43 0.3
35 59 0.1
36 69 0.7
36 61 0.5
37 78 0.5
37 66 0.1
37 53 0.7
37 52 0.3
37 72 0.7
38 53 0.7
38 55 0.9
38 70 0.5
38 58 0.3
38 48 0.3
38 64 0.9
38 46 0.7
38 74 0.3
38 71 0.7
38 67 0.1
38 62 0.9
39 64 0.9
39 61 0.9
39 63 0.7
39 48 0.7
40 46 0.7
40 47 0.9
40 53 0.9
40 72 0.1
40 65 0.5
40 49 0.3
40 57 0.7
41 69 0.3
41 76 0.1
41 47 0.5
41 72 0.1
41 43 0.3
42 75 0.1
42 54 0.9
42 51 0.9
42 44 0.7
42 79 0.3
42 65 0.9
42 68 0.1
43 74 0.5
43 44 0.7
43 61 0.7
44 73 0.1
44 75 0.7
44 53 0.1
44 49 0.1
44 71 0.3
45 59 0.1
45 77 0.9
45 57 0.5
45 65 0.7
46 72 0.5
46 79 0.3
46 67 0.9
46 53 0.7
47 77 0.3
47 63 0.1
47 67 0.5
47 57 0.7
48 58 0.3
48 78 0.1
48 69 0.3
48 64 0.3
48 61 0.1
48 55 0.5
49 66 0.5
49 54 0.5
49 64 0.7
49 75 0.7
49 60 0.9
49 70 0.9
50 73 0.9
50 78 0.7
50 76 0.1
50 62 0.3
50 53 0.7
50 63 0.5
50 77 0.5
51 73 0.1
51 58 0.3
51 76 0.1
51 64 0.3
52 74 0.5
52 72 0.1
52 56 0.5
53 54 0.3
53 74 0.9
53 58 0.5
53 61 0.9
53 76 0.3
54 66 0.5
55 71 0.7
56 75 0.7
56 67 0.3
56 64 0.3
56 62 0.1
57 69 0.7
58 66 0.7
58 77 0.3
58 68 0.9
59 74 0.1
60 74 0.5
60 69 0.9
60 70 0.9
60 76 0.1
60 63 0.1
61 66 0.7
61 64 0.3
62 64 0.9
63 65 0.7
65 79 0.9
65 72 0.3
67 68 0.9
67 79 0.1
67 69 0.3
68 74 0.7
68 72 0.1
69 70 0.5
70 74 0.9
71 76 0.5
72 73 0.5
72 74 0.5
74 76 0.9
75 76 0.3
77 78 0.1
