80 400 edge_degree 5.0
0 38 0.7
0 27 0.5
0 69 0.3
0 21 0.5
0 6 0.5
0 70 0.9
0 9 0.3
0 57 0.9
0 44 0.7
0 1 0.5
0 77 0.9
1 73 0.9
1 78 0.3
1 66 0.3
1 32 0.9
1 29 0.9
1 61 0.5
1 58 0.9
2 51 0.7
2 41 0.1
2 38 0.5
2 77 0.7
2 33 0.7
2 35 0.5
2 4 0.5
2 61 0.7
2 3 0.3
3 33 0.9
3 58 0.3
3 56 0.1
3 79 0.9
3 54 0.9
3 51 0.3
3 22 0.5
3 53 0.5
4 41 0.5
4 62 0.1
4 10 0.3
4 26 0.5
4 27 0.7
4 77 0.9
4 25 0.5
4 51 0.5
4 33 0.3
4 23 0.7
4 68 0.3
4 36 0.3
5 33 0.7
5 10 0.9
5 45 0.5
5 46 0.1
5 77 0.5
5 63 0.9
5 50 0.7
5 17 0.9
5 39 0.5
5 53 0.7
5 20 0.3
6 40 0.9
6 25 0.7
6 16 0.5
6 10 0.7
6 68 0.5
6 77 0.5
7 28 0.3
7 29 0.7
7 21 0.7
7 34 0.3
7 36 0.5
7 49 0.3
7 20 0.1
7 67 0.3
7 79 0.5
7 70 0.7
7 8 0.7
8 11 0.5
8 52 0.5
8 25 0.9
8 58 0.9
8 77 0.9
8 38 0.9
8 48 0.5
8 63 0.3
8 54 0.1
9 37 0.1
9 63 0.1
9 10 0.3
9 14 0.3
9 66 0.3
9 11 0.9
9 73 0.7
9 43 0.7
9 19 0.7
9 76 0.5
9 46 0.5
9 79 0.7
10 36 0.3
10 46 0.1
10 55 0.1
10 40 0.3
10 16 0.3
10 20 0.9
10 30 0.5
10 22 0.5
10 44 0.3
10 54 0.3
10 11 0.9
11 77 0.9
11 70 0.7
11 49 0.5
11 67 0.5
11 39 0.7
11 65 0.1
11 21 0.5
11 79 0.5
11 66 0.5
12 41 0.7
12 56 0.7
12 51 0.3
12 45 0.3
12 20 0.3
12 14 0.3
13 50 0.5
13 22 0.1
13 24 0.9
13 40 0.1
13 25 0.1
13 17 0.3
14 26 0.7
14 72 0.5
14 32 0.9
14 76 0.5
14 69 0.9
14 22 0.5
14 77 0.7
14 39 0.3
14 43 0.7
14 68 0.1
14 27 0.3
15 42 0.3
15 67 0.1
15 54 0.9
15 39 0.3
15 34 0.3
15 24 0.5
15 60 0.7
15 74 0.9
16 79 0.3
16 36 0.7
17 32 0.5
17 43 0.9
17 77 0.9
17 50 0.3
17 48 0.5
17 57 0.3
17 79 0.7
17 76 0.1
17 36 0.7
17 55 0.5
17 35 0.3
18 25 0.7
18 41 0.7
18 32 0.5
18 77 0.5
18 27 0.3
18 70 0.1
19 61 0.9
19 41 0.5
19 76 0.3
19 22 0.9
19 65 0.7
19 30 0.3
19 53 0.1
19 64 0.7
19 52 0.1
19 38 0.7
19 45 0.1
19 69 0.1
20 57 0.3
20 42 0.3
20 27 0.9
20 77 0.5
20 47 0.1
20 23 0.1
20 50 0.1
20 21 0.1
20 46 0.7
20 61 0.9
20 25 0.3
21 39 0.9
21 58 0.5
21 73 0.5
21 59 0.9
21 71 0.5
21 42 0.3
21 27 0.7
21 44 0.1
21 43 0.7
22 31 0.3
22 37 0.5
22 79 0.3
22 51 0.3
22 41 0.9
22 78 0.1
22 43 0.5
22 52 0.3
22 27 0.5
22 33 0.1
22 25 0.7
23 35 0.1
23 29 0.9
23 69 0.1
23 68 0.3
23 26 0.9
23 44 0.1
23 78 0.9
23 77 0.3
24 34 0.7
24 52 0.7
24 79 0.3
24 63 0.7
24 35 0.7
24 73 0.5
24 28 0.9
25 56 0.1
25 71 0.7
25 61 0.1
25 30 0.3
25 73 0.1
25 63 0.7
25 55 0.1
25 65 0.9
26 54 0.3
26 29 0.9
26 55 0.9
26 48 0.9
26 36 0.3
26 79 0.1
26 72 0.3
26 35 0.5
27 33 0.5
27 54 0.3
27 34 0.3
27 38 0.5
27 32 0.7
27 63 0.9
27 68 0.9
28 53 0.7
28 70 0.3
28 61 0.3
28 39 0.7
28 79 0.1
28 37 0.5
29 39 0.5
29 62 0.9
29 47 0.3
29 70 0.1
29 74 0.1
29 36 0.1
30 38 0.3
30 78 0.7
30 62 0.3
30 46 0.5
30 76 0.3
31 64 0.7
31 74 0.3
31 56 0.9
31 67 0.9
31 52 0.9
31 76 0.5
31 46 0.1
31 66 0.5
32 77 0.5
32 65 0.5
32 74 0.3
32 35 0.1
33 53 0.5
33 43 0.1
33 61 0.9
33 77 0.3
33 63 0.7
33 44 0.5
34 69 0.1
35 46 0.9
35 60 0.1
35 59 0.5
35 74 0.9
35 79 0.3
35 55 0.3
36 55 0.9
36 41 0.5
36 47 0.3
36 56 0.1
36 60 0.1
37 70 0.9
37 47 0.3
37 73 0.1
37 56 0.9
37 52 0.7
37 43 0.5
37 45 0.7
37 40 0.5
37 41 0.5
37 42 0.5
37 60 0.1
37 66 0.7
38 44 0.9
38 61 0.7
38 79 0.1
38 51 0.7
38 71 0.5
39 65 0.1
39 49 0.9
39 72 0.9
39 45 0.7
39 75 0.7
40 60 0.9
40 78 0.9
40 51 0.7
40 55 0.3
41 75 0.7
41 63 0.1
41 68 0.9
41 67 0.1
41 55 0.7
41 52 0.5
41 69 0.7
41 66 0.9
42 71 0.7
42 47 0.9
42 52 0.9
42 77 0.9
42 76 0.5
43 49 0.9
43 60 0.9
43 50 0.1
43 61 0.3
43 65 0.1
44 79 0.3
44 77 0.7
44 45 0.7
45 55 0.5
45 60 0.1
46 79 0.7
46 76 0.5
46 78 0.7
46 71 0.5
46 55 0.3
46 49 0.9
46 73 0.5
47 69 0.7
48 76 0.9
48 50 0.7
48 57 0.3
48 55 0.3
49 51 0.5
49 77 0.9
50 56 0.9
50 68 0.7
51 72 0.7
51 76 0.5
51 64 0.7
52 79 0.5
52 56 0.7
52 75 0.7
52 76 0.5
53 67 0.9
53 56 0.1
54 76 0.7
55 65 0.5
56 64 0.5
57 67 0.9
58 69 0.3
58 71 0.1
59 69 0.7
59 79 0.3
60 72 0.7
60 67 0.1
60 79 0.7
61 67 0.1
61 64 0.3
61 76 0.7
62 69 0.9
62 71 0.5
62 76 0.7
63 74 0.7
63 69 0.1
64 65 0.5
66 68 0.7
66 69 0.9
66 67 0.1
67 75 0.7
67 77 0.3
68 70 0.9
69 73 0.1
71 76 0.3
72 74 0.9
74 79 0.9
74 75 0.3
78 79 0.5
