15 30 num_nodes 15
0 1 0.6393400295069261
0 3 0.16656697728646586
0 14 0.5476406922071464
1 11 0.8778491351946199
1 2 0.4261352244680303
1 13 0.18726371705440892
1 5 0.26358348019011013
1 4 0.953717759940205
2 12 0.597147668198272
2 3 0.23801517537029482
3 4 0.8670416378182064
3 7 0.908382556241946
3 6 0.2427410674828243
4 14 0.1924099984066816
4 5 0.6167503208256905
4 12 0.093637368707575
4 13 0.7061151223098467
4 9 0.3977225609421011
4 6 0.024328252707446762
5 10 0.9238716594285437
6 7 0.5425822812342469
6 8 0.8525686768372619
6 9 0.9497073878180042
8 13 0.5286076347119473
8 12 0.9000136701580984
9 13 0.5105833568614879
10 13 0.1830066666866167
11 13 0.8279506410614691
11 14 0.837361280741104
13 14 0.7751473456410625
