15 30 num_nodes 15
0 8 0.7354835210531911
0 10 0.3912327702899884
0 11 0.7345925650804843
0 13 0.471982498670352
0 3 0.3337639375527316
1 5 0.8327268473433717
1 8 0.7292167184032462
1 12 0.16733634766283423
2 14 0.16571545378753072
2 4 0.060069033150652484
2 12 0.9468013216239008
2 9 0.08831268670199932
2 13 0.9166265396477078
2 3 0.613797583913158
3 12 0.34705442891189786
3 6 0.054090100418036524
3 9 0.5007046623954643
3 5 0.18136209952526627
3 11 0.2481794339989356
4 9 0.016372017756435375
5 11 0.0878385313234753
6 12 0.2865554567433669
6 14 0.15766165532309528
7 13 0.6477415511526857
7 9 0.38671618648498807
8 14 0.9519292545335606
10 14 0.5318811523256247
11 12 0.4724877662607936
11 13 0.4169613518155686
13 14 0.027729988770538228
