30 60 Varying_K 11
0 29 0.7
0 21 0.1
0 26 0.7
1 18 0.3
1 4 0.5
2 19 0.1
2 24 0.9
2 3 0.1
2 11 0.1
2 25 0.5
3 11 0.5
3 18 0.1
4 17 0.3
4 27 0.5
4 28 0.5
5 24 0.1
5 22 0.3
6 7 0.3
6 15 0.1
6 20 0.5
7 18 0.7
7 20 0.3
8 17 0.9
8 27 0.9
8 21 0.9
8 9 0.9
9 24 0.3
9 13 0.3
10 28 0.7
10 17 0.9
11 29 0.9
11 17 0.1
12 20 0.5
12 23 0.3
12 28 0.7
12 18 0.9
13 29 0.7
13 24 0.5
13 18 0.7
14 29 0.5
15 19 0.3
15 26 0.1
15 22 0.1
15 17 0.5
15 27 0.5
15 20 0.3
16 29 0.9
16 26 0.5
17 26 0.9
18 20 0.1
18 25 0.9
18 28 0.1
18 26 0.3
19 21 0.3
20 27 0.1
20 22 0.1
21 29 0.5
22 25 0.3
22 27 0.9
23 29 0.3
