30 60 Varying_K 11
0 2 0.1
0 29 0.9
1 7 0.3
1 25 0.7
1 2 0.1
1 26 0.3
2 4 0.7
2 11 0.5
2 8 0.3
2 13 0.1
3 23 0.3
3 26 0.9
3 10 0.5
4 10 0.5
5 24 0.5
5 6 0.1
5 7 0.7
5 14 0.7
5 11 0.1
6 8 0.3
6 13 0.9
6 21 0.5
6 29 0.3
6 28 0.9
7 9 0.9
7 15 0.5
7 22 0.5
8 11 0.9
8 25 0.3
8 26 0.3
8 16 0.3
8 14 0.5
8 24 0.1
9 29 0.7
9 26 0.9
9 18 0.7
9 27 0.1
9 13 0.7
10 21 0.1
10 18 0.1
12 15 0.3
12 17 0.7
12 16 0.1
13 19 0.1
13 23 0.5
14 20 0.5
15 22 0.1
16 17 0.7
16 24 0.1
17 27 0.7
17 20 0.5
18 19 0.9
19 27 0.9
20 26 0.5
20 27 0.3
22 28 0.7
23 27 0.5
24 25 0.5
26 29 0.7
27 28 0.3
