30 60 Varying_K 11
0 16 0.5
0 23 0.3
0 27 0.7
0 6 0.7
0 9 0.5
0 19 0.7
0 12 0.9
0 26 0.7
1 20 0.9
1 8 0.5
1 14 0.7
2 25 0.7
2 10 0.3
3 11 0.3
3 17 0.3
3 24 0.5
4 19 0.3
4 8 0.7
5 28 0.9
5 8 0.5
5 24 0.3
5 27 0.9
5 9 0.9
5 6 0.7
5 29 0.5
5 10 0.3
5 22 0.1
6 13 0.7
6 24 0.9
6 10 0.7
6 22 0.1
6 19 0.9
7 24 0.9
7 12 0.9
7 18 0.1
7 29 0.5
8 19 0.3
9 26 0.5
9 11 0.1
11 23 0.5
11 13 0.5
11 27 0.3
11 16 0.7
11 28 0.5
12 24 0.9
12 28 0.7
12 18 0.1
14 26 0.5
14 19 0.9
15 27 0.7
15 22 0.7
17 28 0.9
17 25 0.7
18 19 0.1
20 29 0.1
20 21 0.7
21 22 0.3
22 25 0.3
23 26 0.9
27 29 0.9
