30 45 Varying_K 1
0 2 0.3697783539092466
0 29 0.9960922645347249
1 7 0.813681337990278
1 25 0.8014098315281405
1 2 0.7054984543465316
2 4 0.14924547950549416
2 11 0.11141978762944427
2 8 0.7690420673896557
3 23 0.05355382260870711
3 26 0.7720468540406161
5 24 0.44883085362914166
5 6 0.7316536079170433
5 7 0.9787304717072993
5 14 0.3982940930233755
6 8 0.16622640209042894
6 13 0.7887352876829036
7 9 0.07302941042459599
7 15 0.7902503362150948
8 11 0.37477421246740916
8 25 0.15275250189185052
8 26 0.03677497300428578
8 16 0.04924031804653861
9 29 0.7338309012576254
9 26 0.523253290888746
9 18 0.3795818998056444
9 27 0.29499322587563015
9 13 0.5862380260348058
10 21 0.847480308923977
12 15 0.3229585522939802
12 17 0.29419119901259794
12 16 0.762271309535994
13 19 0.06577763636133038
14 20 0.5437920601323722
16 17 0.9596608644222653
16 24 0.6705979197999902
17 27 0.6962017016935308
17 20 0.24564372168149373
19 27 0.8242222264612918
20 26 0.11264379829492743
20 27 0.11474242257494494
22 28 0.9078853654302912
23 27 0.20975926545370482
24 25 0.3111166220241096
26 29 0.61152960495728
27 28 0.008479583020839732
