200 400 num_nodes_f_dist 200
0 196 0.0117
0 137 0.2859
0 82 0.01
0 142 0.4425
1 98 0.0048
1 45 0.002
1 48 0.0657
2 138 0.2796
2 33 0.0284
2 75 0.145
2 74 0.014
2 116 0.0629
3 58 0.1064
3 193 0.0142
3 157 0.0996
3 171 0.4656
3 191 0.01
4 115 0.0
4 101 0.1269
4 127 0.0964
4 40 0.2064
4 146 0.0442
5 7 0.0162
5 106 0.0005
5 57 0.0067
5 56 0.0107
5 162 0.0173
5 148 0.0025
6 166 0.1033
6 79 0.0416
6 10 0.0511
6 124 0.0068
6 27 0.0089
7 124 0.0413
7 185 0.071
7 187 0.0019
7 58 0.3619
7 101 0.0899
7 160 0.3727
8 122 0.0656
8 172 0.1168
8 184 0.0948
9 37 0.0005
9 143 0.0591
9 130 0.0045
10 185 0.081
10 104 0.0002
10 29 0.0001
10 78 0.0001
10 186 0.0785
11 120 0.0
11 75 0.064
12 54 0.0266
12 40 0.1935
12 56 0.1001
13 193 0.0
14 123 0.3557
15 188 0.7503
15 177 0.0046
16 195 0.2329
16 60 0.1074
16 102 0.0069
16 81 0.1741
16 199 0.1571
17 74 0.0504
18 21 0.091
18 78 0.073
18 97 0.0181
18 68 0.1874
18 141 0.0389
18 195 0.0114
19 79 0.0061
19 96 0.0883
19 186 0.4325
19 83 0.0149
19 34 0.0242
20 68 0.2093
20 71 0.0844
20 113 0.0371
21 34 0.4159
21 152 0.1729
21 188 0.032
22 95 0.0723
22 192 0.001
22 156 0.0496
23 46 0.0004
23 105 0.0772
23 114 0.1301
23 62 0.3287
23 134 0.0501
24 53 0.0013
24 172 0.0149
25 47 0.0364
25 88 0.0064
25 53 0.0229
25 85 0.3391
25 39 0.0011
25 68 0.0031
26 81 0.0304
26 126 0.1139
26 82 0.0093
26 111 0.0068
27 130 0.1437
27 66 0.0913
27 70 0.1147
27 78 0.2338
28 159 0.2112
28 64 0.0296
28 126 0.0067
29 121 0.0363
29 87 0.0039
29 117 0.0352
29 41 0.262
30 65 0.1369
30 75 0.0325
30 54 0.0822
30 169 0.0737
30 145 0.0631
31 155 0.0101
31 107 0.2958
31 113 0.0142
32 76 0.181
32 37 0.0337
32 52 0.0632
32 35 0.0889
32 112 0.0995
33 132 0.0277
34 145 0.018
34 144 0.2695
34 148 0.2207
35 151 0.046
35 198 0.1303
36 81 0.0578
36 139 0.1624
37 138 0.0004
38 198 0.087
39 64 0.081
40 42 0.0129
40 106 0.1695
40 190 0.0722
40 94 0.0022
41 199 0.1884
41 184 0.5135
42 43 0.1151
42 115 0.0068
42 95 0.3358
42 139 0.0001
42 83 0.0027
43 165 0.4543
43 128 0.0848
43 168 0.1715
43 199 0.0003
43 66 0.1309
43 139 0.0021
43 115 0.0092
44 170 0.0065
44 45 0.6742
44 102 0.003
44 72 0.0222
45 162 0.0062
45 76 0.1957
45 96 0.0122
46 66 0.026
47 88 0.0054
47 83 0.0344
48 77 0.0537
48 107 0.0042
48 61 0.0217
49 151 0.456
50 78 0.2858
50 130 0.0603
51 197 0.007
51 141 0.001
51 96 0.0004
51 83 0.391
51 69 0.0005
52 109 0.0596
52 146 0.2283
52 176 0.395
52 79 0.0728
52 66 0.0127
52 72 0.0004
52 97 0.3028
53 130 0.086
53 138 0.0929
53 196 0.0015
54 68 0.0004
54 137 0.1014
55 108 0.3437
55 151 0.0097
55 158 0.0286
55 109 0.0369
56 135 0.9548
56 194 0.567
56 161 0.241
57 115 0.1165
57 144 0.0009
57 61 0.1143
57 182 0.559
58 151 0.051
58 99 0.3309
59 88 0.0678
59 173 0.132
59 103 0.0006
59 124 0.0002
60 74 0.0519
61 174 0.1124
61 97 0.0134
62 190 0.0207
62 77 0.0049
62 102 0.0026
62 155 0.1843
63 68 0.2397
63 92 0.2355
63 64 0.0059
63 96 0.0229
64 186 0.071
64 144 0.128
64 182 0.114
64 138 0.0654
64 193 0.1235
65 141 0.0091
65 135 0.0656
65 129 0.0821
65 160 0.006
66 70 0.0002
68 184 0.0553
68 117 0.1263
68 194 0.001
69 165 0.0304
70 165 0.0094
71 193 0.0488
71 75 0.0068
71 162 0.0007
72 150 0.0111
72 102 0.1166
74 117 0.1121
75 182 0.0018
75 129 0.0144
75 93 0.0009
75 140 0.0177
75 154 0.0058
75 139 0.1886
76 190 0.027
76 177 0.0593
76 141 0.0155
78 180 0.1847
78 89 0.0492
78 179 0.7145
79 149 0.0832
79 146 0.3823
80 122 0.0474
80 100 0.0453
80 199 0.0552
80 126 0.016
81 166 0.1585
81 115 0.3743
81 148 0.2545
81 135 0.0018
82 127 0.0154
82 168 0.0488
83 156 0.0684
84 156 0.0186
85 190 0.1024
85 153 0.0146
86 109 0.0001
86 94 0.0282
86 164 0.0658
86 101 0.0381
86 105 0.1046
86 187 0.0157
87 98 0.0303
88 131 0.1034
88 106 0.0618
88 175 0.0337
89 163 0.2052
90 147 0.034
90 148 0.2171
91 124 0.0495
91 169 0.0035
91 192 0.1258
91 125 0.004
91 173 0.0257
93 140 0.0376
93 145 0.1154
94 125 0.184
95 128 0.1225
96 138 0.027
96 165 0.0
97 166 0.0025
97 175 0.0562
97 140 0.0739
98 131 0.1029
98 146 0.0517
99 110 0.2225
99 170 0.0021
100 150 0.0114
100 133 0.0673
100 148 0.0841
100 183 0.0219
101 144 0.2985
101 110 0.0012
102 138 0.2556
103 106 0.6355
104 136 0.01
104 132 0.1882
105 129 0.0508
106 165 0.0235
107 150 0.1322
108 128 0.0604
109 139 0.1037
109 161 0.0036
110 155 0.0046
110 172 0.1656
110 137 0.177
110 140 0.0523
110 153 0.073
111 128 0.0284
112 195 0.113
112 169 0.0205
112 137 0.0408
112 175 0.0326
112 135 0.0615
114 178 0.1226
114 180 0.1713
114 174 0.3825
115 120 0.3976
115 183 0.0042
116 179 0.3738
116 153 0.0004
117 153 0.0427
117 145 0.1301
118 188 0.556
118 153 0.1572
120 176 0.1651
120 126 0.0455
122 175 0.5132
124 136 0.0001
124 159 0.0006
125 183 0.6045
126 194 0.0599
126 141 0.0314
126 174 0.072
127 129 0.0256
128 199 0.0481
128 166 0.0248
129 171 0.0103
129 173 0.0
130 170 0.043
130 165 0.1246
130 196 0.0835
131 189 0.0506
131 181 0.251
131 146 0.0514
132 177 0.0664
134 166 0.0007
135 194 0.0015
136 196 0.1367
136 144 0.0058
138 140 0.0051
138 159 0.1128
138 199 0.0479
139 156 0.0343
140 168 0.0032
140 149 0.0013
140 146 0.0456
141 197 0.0
141 191 0.0031
142 164 0.0505
143 199 0.0036
143 156 0.03
143 191 0.0061
145 184 0.0004
146 174 0.0006
147 172 0.0956
147 166 0.0012
148 152 0.0612
150 157 0.8213
151 157 0.3826
152 185 0.0941
153 184 0.0678
154 199 0.0001
155 195 0.0645
155 186 0.0262
157 168 0.3331
158 171 0.0048
159 180 0.0776
159 172 0.1562
161 185 0.0275
163 187 0.1688
166 185 0.645
167 186 0.0319
170 182 0.0025
172 188 0.0106
172 194 0.1927
175 179 0.0082
179 198 0.1893
182 184 0.0281
182 190 0.0849
186 189 0.1529
