200 400 num_nodes_f_dist 200
0 177 2.986699186593192e-08
0 124 5.6582445060484985e-08
0 119 5.217077018228829e-07
1 88 6.56450334577829e-22
1 192 1.6670727898198445
1 72 8.689679600491758e-05
2 185 6.625088608327976e-14
2 162 0.1507355562099909
2 35 0.012333466164867473
2 39 6.398603477996604e-12
2 138 8.836166345995246e-20
2 64 28.12678675107196
4 179 0.0033558182627374156
4 93 7.226609417967803
4 175 2.1406924910105708e-17
4 172 9.679072418931285e-10
4 103 0.43113834441062643
5 95 0.014104022455895482
5 46 0.0031762596159096456
5 130 1.3514884950987232e-05
6 59 0.0023538661130033576
6 172 0.02031340832519442
6 17 0.000381872840634453
6 26 1.0531531986491663e-08
6 133 0.00035680770258988563
6 95 0.00013244633876048422
7 9 27.836889345396784
7 78 1.3271501202379115
7 152 0.00014460147535790458
7 117 1.0788981338560809e-28
7 26 15.195221228684897
8 14 3.0002930237351e-26
8 64 1.0269089000446604e-08
8 181 9.742414570648432e-07
8 93 3.4370153011246017e-06
9 148 3.464955984485051e-09
9 38 0.04342277566925492
9 165 0.024610811432590127
10 186 6.088801557745533e-26
10 59 5.32818049473639e-09
11 63 16.488379278647827
11 189 6.811309775031975e-21
11 185 0.021431542618253117
11 86 3.157929976180981e-11
11 27 12.715382541087028
12 69 1.382330927467033e-24
13 107 0.0014668045151271368
13 130 0.8560549743603701
13 34 0.0014079864421695514
13 100 8.740558872494766e-19
14 23 0.40093083279148284
14 171 2.470353350491844e-18
15 27 1.4668789743937944
15 108 1.1258015988631985e-18
15 115 0.0016274763428655713
15 71 4.2500339738298865e-09
15 36 18.475746879740807
16 168 6.004514761469428e-10
16 45 6.062236698492154e-25
17 106 1.9151277134645535e-16
18 64 5.317581881399325e-06
18 157 1.5723634768392723e-17
18 24 7.408938680838164
18 89 51.273359473659454
18 171 4.9851424414471436e-05
19 87 1.0342114670632857e-21
19 56 5.9891515832166504e-05
19 77 2.7629514268212425
19 85 1.1320557526248611
19 91 2.285714034857553e-16
19 44 1.5336377424352737e-05
20 151 4.3828815580754505e-10
20 31 26.66844923705649
20 194 3.587590070874414e-13
20 157 0.0004434664514922462
21 92 2.2987820192419578e-12
21 29 1.0750907389468891
21 149 0.11292462200225772
22 61 5.007136800532973e-06
22 174 0.00011336426900364397
22 78 0.5504359264581212
22 122 1.872803950967699e-12
22 87 0.000261892524946155
23 169 0.0004899888233309258
23 130 8.065257805017586e-21
23 150 0.0005571965016297562
24 43 1.1420678634774352e-06
24 46 3.0831682434442045e-14
24 108 4.772423542420695e-08
24 45 1.0137991899112677e-05
24 127 0.0015302706764448197
25 26 2.791074857679202e-08
25 105 0.00022666584985176085
25 99 2.1415625282998687
25 40 2.098332180989262
26 55 5.027895396182797e-05
26 78 0.23805794951157982
27 174 2.85816748488313e-13
28 73 23.312671348467315
28 41 0.0008275360325805189
28 39 0.0825750221393594
29 49 2.350365682184569e-07
29 86 7.644230179956037e-12
30 132 8.249013860716267e-07
30 32 0.0001862981959920472
31 101 0.0050684657681045265
31 65 0.5011551903573415
32 65 0.004607065996514156
32 114 4.591141787427533e-06
32 75 1.2395144947809952e-16
32 97 2.5154939294951916e-10
33 41 3.9902375925006494e-07
33 82 0.03094557048701789
34 44 0.0003466825855295543
34 68 0.00048608854659157075
34 166 8.130258795343767e-15
34 118 0.1262101841450684
34 35 6.211629213557729e-33
35 142 1.2072165487573707e-13
35 118 0.0007656116838272915
36 83 5.537724743475136e-14
36 117 0.4776929952721136
36 52 8.960829893011418e-05
36 107 5.763535299080097e-06
37 139 0.1694273817195386
37 119 6.693583271103714e-06
38 135 0.12359985561607413
38 92 4.3070165199428795e-07
39 180 0.5152979489860029
40 174 0.017590077377923292
40 188 0.05984771484596306
40 59 0.23746753869441553
40 43 0.32635297850014106
41 114 2.407256660234585e-12
41 127 1.3814619862350438e-26
42 143 0.0001610078153279578
42 157 0.07131578372150742
42 127 5.737907217432727e-08
42 89 3.554411823871727e-18
43 188 0.022182903047549125
43 116 2.7086003119477843e-06
44 63 0.013250115361672605
44 112 2.7092736694476507e-06
44 144 3.6389982143885704
44 194 1.6208589253337332e-05
44 66 1.4136210979551522e-26
45 60 1.853143410257836e-22
45 83 1.1531823386149392e-08
45 91 6.841454788498913e-11
46 114 1.0749498473776678e-06
46 100 0.00025683183942011947
47 133 1.537863020592016e-54
47 91 7.615675412599323e-08
47 80 0.0004430052616793665
48 190 3.9276891542212996e-07
48 103 3.7046456768160513e-09
48 192 4.117407110267363e-33
48 63 2.8667803218465787e-13
49 148 7.941737899737843e-09
50 198 1.2112878453023466e-14
51 70 1.3432030187994679e-14
51 80 0.06086926443736277
52 194 1.3578273422669445e-07
52 173 0.0009608417659523626
53 125 0.0048403422390474
53 62 1.8712448522969483
53 186 18.02958080456443
53 150 0.003025620080789345
53 162 6.112536544167781e-11
54 155 0.00040148977247985926
54 97 4.956480324859842e-15
54 177 4.110364709512137e-08
54 93 6.077751550237657e-17
55 186 0.2986118961985263
55 98 9.892071863876573e-05
55 163 4.9065043107885415e-08
56 168 4.666525891210625e-53
57 121 4.3888882745356524e-18
57 185 0.00010298008163957643
58 151 1.5257635856456265e-11
58 159 3.7307862139193295
58 101 2.760153687577364
59 130 1.23005289951459e-05
59 63 2.8032874527394535e-07
59 192 9.265946880902727e-05
59 99 6.774512416106405e-09
59 133 0.08367972370345744
59 68 25.600665787735522
60 103 1.5701109483153924e-28
60 120 1.6243193729527775e-05
60 82 7.017648386727666e-06
61 181 0.00026522419440686815
63 135 9.605235268428362e-38
63 183 1.2554080281320043e-12
64 155 2.9154727840329073e-43
64 103 1.0096545916415009e-05
64 131 0.004824737824124402
64 84 1.5950624391583133e-07
64 92 1.320731049701384e-06
65 92 2.571360376474591
65 131 0.04170312012449296
65 172 1.820624861630015e-08
66 87 1.3105469480993443e-13
66 140 8.246341174306531e-12
66 80 3.831123509685521e-08
67 193 9.877160210454715e-08
67 155 1.7711606602479796e-07
68 128 1.098026393940109e-30
68 197 1.8346461568527542e-07
68 95 1.6518341227177142e-39
69 83 15.962916848893771
69 199 0.008523119097620354
70 123 4.193116826893755e-18
71 125 0.0022439605228579645
71 134 1.4556926220876843e-22
71 184 5.608084479380392e-13
72 142 0.27991460462061385
72 138 4.449202641119537e-06
73 134 1.9706442729907639e-07
74 176 3.430016937128466e-12
74 91 3.619587911124724e-14
74 113 3.979774351445046e-36
74 136 0.00010630976270616908
75 101 1.7303525000167982e-16
75 172 2.470000962713831e-16
77 180 6.20217642287956e-11
77 85 5.713761522144887e-08
78 171 7.321858286966434e-12
78 95 2.4248176134531446e-15
78 185 0.00010310058428073267
78 127 1.946878838319673
78 94 3.5532471140716626
78 100 1.5727223365959378e-13
79 122 1.1736261591474806e-16
79 187 3.670236070606234e-10
79 116 0.6172820042662452
79 165 3.8402101782998885e-09
80 175 7.21108078388363e-07
80 118 0.0018881353384846227
81 97 1.5339798311055298e-22
81 91 2.79805167541602e-13
81 139 1.0572206600116396
82 187 6.087033373442914e-35
83 179 4.6749224283562665
84 174 0.2320541973543746
84 132 0.026819181951460023
84 182 0.0008978580793442435
85 157 6.186343194296868e-16
85 117 0.10323986585027956
86 125 0.10502550300710345
87 191 1.492639901300866e-08
88 192 1.1930603302667114e-09
88 193 1.7406159796733443e-15
89 118 4.3090222555328246e-09
90 92 6.091196480528527e-66
90 131 1.1265299211562868e-17
90 112 0.07552253546078477
91 195 0.6488872975158096
92 131 5.483265242168181e-06
92 140 4.4475821764007746e-12
92 117 0.0006030053990109626
93 119 0.00033838700242357555
93 151 4.210036953064558e-05
93 131 0.04780819167838779
93 156 2.238222393113789e-11
95 130 1.2209985058706646e-20
95 146 2.9651812119660577e-06
95 173 0.07141995849737975
95 165 3.0379499070945256e-13
96 102 1.9770767090835634e-17
97 170 0.09138851888716798
97 118 7.562379649846966e-05
97 137 0.01536927688231748
97 172 1.404811420202256e-08
98 150 7.657461029811731e-19
98 104 0.11962865720940154
98 188 7.106038953199912e-18
98 105 3.461064696720606e-12
99 152 14.461659769771657
100 185 1.2963023740646064e-11
100 199 0.030137205293474592
100 183 0.007216952291416106
100 164 9.36040843442212e-12
100 132 1.2730217618510943e-08
100 152 0.0028938235137136972
101 123 3.195345468377014e-30
102 193 3.840874037231992e-11
102 159 2.2101751451238484e-08
102 190 0.07333328540994277
102 177 10.988022798531546
103 192 2.2505141245603802e-13
104 150 0.0013489444855039289
105 163 1.3795573660043323
105 180 1.2104879897041465e-05
106 188 0.33010405991658526
107 167 3.542214501979624e-06
107 186 0.1299075897624422
108 134 1.2630267021774034e-05
108 175 0.1039078892485119
108 111 2.8668111586378823e-09
109 178 0.00030036624584839377
110 163 0.003833388337243048
110 113 0.0006485578276177257
111 123 0.12154326855740555
111 166 0.004875636635569866
112 184 3.200377288701976e-18
113 139 2.387918525652373e-27
113 182 2.4701463629307496
113 144 2.684482101572646e-10
113 183 3.3530365325059596e-22
114 141 0.06822759976745482
115 134 0.012889554811710537
115 151 7.111363741444425e-05
116 169 5.690870180809088e-13
116 124 1.6843681520867361e-12
116 162 1.1960459435537459e-24
117 143 9.732387556804856e-12
117 181 9.236787588294379e-25
118 167 1.0040693875892832e-09
118 171 1.3936588606603153e-07
118 124 0.005102111028546623
118 180 0.02467806278758589
119 166 0.07957287824542386
119 182 0.035220709099328555
120 198 1.397943929322776e-11
120 165 0.4498488819244075
120 163 1.3506900665382451e-08
121 196 0.0032916114905370726
122 169 16.543162379253182
122 184 4.600948256574148e-13
123 134 11.886853011956129
123 176 5.3087398748984455e-08
124 131 0.00018346651179711393
124 172 2.5688071339433833e-12
125 193 7.382342411332359
125 174 4.094350131513521
125 152 2.732044510769061
125 156 1.5913039151937713e-06
125 158 0.05707957129229305
126 170 0.00021983017295667078
127 128 0.006593825958972686
127 180 12.810272243788008
128 152 1.2124138645110553e-15
128 174 0.0013272076603925763
129 143 6.206749067261899e-06
129 132 5.377054900392398e-05
129 160 5.860892299801989
130 137 4.1200892219847487e-20
131 185 3.016268759189007e-14
132 149 0.0002644037611566855
133 193 0.016953537555330217
133 147 1.4465019501340614e-20
134 195 4.120983609211636e-06
134 148 2.933049249988419e-11
134 182 1.130287177488397e-07
136 159 20.04388791524328
136 171 0.16823629543692917
137 164 2.8256292817333247e-11
137 182 5.509908833611916e-06
138 193 5.56306751564348e-14
140 162 2.2451006979933246e-06
142 185 0.01806380829723146
142 196 1.572479892871922e-11
143 172 0.05631851223053727
145 185 0.13310817953865053
145 155 0.007816104868849311
146 186 1.5741226955558606e-18
147 167 4.066594205495057e-13
147 186 4.722041859782367
148 151 7.383575168761341e-05
148 176 0.00012577055101175105
150 190 1.458741394427619e-21
151 193 2.2039286680899566e-07
152 159 3.353193870427297e-24
154 196 0.15329515066382718
156 173 0.18030347825029486
156 186 7.889663537155098e-07
156 196 6.109609362801772e-07
156 181 1.7192671918163742e-09
157 166 0.021651342932786432
157 160 3.1560518645592866e-05
158 168 2.279372593653917e-80
159 175 1.4254714152657849e-10
159 181 6.9837704933229695e-09
159 163 6.7807491917835735e-09
160 184 8.629486247922456e-25
161 180 4.8055324008183103e-05
164 167 1.8462865964955502e-12
165 196 2.1365863727633343e-10
168 190 9.671952929829808e-17
171 181 0.4700960330182998
173 178 11.778021536304868
175 194 1.171354010124709e-09
181 187 3.2223693447925017
182 192 2.3921891809304478e-23
183 189 0.002657493736375456
183 194 2.3216856858501515e-06
183 192 4.7178381261942385e-17
187 194 21.928923167831133
190 191 0.30800013366806933
