200 400 num_nodes_f_dist 200
0 198 7.820000838931273e-06
0 183 3.059858682421125e-13
1 19 6.759143704792403e-21
1 51 1.189276033044329e-10
1 32 6.368166006523361e-10
1 183 3.0797078689468254e-07
1 7 0.01655778794761564
2 86 2.734015642244931e-07
3 155 6.86138550750207e-07
3 189 3.73423939618972e-06
3 12 0.05112547468817664
4 117 4.387424855858919e-11
5 38 0.09356960984544713
5 80 1.98710537768232e-15
5 150 8.419378718428863e-27
5 94 3.1498492752147895e-13
5 134 6.992856185371469e-09
5 68 6.70333094416135e-05
6 197 3.5498116621212205e-23
6 45 5.734760392257846
6 29 2.6310159574062316e-10
7 199 2.4294193395091216e-05
7 71 0.03575434353418451
7 33 4.225179939216302e-17
7 142 5.690797710305688e-21
7 113 5.919243310052883e-06
8 137 3.888631894897983e-13
8 30 0.3757043663258895
8 56 1.559916712135049
8 177 1.7950380079966352e-32
8 182 1.1803323133234656e-05
9 34 0.0126268421215306
9 79 8.590588489600372e-21
9 104 1.4662124009983538e-06
9 22 0.9780158381058364
9 172 1.7274746164630026
9 74 1.0551342605898577e-06
10 77 6.040350791963319e-10
10 176 1.0688467734378213e-09
10 45 0.13783890447415695
10 122 6.831698343377116e-17
11 30 0.005803233982428537
11 194 0.20494363518606898
11 62 1.1546521714361361e-46
11 32 5.174291950418126e-09
11 162 1.6978466195845864e-06
11 99 0.4373690663946391
11 187 3.067235152836044e-10
11 80 0.0181969967496372
12 193 2.1438091238715898e-12
12 31 1.0287331842656604
13 156 7.333758965939375e-33
13 108 0.00016655534619207163
13 95 1.5415253402977458e-32
13 34 1.8017228097323e-26
14 198 0.007256616610389742
15 34 2.0066698581452874e-12
15 173 4.1732756189618084e-10
15 90 0.17253338155486886
15 141 0.928614515337019
16 148 0.05350851647549108
16 40 3.807712455213859
16 123 0.2281825010495988
17 105 0.07013284679551705
17 150 0.00497180248475113
17 123 5.403103314719431e-24
17 172 0.00032474587436324086
17 180 0.01095788083962803
17 90 7.172164881432895e-14
18 80 2.5384160964831594e-27
18 108 5.162662310022526e-11
18 102 12.898737685424392
19 61 0.008918285390404245
19 124 7.599320786056459e-12
19 70 0.031081734291398082
20 43 24.065283226297378
20 145 5.947369422995732
21 158 6.995033856048946e-18
21 107 0.005096096037641714
21 30 0.018565192710761118
22 88 0.0001341695394826707
22 131 8.032316930482507e-11
23 134 2.8880065046316135e-21
23 186 0.9520093168680678
23 67 0.000269077296016468
24 93 0.14109413479983104
24 26 2.6323738694908134
24 127 0.01443834428744065
24 135 1.0473650949775026e-11
25 144 0.8988682968362697
25 191 0.0006421383468940626
25 68 0.21291828619105993
25 151 1.4891272539443696
26 145 5.5587101220946925e-08
26 143 0.530909208419734
26 96 1.6288488661761155e-05
26 150 0.037216222300063516
27 153 1.2711240289284458
27 170 4.018495883307919e-15
27 141 0.015863625647418653
27 67 4.0716795012395606e-32
27 31 0.29809156470522546
27 183 0.016481449145679086
28 112 1.9350109975776686
28 127 7.679890787621281e-08
28 174 1.8788030385719306e-11
28 186 6.722257545547453
29 87 0.0005548865660880573
29 170 0.0009230020102777716
30 73 1.4210396585899446e-15
30 43 1.0436639828853812e-14
30 81 1.6134191579236348e-11
31 72 0.043335182633193116
31 136 1.626530723432054e-05
31 109 0.012095375952833675
31 118 7.464838201703863e-14
31 176 4.647348424412663e-05
31 87 0.015494935109937992
32 64 1.8860487085982496e-15
32 142 6.257205060786364e-13
32 139 7.382914183085244e-05
32 191 1.1521454573339893e-06
33 139 0.07716118452976667
33 188 1.2637261561666785e-05
33 107 0.00016786913312587522
34 113 1.4370535938107702e-15
34 68 2.3273371473969924
35 92 5.664762774507619
35 47 7.79840961466107e-16
36 121 0.4359196531969014
36 107 1.2136458115962528e-07
36 143 1.118923063400792
37 149 1.3419632075471488
37 101 3.0336512520222337e-05
38 59 11.815239876814392
38 162 1.2472821303258814e-22
38 41 3.567705060052761e-33
38 161 1.7612557175037696e-16
38 69 1.1553322182341749e-23
39 67 4.201527427698218e-14
39 105 2.181835653150719e-06
39 123 1.3256524100748583e-06
40 80 6.617326771338797e-16
41 178 1.679967659312108e-05
41 191 8.71282548854966
43 65 0.004681747809431591
43 135 9.320286833471393e-05
44 51 2.0799961886229573e-09
45 81 0.04226632672074578
45 94 1.3136986705627681e-06
45 79 2.331447358926795
45 145 88.70939273715872
46 71 0.0023466972066300763
46 144 4.663730762558922e-12
46 165 0.23611060110915463
46 108 1.1992066215627806e-17
46 193 9.228142801245883e-19
47 93 0.0010137466714943283
47 83 0.3875282788454218
47 184 0.05435297039438537
47 165 1.483809060396467
47 178 1.7728560713969415e-10
48 135 9.810205052358934e-17
48 84 1.8863144189498378e-08
48 61 2.6998137726583186e-06
48 145 2.0390704286872388e-10
49 183 0.0022420893086917654
49 139 4.287437360978732e-09
50 104 0.1453992758822787
50 131 2.2980664130366243e-17
50 56 3.4961644331642513e-13
50 192 0.2751066176999316
51 64 1.6336641234695617
52 119 8.28990423126338e-06
53 164 2.734474067289942e-20
54 162 4.1049805231530554e-08
55 126 0.3939614130274153
55 166 2.7970914552703707e-10
55 62 0.0020415628967559263
55 78 3.9246962905213447
55 65 2.5752244527268855e-14
56 167 1.8519289129279375e-13
57 112 6.12003215037064e-07
57 69 0.07408052928079621
57 109 3.972107472907061e-13
58 87 3.2629502559501096
58 119 0.005848173697432172
59 141 1.9044638722584126e-14
59 149 0.1745845285711178
59 176 3.945147670022276e-12
60 151 4.4482707338885983e-13
60 129 2.4547866118122042e-11
60 183 0.005810721044569311
60 198 1.0864156113837282e-19
60 105 2.2422267849341383e-17
60 165 2.8402829303012374e-49
61 68 1.88708521733924e-05
61 169 1.4231049913293755e-10
61 70 7.727450934323681e-09
61 183 0.20917578037675938
61 82 0.37508388186105335
63 69 4.87189598524475e-07
63 116 0.19613948757707306
63 178 1.0537158579982313e-08
64 160 3.091139111414896e-09
64 94 4.604841326299551e-25
64 135 1.9532463147577768e-11
66 120 1.9230281085475388e-10
66 172 0.8627342596615731
66 133 7.865947800953474e-08
66 198 3.735783338188669e-05
67 76 0.00026967093748025685
67 92 0.0038121032437346825
67 143 2.5486526806499587e-25
68 121 2.013842444203006e-15
68 146 0.038926391724379034
68 158 0.11809177157209111
68 149 6.643492434524361e-17
69 110 3.0017571364675825e-07
69 118 0.012510307431773846
69 137 0.0017356502616372826
69 98 0.7423898198654225
69 129 0.00035591104779631637
71 141 0.1755401670405022
71 180 0.00801854192398106
72 178 6.4764785578724656e-09
73 139 1.83603621130879e-10
74 156 9.471161648063439e-07
74 132 0.001612153616402232
74 106 0.106169532405763
75 109 1.7705064943927088e-05
75 171 2.6787587734916526e-07
75 115 0.0008099807767018371
75 183 1.555941764680656e-08
75 94 25.879384406155378
76 116 4.708922017754505e-05
76 128 0.039904992248285864
76 148 1.1422612683582079e-10
76 142 6.635288222302342
77 160 0.6137978737445776
77 111 4.614672706099566e-14
77 140 4.664116314429582
77 150 2.4980465366739778e-14
79 128 8.39461011817696e-15
80 86 3.5357195192793916e-34
80 194 0.6721004385281039
80 147 0.14530311566583803
80 107 5.91523432640554e-06
80 131 2.368388978792758
81 187 4.401512776194553e-19
82 153 4.987783158636908e-18
82 121 2.1305214024690278
83 178 8.764874927173896e-05
83 95 2.8678869650685023e-09
83 140 5.415959375474474e-08
84 150 0.0002418431795341562
84 85 0.042475859780463095
84 165 5.675302763026948e-10
85 119 7.230458379756807e-05
85 172 1.0546196472551975e-05
85 90 0.00017712186732023617
86 174 0.02286012408305252
86 189 24.778915490247268
86 172 3.332589115798725e-06
86 193 5.892836427487762
87 164 1.4481370159862456e-06
88 150 1.0655247056898058e-11
88 162 5.88956602027012
89 136 18.296836686818125
89 98 0.0003190845220779999
89 142 2.6911286545352242e-11
90 173 0.04472990525086199
90 155 2.2434491179925093e-07
91 115 4.2645227276552487e-13
91 100 1.8365226977368911
92 145 1.6996515198926416
94 154 3.412757930542615e-07
94 152 1.5273945995223146e-37
94 193 6.322402239537115e-17
95 117 3.6718901458950057
95 179 3.3013458485640236e-12
96 183 8.002877019942485
96 157 0.833165376860217
96 135 1.3211739336501928e-06
96 168 13.6897338176916
96 128 0.028114032996639973
97 185 0.001678886224776782
97 138 8.20711354041444e-05
97 122 1.1029012479198081
97 111 1.346433436704629e-13
98 146 6.84588655760165e-12
98 164 1.2707156061097123e-19
98 104 5.5506473717319766e-05
99 133 3.18258188219352e-05
99 182 3.514489922427375e-05
99 165 0.022668031910259637
100 192 6.960675250895165
100 125 4.621544581712676
100 190 0.004383874017456146
101 163 0.04627698185008295
101 109 4.68888123244453e-23
101 153 8.575633423938753e-21
102 146 2.324651535844047e-11
102 164 2.6944688801945072e-11
103 114 6.995963284144852e-18
104 149 0.00013625095408491917
105 137 0.8668727597492275
105 180 0.007172810597654091
106 196 5.339296200140099e-07
106 148 6.619196429115414e-06
106 176 2.9147657654233306e-15
106 171 3.8138875556585214e-06
107 129 0.6522444595092797
107 145 1.088989457140277e-13
107 177 0.35407705028216063
107 152 1.3119058173830151e-15
110 147 0.5458891498113342
110 159 1.7673240238421076e-10
110 170 0.41629324534208534
111 199 3.88338834828229e-05
111 173 0.00015294724861660981
111 130 0.003993404992159198
113 150 0.00821590575132309
115 145 0.006004536747930181
116 190 2.07213461219539e-08
116 167 1.6377573255692686
117 133 2.0233478836217156
117 123 1.3205153792959234
120 138 0.003726320336012485
121 160 0.001643594251142227
121 140 9.096339969762185e-05
122 159 0.0685332088441139
122 138 4.007954838187781e-07
122 178 2.6402721674383155e-05
123 163 0.00763654374511089
123 190 1.1821291415515853e-06
123 172 0.00016843226004433195
123 191 0.4748060957979666
123 198 7.652311755653326
123 184 7.264743900096777e-14
124 160 9.174582050685601e-22
125 188 1.6340701676654284e-17
125 128 8.551545989761424e-23
126 130 1.3881501277630172e-06
127 160 0.0012082644514681206
129 158 0.33582704303110994
130 135 9.932203481300652e-05
131 196 3.679011049664039e-18
132 191 10.483144959019027
132 175 0.06642389052060084
132 178 2.22533908854847e-18
133 134 0.00012304353922228445
134 137 0.03236572159899108
136 144 0.0016362186107666602
137 199 2.4326899491101364e-29
138 146 0.4233530762149795
138 197 0.5172328147886767
139 141 0.00020218827005021592
143 183 0.0024465786598018013
144 196 0.6605984004798563
144 172 1.7115874352729327e-08
144 190 0.0003583549430389125
144 199 4.054900446074626e-14
145 175 0.0007203890798535905
145 193 1.9445475517650819
147 186 5.202366112259915e-05
147 189 1.260157035192094e-09
148 172 0.7543604122492166
148 167 0.24270293180481098
148 187 0.9559950852034531
149 152 0.00013638114556763638
149 190 0.0023612408190249387
150 161 0.03515519585430473
151 194 9.452152649501424e-14
151 153 0.09045130620049716
151 177 0.025706547347941745
151 155 0.011963014477217421
152 184 1.873590180236979e-05
152 174 4.561927592094368e-16
153 179 3.4213064999323977e-19
154 157 2.7379324987673135e-07
154 166 0.000691901544909034
155 171 12.08168157012774
157 179 0.02701480725498595
159 180 1.1189038807684138e-09
160 162 1.2092114847873328e-13
162 184 7.765995063733942e-15
165 186 0.0026189151469856505
166 178 1.8697866522049993e-12
166 184 7.586179933367589e-06
167 182 1.843423182263804e-17
167 171 0.0006348584548291273
169 192 6.525299670180462
169 187 0.05662081318265863
169 173 2.348153635772063e-05
171 198 5.227342568365595
173 197 4.25895396890734e-08
173 186 2.452291036914452e-14
179 194 0.01217076933659383
183 198 0.5403529955928
