200 400 num_nodes_f_dist 200
0 55 2.5076960457809185e-09
0 160 9.311782589065295e-23
0 177 4.31955080768414e-16
0 18 1.5413475149867872e-06
1 74 9.281451585002826e-07
1 138 2.4725419092063683e-07
1 165 1.6116613024957315e-14
2 93 0.005686736083684288
2 133 0.003360852831133395
2 122 1.1801068312677522e-07
2 8 5.140014419002313e-06
2 116 0.0022570646598605304
3 156 3.1596499821561217
3 150 0.7827046629951928
3 59 8.0325924991296e-09
4 83 0.0009213212715756775
4 67 3.748790984185413e-09
4 173 1.1946951694060815e-20
4 187 6.956958521202451e-21
4 54 0.8720730143827732
5 17 0.038405703588126366
5 76 0.001565549837942254
5 154 5.905446285224004e-05
6 54 6.876249144506492e-11
6 10 1.0289134336437223e-15
6 20 3.4569097039022387e-19
6 193 0.002336676555517947
7 159 1.2012855783937474e-08
7 71 6.98351938848906e-18
7 103 4.807557239023645e-05
8 9 8.923992719507276e-06
8 178 4.176182968473434e-17
8 81 7.089003877630827e-07
8 44 0.4818993588366289
8 67 2.8501537385829687
9 31 1.008784699468099e-10
9 56 0.8814772462403517
9 188 2.1249035311271485e-24
9 154 0.0006994494162737508
9 51 1.7779423435722125e-10
9 103 7.048718838558846
10 139 0.009597960722945912
10 190 3.454665613904545e-14
10 92 5.906154273115387e-07
11 20 2.7938823513543773e-07
11 118 5.74993526356148e-14
11 116 1.1288568233481232e-06
11 48 5.84662562547173e-06
11 182 0.00214942804779008
12 33 1.9263836482439465
12 13 0.24274628673789314
13 83 5.33548171586507e-12
13 140 0.1959644373923362
13 173 9.396131094369389e-07
14 15 1.7201966039148146e-17
14 172 9.300864671807154e-14
15 56 3.027794921466073e-05
15 25 3.6584741309946422
15 29 1.289907086448073e-33
15 42 4.4712317320873864e-24
15 69 3.364451860893548e-15
15 108 0.0004575720965170238
16 199 0.37672406311361567
16 193 0.04738162961136628
17 50 1.2061278490115971e-05
17 113 0.07875915533436123
17 117 0.00045405444541484055
17 76 3.7628563203185923
17 96 6.063282115646453
18 173 4.465197899865146e-16
19 174 2.2877821993091396e-14
19 71 0.01421824933417311
19 21 4.698987094904069e-13
19 24 5.7665726205447795e-27
19 134 0.7831194048446539
19 23 1.2194018008948237e-50
19 146 0.005469025430561558
19 191 0.0054265118989484
20 196 3.33471513765642e-17
20 31 3.128036364696609e-07
20 184 7.4696569214639
20 45 2.776763673957596
21 73 9.871062607050833e-06
21 110 0.054158339355981217
21 40 0.6768513080161391
21 60 0.00045136455790584023
22 155 2.1535484826973395e-12
22 71 1.7800546455998674e-26
22 91 4.354269344924552e-18
22 130 1.0889354453344747e-13
22 80 1.7031514334314187e-05
23 39 8.564230524872952e-13
23 110 3.0893028356806965e-13
23 193 9.258741066788086e-06
23 179 1.6113139092742728e-07
23 42 4.133521574867119e-08
24 146 0.38812818260882137
24 52 1.0384525010053316
24 29 8.092947478584911
25 40 0.00129224850032376
26 184 4.353368331620052
26 80 0.00028969099077236156
26 126 0.0011263718525757705
27 67 6.993359004423564
27 121 9.001432556186966e-12
28 152 1.7746417693333346e-13
28 139 0.73742800499381
29 145 1.1080275663154406e-06
29 65 1.893022212187063e-05
29 158 2.814138598751829e-12
29 194 4.21121396964465e-10
29 155 0.0001453287703455026
29 78 1.7982550148789204e-05
29 195 2.1636982099135444e-37
30 142 0.8698100973945594
30 79 4.1265756654661134e-10
31 60 3.2726490557491354e-06
32 196 7.203372600222233
33 181 0.13301332969552662
33 164 2.810146018120483e-05
34 74 3.488734424819813e-11
34 87 0.00044734341967962694
35 198 0.0008722885893920571
35 178 2.9363906827541746e-07
35 51 1.529941339469039e-05
36 66 0.0002691738990329434
36 64 6.618048533887674e-16
36 155 0.008284009374052142
37 172 1.6797956600216065e-05
37 54 39.044901447438185
38 155 1.3075358908631531e-24
38 180 1.2198553350868375e-16
38 61 4.0045234771961533e-10
38 187 0.00014263266615562723
38 169 1.5076586633100715e-06
39 82 7.709668316455143e-10
39 130 0.0010884095501336683
39 128 1.662192123308359e-05
39 105 3.5804132070057043e-25
39 77 2.566228767333863e-08
40 153 4.201385997455707e-39
40 54 0.010308909831570297
40 192 9.331372178556328e-05
41 59 1.630831290716807e-22
41 51 0.03749891214883611
41 45 3.0939727506669337e-13
41 101 7.90911289104389e-07
41 43 0.12890161693372382
41 175 0.010943907067301051
42 79 1.2533407638480151e-35
42 86 5.658666468899918e-05
42 95 2.455551387969535e-07
42 158 0.7634255251278919
43 93 1.6258191154032587e-10
43 188 0.1332999892435029
43 181 0.00044542626117155423
43 99 8.701836759810822e-17
44 199 5.326234025893726e-09
44 83 4.41403160476676e-08
44 166 0.14659104459725533
44 179 0.10120503123338064
44 135 0.0003852184130745104
44 82 0.0009494162967884985
45 63 0.0666752157587165
45 84 0.27238166554426063
45 73 5.034398234729189e-15
45 169 1.4762315470322311e-09
46 196 0.0003075768407677739
46 149 1.7129047828321044e-05
47 91 10.694306033835224
47 64 0.006464828795122246
47 115 1.5076684887306237e-06
48 127 1.632643222488295e-07
48 150 3.3305079708961737e-25
49 69 17.06778169075032
49 130 4.899845632475002e-05
49 113 0.06749124674980078
50 82 0.17968910173739042
50 160 0.0011560774720899708
50 95 2.931080150066615e-09
51 105 7.129583703894377e-06
51 166 0.005307533683992095
51 122 1.5914772567360332e-09
52 97 1.1735786198485211e-29
52 145 0.0014154572511239439
52 173 0.0037846405512710966
53 112 3.6623809664570585e-11
53 108 6.77935054588924e-06
53 197 1.7422939919955187
53 146 0.003562502175326691
53 180 0.0007003182523566077
53 158 3.202917619281029
54 161 0.010595890722810627
54 64 0.0005627974758678687
55 109 0.26461535815968146
55 135 3.6967953245142595e-20
55 76 2.581654713704403
55 171 0.6158967727440828
55 193 4.833441924663758e-11
56 97 0.00011381270300498348
56 190 1.1956684628777008e-08
56 180 7.989325703148663e-20
56 163 0.0002773288989196326
57 159 2.0002076538041704
58 181 1.2834141807153723e-15
58 91 3.5509819271768637e-19
58 190 6.897590453534627e-05
59 106 0.0007586681934078075
59 194 0.0005672893170432725
59 141 3.559030047657881e-07
60 77 4.379722662607168e-09
60 125 1.5180430633723838e-06
61 112 0.11084997009184276
62 134 1.7229667413554184e-17
62 133 7.015707105795477e-08
62 132 7.957945697825576e-05
63 121 9.133054213512836e-12
63 82 0.034470274057281654
63 165 13.085059686202785
63 182 0.019563619030239454
63 92 0.026211363196749864
64 97 4.628418310978444e-10
64 65 4.349796737524783e-28
65 155 7.644238932863107e-07
65 131 8.873682350598023e-13
65 148 4.642779782901159e-12
65 71 0.02609698896852026
66 164 2.850804976711735
66 78 4.638049198484909e-05
66 86 4.3027657068884696e-08
66 123 0.5280335810488677
67 155 3.6449835208145243
67 180 0.005734470996856571
68 86 4.762284356930062e-11
68 170 0.4992710385030729
70 92 7.354386028762719
70 112 1.154639868632803e-26
70 159 5.593215241537584
70 84 1.590022681208509e-08
71 160 0.2676890706422715
71 195 0.007712343401893349
72 80 0.13833173264290602
72 176 1.927930227335252e-11
73 153 1.3930860045358843e-05
73 82 0.01486142674527284
73 164 1.936223249866629e-07
73 172 2.474605131112096e-06
74 195 2.6847087630968036e-18
74 160 4.715211267707951e-09
74 117 9.911904830710641e-05
74 92 8.837628889535297e-15
74 135 4.627799025568317e-08
75 158 28.459098314935307
75 168 5.447747644464363e-29
75 105 6.610270898797001e-06
75 80 4.788434447391659e-05
76 140 0.005696784612764881
76 88 0.24126118216219594
76 143 3.967906693247975e-08
77 163 1.348434963046502e-06
77 176 1.6648837280788715e-06
77 174 5.3830426002970565e-18
78 145 0.24103536899055822
78 165 0.5950626555370264
78 122 0.0008839086634636455
79 195 2.0954130174039096e-47
79 99 2.7864862168324774e-06
79 94 5.258880677963373e-14
79 154 1.756728893800432e-13
80 144 5.74292956030446e-26
80 107 2.7560304620188734
80 156 0.025300569652062187
82 150 4.918783888735714e-06
82 134 2.4148546703445154e-08
82 192 3.8249043068058455e-18
82 92 7.494348297961567e-15
83 126 0.0004717891939605571
83 137 7.283873037366297e-06
83 151 5.912666712093439e-22
84 146 1.786258232438675e-34
84 143 1.7603917760756346e-25
84 102 6.988921883347307e-06
84 161 0.00044254455496869563
86 171 3.458546332608154e-30
86 97 0.025251649504617737
86 160 1.2596083599413484e-16
86 154 6.275001777632152
87 179 2.2001441436766975
87 165 0.011604906351116308
88 161 2.0619657529065317e-32
89 147 0.008009036053500878
90 121 4.4333558234299176e-16
91 178 9.844432646112418e-20
91 158 5.722932031803638e-19
92 169 9.839953171157128e-09
93 131 0.5115919082008439
93 157 0.009758483903668225
93 143 0.5379697966626917
93 155 0.0022997341395689552
95 187 0.0005624378869780211
95 167 1.409562020793952e-21
99 129 2.4931555973363437
99 126 4.504449130015e-06
99 103 0.022065933715440855
99 161 4.2420628448218375e-07
100 127 0.1642207391794116
100 113 1.5068560254974515
100 137 1.7033656544540306e-10
100 122 0.7578544466068776
101 122 4.8284488757860785e-06
101 158 1.2929800450998154e-22
101 197 2.3176793211281159e-07
102 140 1.3328193434037655e-18
102 124 1.3477522684325456e-35
102 115 19.534411716907307
102 129 39.68380234563911
103 167 4.982840779382277e-05
103 165 4.268973862809583
103 153 3.7622533785039395e-21
103 154 8.709501681324434e-15
104 198 2.1619853377657423e-05
104 193 3.6432639856228743e-14
104 160 0.043728299778247014
105 108 0.07647088260368998
105 158 1.0426809766536365e-65
105 125 3.83654807887389e-13
105 112 0.11849259852099495
105 153 8.31433449907113e-05
105 126 0.00020647071023275043
106 111 9.758922661135467e-09
106 167 1.3149988975700905e-06
107 113 5.659283041910176e-08
108 122 0.0002943976341875834
110 115 0.3002091146755355
110 190 3.788359074484412e-20
111 191 0.16602004822110447
111 180 4.3478980411792065e-15
111 122 2.6094489848466265e-10
112 134 29.1995048577069
112 129 6.595652138168231e-07
116 139 2.956619367691438e-07
117 138 82.05793053585288
118 145 3.2676581878462014e-21
119 139 0.002539895253062993
120 165 0.01841623491352876
120 164 48.15184923620154
120 191 1.014531835632905e-15
120 198 1.877626734541793e-23
122 172 6.550329301552303e-13
122 154 0.0015749745809094204
122 178 4.0332083665473245e-09
123 153 0.03758900143603696
123 129 1.1677653743449533e-15
124 183 4.466047133080539e-28
125 149 6.687089573807554e-28
125 143 0.26984162771948156
126 169 0.013519190469256233
126 138 3.572686406855072e-46
127 132 0.04447085538006387
127 164 0.0380210169671265
129 130 0.0005908941760834357
132 136 4.281539242167714e-11
133 137 9.817309157979079
134 193 0.26385359824301263
135 160 3.504478379648594e-12
136 183 4.723696808725917
137 182 8.171816201521545e-45
139 153 1.3067968810661697e-25
140 158 3.022304410188349
141 185 0.03040642765708535
142 162 0.9882543274134863
143 177 0.00578260275469888
145 148 5.191135420284779
146 180 0.17384095272330727
148 174 1.6958649626290296e-15
149 157 0.0003618738836338434
151 169 0.794978600617401
152 173 1.0209788177221034e-12
152 197 1.0374044593605531
155 171 9.55206196951427e-07
156 158 8.11940040702235
156 161 0.6125011414767845
156 194 1.8659737848871063
158 172 3.547021534675112e-11
158 169 0.0007307194520090113
159 172 3.705149077302935e-06
160 171 4.348513367316678e-10
161 162 6.600900203676417e-28
162 176 1.035465245898678e-06
166 198 2.22129245633572e-21
167 183 3.2130824632277284e-06
167 175 5.664851003093051e-09
168 178 3.076472146640598e-08
172 188 1.5765791815608247e-10
174 178 1.070269001465256e-30
180 187 0.003457137560466567
182 198 0.0024664275536915702
183 191 2.0344628689082897e-06
188 197 1.9839034625812058e-09
189 191 0.07666122583652116
