200 300 num_nodes_f_dist 200
0 33 0.051
0 150 0.1021
0 95 0.141
0 97 0.1971
0 9 0.0517
0 177 0.0244
1 53 0.0872
2 115 0.0345
2 121 0.1171
2 34 0.1865
3 187 0.0583
3 100 0.0513
3 109 0.0114
4 140 0.1395
4 194 0.311
5 92 0.081
5 191 0.2206
5 81 0.0179
6 122 0.2191
6 118 0.1358
6 85 0.4315
7 119 0.184
7 50 0.0378
8 103 0.2626
8 163 0.2576
8 194 0.0587
9 110 0.1086
9 106 0.0314
9 140 0.0086
9 62 0.1019
10 120 0.0164
10 34 0.1062
11 181 0.1601
11 54 0.2372
12 20 0.0489
12 17 0.2015
12 31 0.0492
13 166 0.2582
13 34 0.2019
14 65 0.0479
14 37 0.087
14 71 0.1938
14 35 0.1115
15 107 0.0888
16 84 0.0165
16 79 0.293
16 198 0.0896
16 77 0.0304
16 169 0.1674
16 67 0.2526
17 103 0.0736
17 159 0.1982
18 35 0.3018
18 156 0.0214
18 190 0.1036
20 45 0.1806
20 177 0.0744
21 68 0.1798
22 46 0.6851
23 53 0.2149
23 139 0.0473
23 155 0.2038
23 110 0.0818
24 75 0.2856
26 139 0.2863
27 150 0.0397
27 105 0.2626
27 83 0.2551
27 175 0.0227
27 142 0.1063
28 40 0.1215
28 37 0.2362
28 81 0.08
28 182 0.0236
29 176 0.0185
30 50 0.0487
30 190 0.1678
31 168 0.1406
31 56 0.0834
32 113 0.1134
32 76 0.1037
33 53 0.1878
33 161 0.0288
33 107 0.078
33 151 0.1139
34 50 0.0218
34 74 0.1555
34 60 0.1812
36 75 0.0828
36 132 0.0529
36 40 0.0166
36 138 0.1001
36 73 0.152
36 42 0.3306
37 67 0.0458
37 87 0.0516
38 160 0.1959
38 95 0.0533
38 46 0.0943
38 145 0.0564
39 184 0.1427
39 108 0.2367
40 195 0.1545
40 150 0.0327
40 98 0.5462
41 184 0.0608
41 105 0.0923
42 106 0.301
42 135 0.0624
42 57 0.0723
43 111 0.0417
43 133 0.22
43 157 0.2013
44 89 0.514
45 180 0.0072
45 160 0.0595
45 148 0.0169
46 71 0.1256
46 52 0.1762
46 159 0.1988
46 166 0.0786
46 175 0.1407
46 123 0.08
47 80 0.1859
47 156 0.1372
48 139 0.0634
49 140 0.1765
50 138 0.0647
50 176 0.0304
50 92 0.2458
50 75 0.2036
52 151 0.2426
55 104 0.1577
55 198 0.1009
56 194 0.1595
56 158 0.0603
57 126 0.247
58 187 0.1952
60 189 0.1934
60 183 0.1114
60 141 0.3728
62 193 0.0579
62 75 0.0457
62 121 0.0084
63 198 0.0439
63 97 0.213
63 146 0.0524
64 134 0.032
64 116 0.2654
64 83 0.09
64 106 0.1067
64 141 0.0306
65 159 0.4361
65 192 0.2533
66 189 0.0737
67 124 0.1607
68 125 0.1989
69 125 0.2119
69 184 0.0854
70 179 0.0493
70 74 0.0813
70 171 0.2259
70 89 0.3311
70 143 0.0146
71 171 0.0638
71 104 0.1235
72 122 0.201
72 136 0.073
72 132 0.0441
73 118 0.0782
73 75 0.1949
73 149 0.0924
74 80 0.082
74 122 0.0902
74 129 0.1124
75 94 0.0491
75 183 0.0387
75 90 0.3774
75 157 0.1021
75 178 0.0356
76 98 0.0733
77 154 0.3322
77 107 0.2349
77 157 0.195
77 127 0.0122
78 90 0.1006
78 81 0.0807
78 93 0.1931
78 125 0.1775
79 175 0.1317
79 123 0.2135
79 120 0.9279
80 175 0.21
81 122 0.1521
83 161 0.481
84 137 0.3575
85 126 0.016
85 93 0.0661
86 181 0.2744
86 127 0.1689
86 148 0.1342
87 131 0.0794
87 166 0.201
88 118 0.2575
88 152 0.074
88 164 0.286
89 119 0.0426
89 103 0.0452
89 169 0.0731
89 92 0.0609
90 131 0.2471
90 125 0.1303
91 189 0.1418
91 103 0.201
91 177 0.0451
91 172 0.0253
92 156 0.1149
92 128 0.0202
93 107 0.1192
94 119 0.2201
95 120 0.0464
95 140 0.2642
95 167 0.1026
95 116 0.0726
96 148 0.0696
96 136 0.1044
96 144 0.1223
97 169 0.4717
97 152 0.1096
97 181 0.2372
98 123 0.2532
99 196 0.1229
99 188 0.1649
100 121 0.4985
102 159 0.0938
103 120 0.0867
104 188 0.3157
104 144 0.1784
106 186 0.046
107 166 0.5148
109 110 0.0556
109 199 0.182
109 184 0.2895
110 199 0.0953
112 159 0.3507
112 180 0.2748
113 159 0.1631
115 176 0.0233
116 158 0.1845
116 124 0.0961
116 175 0.1805
118 198 0.0102
119 194 0.1987
120 123 0.0931
121 132 0.0752
122 144 0.0844
122 136 0.2953
122 177 0.063
123 178 0.1975
124 179 0.0902
125 153 0.0918
126 155 0.2357
127 140 0.1574
128 165 0.0951
131 140 0.0851
131 139 0.0355
132 170 0.1518
135 166 0.0929
135 187 0.2646
136 153 0.085
137 164 0.1364
138 149 0.061
140 198 0.0937
140 142 0.1052
141 159 0.4241
143 180 0.2261
144 187 0.0822
144 157 0.1401
146 147 0.1344
147 152 0.1053
148 199 0.2282
150 169 0.14
152 173 0.2176
154 165 0.0852
157 165 0.304
160 173 0.0523
161 183 0.0565
161 166 0.2559
161 173 0.1728
163 198 0.1071
165 199 0.0997
171 184 0.188
174 190 0.0746
174 184 0.0703
176 189 0.2619
176 184 0.2795
176 186 0.1532
176 197 0.5374
176 181 0.095
191 199 0.0278
