num_nodes
num_nodes
10.000000 0.521000
10.000000 0.063000
10.000000 0.586000
10.000000 0.118000
10.000000 14.332000
15.000000 2.670000
15.000000 3.189000
15.000000 5.856000
15.000000 0.973000
15.000000 3.381000
20.000000 4.327000
20.000000 1.513000
20.000000 3.892000
20.000000 7.005000
20.000000 30.951000
25.000000 45.018000
25.000000 5.229000
25.000000 2.996000
25.000000 46.799000
25.000000 36.551000
30.000000 3.076000
30.000000 51.947000
30.000000 55.467000
30.000000 157.021000
30.000000 15.841000
35.000000 266.667000
35.000000 15.699000
35.000000 476.306000
35.000000 7.450000
35.000000 10.612000
