num_nodes
num_nodes
10.000000 0.070000
10.000000 1.371000
10.000000 15.387000
10.000000 1.096000
10.000000 0.604000
15.000000 4.611000
15.000000 1.525000
15.000000 1.410000
15.000000 1.343000
15.000000 27.442000
20.000000 30.062000
20.000000 2.335000
20.000000 4.471000
20.000000 4.878000
20.000000 8.843000
25.000000 28.396000
25.000000 38.804000
25.000000 58.527000
25.000000 4.437000
25.000000 7.287000
30.000000 196.836000
30.000000 4.602000
30.000000 87.833000
30.000000 1.078000
30.000000 53.160000
35.000000 10.808000
35.000000 140.862000
35.000000 486.672000
35.000000 1441.512000
35.000000 46.784000
