num_nodes
num_nodes
10.000000 0.059000
10.000000 0.049000
10.000000 0.075000
10.000000 0.064000
10.000000 0.169000
15.000000 0.759000
15.000000 0.344000
15.000000 0.126000
15.000000 0.161000
15.000000 0.124000
20.000000 0.236000
20.000000 0.540000
20.000000 0.167000
20.000000 0.321000
20.000000 0.884000
25.000000 3.109000
25.000000 1.519000
25.000000 0.557000
25.000000 7.824000
25.000000 0.529000
30.000000 0.734000
30.000000 2.547000
30.000000 2.400000
30.000000 5.924000
30.000000 0.497000
35.000000 15.745000
35.000000 1.369000
35.000000 37.258000
35.000000 8.738000
35.000000 1.665000
40.000000 1.752000
40.000000 3.560000
40.000000 163.016000
40.000000 8.609000
40.000000 3.200000
45.000000 283.187000
45.000000 83.782000
45.000000 17.566000
45.000000 3.714000
45.000000 50.659000
50.000000 338.852000
50.000000 7.347000
50.000000 1107.997000
50.000000 11.010000
50.000000 724.071000
