num_nodes
num_nodes
10.000000 0.048000
10.000000 0.097000
10.000000 0.051000
10.000000 0.066000
10.000000 0.066000
15.000000 0.114000
15.000000 0.293000
15.000000 0.186000
15.000000 0.138000
15.000000 0.399000
20.000000 0.451000
20.000000 0.352000
20.000000 0.867000
20.000000 1.394000
20.000000 1.380000
25.000000 10.985000
25.000000 0.622000
25.000000 2.663000
25.000000 0.700000
25.000000 0.893000
30.000000 14.284000
30.000000 1.762000
30.000000 3.674000
30.000000 0.884000
30.000000 1.478000
35.000000 2.522000
35.000000 5.727000
35.000000 45.545000
35.000000 39.489000
35.000000 1.643000
40.000000 8002.036000
40.000000 13.484000
40.000000 35.565000
40.000000 92.354000
40.000000 7.684000
