80 160 Varying K 11
0 57 0.7
0 49 0.9
0 68 0.5
1 69 0.5
1 25 0.1
1 35 0.1
1 16 0.7
1 78 0.5
1 11 0.5
2 3 0.5
2 37 0.1
2 57 0.1
2 55 0.1
2 28 0.5
2 63 0.1
2 20 0.5
3 49 0.5
3 40 0.7
3 54 0.1
3 60 0.7
3 29 0.1
3 39 0.5
3 67 0.7
4 61 0.7
4 32 0.1
4 20 0.7
4 71 0.1
4 65 0.9
5 39 0.7
5 8 0.9
5 52 0.7
5 37 0.9
5 24 0.3
6 39 0.1
7 61 0.7
7 38 0.5
8 32 0.3
8 37 0.9
9 10 0.5
9 48 0.3
10 17 0.9
10 34 0.9
11 47 0.9
11 70 0.9
12 62 0.7
12 23 0.7
12 44 0.1
12 48 0.7
13 75 0.3
13 20 0.3
13 33 0.9
13 49 0.9
13 41 0.5
13 35 0.3
14 79 0.9
14 60 0.7
14 37 0.3
14 43 0.1
14 58 0.9
14 52 0.3
14 57 0.3
15 63 0.9
15 37 0.5
16 65 0.9
16 27 0.7
16 18 0.3
17 72 0.9
17 62 0.9
18 50 0.1
20 21 0.3
20 53 0.5
21 34 0.1
21 79 0.1
22 53 0.1
22 70 0.1
23 74 0.1
23 44 0.9
24 38 0.1
24 53 0.9
24 63 0.7
25 70 0.9
25 48 0.9
25 41 0.1
26 48 0.9
26 54 0.9
26 77 0.1
26 73 0.5
27 48 0.7
27 75 0.3
27 34 0.3
27 68 0.1
28 67 0.3
28 58 0.7
28 66 0.1
28 57 0.3
28 72 0.9
29 34 0.1
29 70 0.3
29 44 0.7
29 64 0.9
29 51 0.5
30 68 0.9
30 77 0.3
30 75 0.5
31 51 0.5
31 34 0.9
32 67 0.1
32 65 0.3
32 72 0.9
32 47 0.9
34 58 0.1
34 42 0.1
36 75 0.7
36 51 0.3
37 58 0.9
37 64 0.7
37 46 0.3
38 39 0.9
41 63 0.1
41 54 0.5
41 78 0.3
42 64 0.9
42 78 0.3
43 49 0.3
43 54 0.7
44 65 0.1
44 53 0.5
44 70 0.5
45 73 0.5
45 62 0.7
46 70 0.7
46 72 0.3
47 62 0.7
50 75 0.7
50 66 0.9
50 74 0.1
50 73 0.7
52 64 0.5
53 71 0.1
54 64 0.9
54 69 0.1
55 77 0.7
55 75 0.9
56 63 0.3
56 65 0.1
57 60 0.5
57 64 0.7
58 76 0.9
58 72 0.7
62 68 0.7
63 64 0.5
64 76 0.3
66 71 0.5
68 72 0.7
69 70 0.3
69 79 0.5
70 77 0.3
70 74 0.1
70 73 0.9
75 78 0.5
