80 160 Varying K 11
0 49 0.3
0 4 0.9
0 67 0.5
0 9 0.1
1 24 0.5
2 5 0.9
2 71 0.1
2 12 0.5
2 74 0.3
2 46 0.1
2 39 0.5
2 25 0.9
3 46 0.5
3 22 0.3
3 31 0.1
3 8 0.9
3 39 0.7
3 13 0.5
3 66 0.5
3 36 0.5
3 79 0.5
4 74 0.3
4 34 0.3
4 54 0.9
4 32 0.5
4 65 0.7
4 19 0.1
4 11 0.9
5 75 0.7
5 77 0.9
5 60 0.7
6 73 0.9
6 75 0.9
7 11 0.3
7 13 0.9
7 26 0.9
7 46 0.1
7 17 0.5
7 57 0.5
8 53 0.3
9 43 0.5
9 56 0.7
9 28 0.3
9 12 0.5
10 46 0.5
10 14 0.5
10 32 0.7
10 78 0.1
10 54 0.5
11 40 0.7
11 65 0.7
12 21 0.5
12 61 0.9
12 52 0.3
13 29 0.5
13 30 0.3
13 27 0.3
13 39 0.3
14 36 0.3
14 20 0.1
14 73 0.3
15 66 0.1
15 32 0.7
16 20 0.7
16 57 0.7
16 37 0.5
17 65 0.5
17 66 0.7
17 59 0.9
18 43 0.1
18 47 0.5
18 69 0.9
19 31 0.5
19 79 0.1
20 55 0.9
20 57 0.5
20 29 0.1
21 39 0.3
21 67 0.3
21 41 0.1
22 71 0.5
22 41 0.9
22 46 0.9
22 45 0.5
23 57 0.5
23 66 0.3
23 29 0.1
23 74 0.9
24 62 0.9
26 39 0.7
26 55 0.7
26 59 0.3
27 77 0.3
27 48 0.7
28 62 0.5
28 60 0.9
29 30 0.7
29 58 0.3
29 31 0.9
29 75 0.7
31 67 0.9
31 34 0.7
32 77 0.9
32 47 0.7
32 46 0.3
33 51 0.1
33 70 0.5
34 78 0.7
34 75 0.9
34 61 0.1
35 62 0.9
35 54 0.7
37 47 0.9
37 63 0.9
37 50 0.9
38 64 0.3
39 61 0.3
39 68 0.9
39 47 0.5
40 59 0.7
41 65 0.1
42 50 0.5
43 62 0.7
44 72 0.7
44 78 0.1
44 50 0.9
45 46 0.7
45 65 0.7
45 58 0.1
46 65 0.5
46 75 0.9
46 79 0.3
46 78 0.1
47 69 0.1
47 50 0.1
48 54 0.7
49 52 0.1
50 65 0.9
50 62 0.1
51 59 0.9
52 75 0.1
52 62 0.3
53 67 0.7
53 77 0.3
53 62 0.5
54 65 0.3
56 64 0.1
57 70 0.7
58 59 0.3
58 71 0.3
61 67 0.7
62 65 0.1
62 76 0.9
63 64 0.3
64 78 0.3
65 71 0.7
66 71 0.1
66 74 0.7
73 74 0.1
75 78 0.1
