80 160 Varying K 11
0 9 0.5
0 61 0.5
0 62 0.9
0 41 0.7
1 60 0.9
1 8 0.1
1 43 0.5
1 61 0.7
2 37 0.9
2 40 0.3
2 75 0.9
2 7 0.9
2 30 0.9
3 34 0.1
3 35 0.5
3 13 0.1
4 17 0.7
4 39 0.3
4 68 0.7
4 67 0.5
4 52 0.3
4 28 0.9
4 65 0.9
4 61 0.3
5 38 0.1
5 15 0.5
5 48 0.1
5 43 0.9
5 31 0.7
6 73 0.3
6 52 0.1
6 34 0.3
6 60 0.7
6 8 0.9
7 42 0.9
7 61 0.3
7 16 0.9
8 77 0.5
8 61 0.7
8 44 0.3
8 75 0.1
9 40 0.7
10 43 0.9
10 79 0.5
11 61 0.1
11 65 0.3
12 46 0.1
12 13 0.3
13 27 0.5
13 76 0.1
13 79 0.5
14 78 0.3
15 36 0.9
15 28 0.5
15 21 0.3
15 25 0.9
15 68 0.1
16 69 0.9
16 72 0.3
16 53 0.3
16 43 0.9
16 35 0.1
17 56 0.7
17 48 0.3
17 75 0.9
19 50 0.9
19 29 0.3
19 52 0.5
19 33 0.3
19 25 0.1
20 75 0.3
20 77 0.1
20 40 0.3
21 56 0.7
21 30 0.7
22 40 0.9
23 46 0.3
23 55 0.7
23 73 0.3
24 29 0.3
24 40 0.1
24 33 0.7
25 52 0.1
25 55 0.9
27 63 0.5
27 72 0.3
28 34 0.5
28 42 0.9
28 45 0.9
29 43 0.9
30 75 0.9
30 64 0.7
30 55 0.3
30 41 0.3
31 34 0.3
32 47 0.1
32 69 0.7
33 70 0.5
33 55 0.3
33 66 0.3
33 76 0.7
34 73 0.7
34 64 0.5
34 57 0.1
34 59 0.9
35 70 0.3
35 62 0.5
35 43 0.3
36 69 0.9
37 78 0.1
37 66 0.7
37 53 0.1
38 53 0.9
38 55 0.5
38 70 0.7
38 58 0.5
38 48 0.1
38 64 0.3
38 46 0.3
39 64 0.7
40 46 0.3
40 47 0.9
41 69 0.1
41 76 0.1
42 75 0.1
44 73 0.7
44 75 0.3
44 53 0.9
44 49 0.5
45 59 0.3
45 77 0.9
47 77 0.7
48 58 0.3
48 78 0.1
49 66 0.7
49 54 0.5
49 64 0.9
49 75 0.3
50 73 0.1
51 73 0.1
52 74 0.5
52 72 0.7
53 54 0.1
53 74 0.5
54 66 0.5
55 71 0.7
58 66 0.1
60 74 0.5
60 69 0.1
60 70 0.5
60 76 0.3
62 64 0.5
65 79 0.1
67 68 0.7
67 79 0.9
68 74 0.7
71 76 0.3
72 73 0.3
75 76 0.3
77 78 0.3
