80 160 Varying K 11
0 38 0.7
0 27 0.7
0 69 0.3
0 21 0.5
0 6 0.5
1 73 0.3
1 78 0.1
1 66 0.1
2 51 0.3
2 41 0.3
3 33 0.3
3 58 0.1
3 56 0.5
4 41 0.7
4 62 0.7
4 10 0.1
5 33 0.3
5 10 0.7
5 45 0.1
5 46 0.1
5 77 0.5
5 63 0.5
5 50 0.3
5 17 0.9
6 40 0.7
6 25 0.1
7 28 0.7
7 29 0.5
7 21 0.7
7 34 0.3
8 11 0.7
8 52 0.9
8 25 0.5
9 37 0.7
9 63 0.9
9 10 0.1
9 14 0.1
9 66 0.7
10 36 0.5
10 46 0.5
11 77 0.1
11 70 0.3
11 49 0.1
12 41 0.5
12 56 0.3
12 51 0.5
13 50 0.9
13 22 0.3
14 26 0.1
14 72 0.1
14 32 0.3
14 76 0.3
14 69 0.9
15 42 0.9
15 67 0.7
15 54 0.9
15 39 0.3
16 79 0.1
17 32 0.3
18 25 0.7
18 41 0.3
18 32 0.9
19 61 0.1
19 41 0.7
19 76 0.1
19 22 0.5
20 57 0.1
20 42 0.7
20 27 0.3
20 77 0.5
20 47 0.5
21 39 0.3
21 58 0.9
21 73 0.7
21 59 0.7
21 71 0.1
22 31 0.3
22 37 0.7
23 35 0.7
23 29 0.5
24 34 0.3
24 52 0.7
24 79 0.7
24 63 0.9
24 35 0.3
25 56 0.7
25 71 0.1
25 61 0.9
25 30 0.9
26 54 0.7
26 29 0.9
26 55 0.5
26 48 0.7
27 33 0.5
27 54 0.1
27 34 0.5
28 53 0.1
28 70 0.5
29 39 0.9
29 62 0.5
30 38 0.9
30 78 0.9
31 64 0.7
31 74 0.5
31 56 0.9
31 67 0.1
31 52 0.5
32 77 0.9
33 53 0.7
33 43 0.7
35 46 0.7
35 60 0.5
35 59 0.3
35 74 0.7
36 55 0.3
36 41 0.9
37 70 0.3
37 47 0.9
37 73 0.3
37 56 0.3
37 52 0.9
37 43 0.7
37 45 0.9
38 44 0.3
38 61 0.9
39 65 0.1
39 49 0.7
39 72 0.9
40 60 0.5
40 78 0.7
41 75 0.5
41 63 0.9
42 71 0.3
43 49 0.3
43 60 0.7
43 50 0.1
45 55 0.7
46 79 0.7
48 76 0.1
48 50 0.1
49 51 0.3
50 56 0.9
51 72 0.9
52 79 0.5
52 56 0.1
53 67 0.9
53 56 0.9
54 76 0.3
55 65 0.9
56 64 0.1
58 69 0.3
59 69 0.1
60 72 0.1
60 67 0.1
61 67 0.3
62 69 0.1
62 71 0.7
62 76 0.9
66 68 0.5
78 79 0.7
