80 160 Varying K 11
0 76 0.5
0 47 0.9
0 44 0.9
1 27 0.7
1 57 0.7
1 74 0.5
2 38 0.1
2 32 0.3
2 70 0.1
2 40 0.7
3 59 0.5
3 34 0.1
4 37 0.1
4 30 0.3
4 7 0.3
4 39 0.9
4 53 0.3
4 47 0.9
5 23 0.9
5 60 0.9
6 31 0.5
6 20 0.7
6 17 0.5
7 22 0.5
7 53 0.7
8 33 0.3
8 43 0.5
8 46 0.9
9 20 0.9
9 75 0.7
10 19 0.5
10 76 0.5
10 53 0.3
11 55 0.7
11 69 0.3
11 62 0.3
11 77 0.9
12 38 0.1
13 69 0.7
13 59 0.3
13 52 0.1
13 48 0.9
14 20 0.1
14 18 0.9
14 40 0.5
14 70 0.5
15 31 0.5
16 26 0.1
16 72 0.9
16 45 0.1
17 79 0.3
17 25 0.5
18 21 0.1
18 46 0.9
18 53 0.7
18 37 0.1
18 66 0.5
18 20 0.1
18 41 0.3
19 47 0.1
20 25 0.9
20 76 0.5
21 55 0.7
21 66 0.7
21 67 0.9
21 78 0.5
21 28 0.7
22 39 0.7
22 63 0.3
22 43 0.9
22 57 0.7
23 49 0.9
23 26 0.7
23 40 0.5
23 43 0.3
23 79 0.3
23 28 0.1
23 61 0.3
24 70 0.9
25 69 0.1
25 49 0.1
25 79 0.3
25 46 0.5
26 27 0.3
26 43 0.7
26 30 0.9
28 63 0.3
31 48 0.3
31 73 0.7
32 79 0.9
32 67 0.5
32 58 0.3
32 41 0.9
32 53 0.3
33 37 0.5
33 76 0.9
34 65 0.9
35 52 0.7
35 43 0.9
35 37 0.1
35 62 0.1
35 59 0.5
35 44 0.3
36 64 0.3
36 61 0.1
37 40 0.3
37 69 0.7
37 74 0.7
37 61 0.9
38 42 0.7
38 53 0.3
38 63 0.3
39 45 0.3
39 61 0.7
39 40 0.9
39 62 0.1
40 61 0.1
41 72 0.1
42 63 0.5
42 46 0.3
43 65 0.7
44 59 0.1
44 76 0.3
44 45 0.1
44 52 0.9
44 51 0.7
45 67 0.9
45 51 0.7
45 65 0.7
45 75 0.5
46 53 0.5
46 71 0.1
47 60 0.9
47 75 0.3
47 59 0.3
48 74 0.7
48 68 0.5
48 78 0.5
48 76 0.5
48 72 0.1
48 49 0.3
51 68 0.1
51 60 0.1
52 53 0.9
54 55 0.3
56 79 0.7
56 75 0.7
58 79 0.9
58 62 0.7
60 61 0.7
60 70 0.3
61 72 0.1
64 70 0.7
65 78 0.9
66 74 0.9
68 72 0.3
69 78 0.1
70 79 0.7
70 78 0.1
75 77 0.7
