delta
delta
0.002000 0.205996
0.002000 0.698504
0.002000 1.075758
0.002000 0.161468
0.002000 0.204924
0.004000 0.214255
0.004000 0.732144
0.004000 0.982880
0.004000 0.153842
0.004000 0.219054
0.006000 0.197052
0.006000 0.754894
0.006000 1.150011
0.006000 0.155616
0.006000 0.210630
0.008000 0.193290
0.008000 0.563789
0.008000 0.817256
0.008000 0.157930
0.008000 0.208892
0.010000 0.193878
0.010000 0.742452
0.010000 0.994200
0.010000 0.152699
0.010000 0.194616
0.012000 0.192701
0.012000 0.628926
0.012000 0.852895
0.012000 0.159409
0.012000 0.201350
0.014000 0.193785
0.014000 0.609094
0.014000 0.985319
0.014000 0.158400
0.014000 0.203432
0.016000 0.202029
0.016000 0.547949
0.016000 1.175480
0.016000 0.153471
0.016000 0.203341
0.018000 0.199604
0.018000 0.616754
0.018000 1.158487
0.018000 0.149703
0.018000 0.194331
0.020000 0.187165
0.020000 0.446224
0.020000 0.989361
0.020000 0.149393
0.020000 0.193440
