delta
delta
0.002000 0.099824
0.002000 0.200147
0.002000 0.191389
0.002000 0.177358
0.002000 0.120636
0.004000 0.109556
0.004000 0.226009
0.004000 0.205466
0.004000 0.191849
0.004000 0.115943
0.006000 0.098939
0.006000 0.216593
0.006000 0.218381
0.006000 0.179452
0.006000 0.110146
0.008000 0.096617
0.008000 0.213731
0.008000 0.202153
0.008000 0.172830
0.008000 0.116343
0.010000 0.100083
0.010000 0.211968
0.010000 0.201753
0.010000 0.178386
0.010000 0.116799
0.012000 0.094949
0.012000 0.201602
0.012000 0.179905
0.012000 0.164000
0.012000 0.097364
0.014000 0.084255
0.014000 0.189776
0.014000 0.177892
0.014000 0.160745
0.014000 0.095452
0.016000 0.082145
0.016000 0.184838
0.016000 0.179128
0.016000 0.149589
0.016000 0.076922
0.018000 0.082064
0.018000 0.182204
0.018000 0.175727
0.018000 0.144430
0.018000 0.074012
0.020000 0.079121
0.020000 0.180057
0.020000 0.180505
0.020000 0.148740
0.020000 0.073896
