delta
delta
0.002000 0.675319
0.002000 0.741568
0.002000 0.765504
0.002000 0.737760
0.002000 0.644359
0.004000 0.605413
0.004000 0.718679
0.004000 0.709858
0.004000 0.729171
0.004000 2.051162
0.006000 0.604015
0.006000 0.705280
0.006000 0.726300
0.006000 0.723273
0.006000 0.626823
0.008000 0.600634
0.008000 0.697450
0.008000 0.746100
0.008000 0.730518
0.008000 0.629428
0.010000 0.596934
0.010000 0.694629
0.010000 0.721065
0.010000 1.143521
0.010000 1.144188
0.012000 0.617281
0.012000 0.728377
0.012000 0.724564
0.012000 0.722460
0.012000 0.847018
0.014000 0.614170
0.014000 0.733444
0.014000 0.714437
0.014000 0.733899
0.014000 0.632517
0.016000 0.596514
0.016000 0.693486
0.016000 0.676773
0.016000 0.711980
0.016000 1.171504
0.018000 0.599660
0.018000 0.688256
0.018000 0.691380
0.018000 0.710493
0.018000 0.622782
0.020000 0.593813
0.020000 0.695565
0.020000 0.693806
0.020000 0.800482
0.020000 0.626120
