delta
delta
0.002000 23.260611
0.002000 22.642001
0.002000 29.217183
0.002000 0.368514
0.002000 27.126139
0.004000 21.643500
0.004000 17.867667
0.004000 27.247268
0.004000 0.381374
0.004000 25.025791
0.006000 20.507671
0.006000 1.159440
0.006000 26.044337
0.006000 0.334031
0.006000 23.585169
0.008000 16.810935
0.008000 1.159375
0.008000 24.880116
0.008000 0.345505
0.008000 23.075552
0.010000 16.399837
0.010000 1.597249
0.010000 23.889373
0.010000 0.343099
0.010000 22.507245
0.012000 18.433291
0.012000 1.153322
0.012000 23.714943
0.012000 0.358144
0.012000 21.984691
0.014000 15.587736
0.014000 17.102947
0.014000 23.421519
0.014000 0.328074
0.014000 21.305203
0.016000 15.515356
0.016000 16.978772
0.016000 22.688541
0.016000 0.332739
0.016000 20.689954
0.018000 17.244148
0.018000 16.539314
0.018000 21.996776
0.018000 0.338778
0.018000 20.691285
0.020000 17.289922
0.020000 16.594701
0.020000 22.626441
0.020000 0.348301
0.020000 19.917954
