delta
delta
0.002000 0.075407
0.002000 0.078969
0.002000 0.098719
0.002000 0.119866
0.002000 0.145233
0.004000 0.074412
0.004000 0.080603
0.004000 0.098788
0.004000 0.114029
0.004000 0.122423
0.006000 0.067353
0.006000 0.076632
0.006000 0.126983
0.006000 0.120008
0.006000 0.125683
0.008000 0.066222
0.008000 0.075136
0.008000 0.124607
0.008000 0.114255
0.008000 0.165853
0.010000 0.078961
0.010000 0.082634
0.010000 0.100109
0.010000 0.122695
0.010000 0.125531
0.012000 0.090777
0.012000 0.080411
0.012000 0.098203
0.012000 0.115931
0.012000 0.123252
0.014000 0.070072
0.014000 0.079350
0.014000 0.127452
0.014000 0.109586
0.014000 0.127682
0.016000 0.070088
0.016000 0.080112
0.016000 0.129773
0.016000 0.118125
0.016000 0.131000
0.018000 0.069006
0.018000 0.077805
0.018000 0.128428
0.018000 0.107040
0.018000 0.126038
0.020000 0.068079
0.020000 0.090363
0.020000 0.139595
0.020000 0.118279
0.020000 0.260806
