30 60 Varying_K 11
0 28 0.5
0 22 0.7
0 10 0.3
0 23 0.7
0 29 0.3
1 15 0.7
2 24 0.5
2 11 0.5
3 8 0.7
3 15 0.9
3 28 0.7
3 5 0.3
3 23 0.5
3 16 0.7
4 18 0.5
5 11 0.7
5 24 0.9
6 25 0.5
6 13 0.5
6 21 0.3
7 18 0.5
7 16 0.1
7 11 0.3
7 21 0.1
7 24 0.7
7 23 0.5
8 14 0.7
9 14 0.5
9 27 0.3
10 28 0.9
12 20 0.1
12 26 0.7
12 21 0.9
12 16 0.1
12 25 0.3
13 19 0.5
13 26 0.3
13 16 0.5
13 21 0.5
14 15 0.7
14 24 0.1
14 21 0.9
15 24 0.1
15 17 0.5
15 27 0.3
16 29 0.5
16 26 0.5
17 20 0.3
17 29 0.1
17 28 0.3
18 28 0.3
18 27 0.5
20 29 0.1
20 23 0.5
21 23 0.3
22 23 0.9
22 24 0.5
23 25 0.3
25 27 0.3
26 29 0.9
