30 60 Varying_K 11
0 27 0.7
0 7 0.3
1 2 0.5
1 19 0.7
1 28 0.5
2 11 0.7
4 5 0.7
5 26 0.3
5 13 0.7
5 17 0.1
5 7 0.3
5 10 0.7
5 28 0.7
5 14 0.5
6 19 0.9
7 16 0.7
7 10 0.7
8 9 0.7
8 16 0.1
8 15 0.1
8 19 0.9
9 15 0.5
9 25 0.3
10 29 0.5
11 17 0.5
11 14 0.7
11 16 0.9
11 25 0.5
11 18 0.1
11 27 0.1
11 21 0.3
12 20 0.7
12 29 0.1
12 24 0.3
13 28 0.7
13 23 0.9
13 18 0.7
14 29 0.1
14 25 0.5
14 20 0.9
14 28 0.7
14 23 0.3
15 29 0.9
15 21 0.3
16 27 0.7
16 28 0.5
16 29 0.5
16 17 0.7
17 21 0.9
17 29 0.9
18 21 0.1
18 23 0.1
19 20 0.3
21 27 0.1
22 23 0.5
22 26 0.7
23 25 0.3
24 29 0.3
25 26 0.7
28 29 0.3
