40 80 num_nodes 40
0 28 0.6503416061512911
0 34 0.978238032725789
0 12 0.9485626630125564
0 24 0.8399552880347458
0 17 0.9483338048428177
1 24 0.04952352609616262
1 20 0.41102723521191786
1 27 0.47405471289113466
1 18 0.2194557733461454
1 30 0.0694634943653969
1 14 0.9017529033436494
1 28 0.3364659752281022
1 19 0.4391193388271779
2 30 0.5355063917440349
2 19 0.829447595587439
2 16 0.41767663742274874
3 30 0.43462655617075785
4 16 0.10186951082688922
4 5 0.6803309241438747
4 18 0.1549966112688993
5 23 0.5586571389681024
5 35 0.9714304040819792
6 31 0.6791975598669495
6 37 0.2305839165148691
6 11 0.7720089899548734
6 10 0.30243175408508316
7 31 0.8260903991759951
7 18 0.21715447744236127
7 39 0.7574710797014502
7 30 0.3388678018533726
8 36 0.38801030735720465
8 32 0.6811715305427631
10 17 0.9762331143404016
11 26 0.2474494022012027
11 35 0.9180656267287257
11 37 0.2134953679671957
11 22 0.45984544619058365
12 19 0.8015763703419867
12 35 0.060690006530511154
13 24 0.6964785038055232
13 27 0.8472443899838062
14 17 0.6706912935078916
14 33 0.5534384256587735
14 35 0.7811047545008231
14 22 0.4856495072622584
14 29 0.5242912159672563
14 32 0.7793291845046341
14 25 0.4570272356189139
15 25 0.2008415637742339
15 17 0.7842900131607781
16 33 0.9399740379032386
17 29 0.30892402698457977
18 37 0.37065593818996545
18 29 0.8909714597307509
20 31 0.2468539506024039
21 32 0.9188909145867984
21 39 0.7352029321730567
22 32 0.8447874103715126
22 36 0.14179877822695852
22 31 0.22343785127504634
22 26 0.9172928098624171
23 35 0.7759177163791674
23 31 0.0969983375133675
23 36 0.9814879418469484
25 37 0.8519679143051103
25 33 0.7302456554336146
26 35 0.18972933800546932
26 32 0.2284521219001885
27 38 0.03898170197321249
27 32 0.7431531699967933
28 30 0.5770194558961647
28 31 0.536896514173873
28 32 0.1328849669485953
29 38 0.07353290932800605
31 32 0.12154739481611143
33 35 0.39213006857791144
34 35 0.8867645204862273
34 39 0.17259276481773989
35 38 0.3682454727051101
37 39 0.47807163242238493
