100 200 num_nodes 100
0 88 0.9123164886256141
0 44 0.5475385615994531
0 96 0.7497958987921116
0 36 0.25262871605455517
1 92 0.18558056861758387
2 47 0.1417369968690133
2 89 0.6306460289718767
2 23 0.40015080884847876
2 65 0.7364725826454694
2 46 0.13042640005577288
2 87 0.5254055838068857
2 86 0.5949854242911896
3 4 0.5766457743382155
3 29 0.430545814311715
3 86 0.4282641255964196
3 8 0.5463696490949721
3 39 0.9273839599366804
3 13 0.9347213974125036
3 66 0.5195139150554645
3 47 0.8889876312354026
4 74 0.7654497015817143
4 7 0.6377149046960809
4 19 0.2779797513189517
4 32 0.359404365280211
4 90 0.786610370241307
5 93 0.7496765057477377
5 31 0.3639875350905074
5 94 0.6818331912988524
5 92 0.5040468369648061
6 34 0.3771344200577318
6 53 0.8597179724980181
7 11 0.886022971719208
7 13 0.036500098088835364
7 54 0.7456037027746727
7 85 0.037356318357722795
7 57 0.03595196400398293
8 53 0.11560494940423605
9 43 0.48766754815405555
9 32 0.16958639658411512
9 78 0.8641561162467942
9 28 0.8308617597527378
9 12 0.20432148023114527
10 46 0.15972171576642535
10 14 0.6521081870419253
10 75 0.3840391975035303
10 15 0.2713285401690203
10 74 0.6740122263704996
11 84 0.45864030434284564
11 30 0.6348141583121104
12 21 0.5948990930823351
12 13 0.2966030268454892
12 23 0.09294871092184531
12 52 0.9994829555900191
13 87 0.8822954288268142
13 27 0.4408267600599889
13 39 0.13977806407640192
14 36 0.923110744976823
14 20 0.05565796167612891
14 24 0.1659255654833448
15 66 0.8964972764852845
15 50 0.43096526549060343
15 32 0.9757731674118676
16 32 0.33538250337304376
16 57 0.3350870126995035
16 20 0.06653054266772251
17 22 0.1678098586319371
17 34 0.20189854943976493
17 71 0.31024487808366874
17 59 0.8082689451297473
18 41 0.9777749639176813
18 58 0.9028820835689118
18 69 0.5253209924591898
19 90 0.06885968186800207
20 87 0.9465448039772631
20 57 0.06941121457525501
20 94 0.2608898292359829
20 29 0.5091116109067355
21 94 0.9944503938822624
21 71 0.5842845716109715
21 78 0.05540182073654076
22 30 0.6664794123781336
22 41 0.815435343625719
22 31 0.07029565250492753
22 45 0.6204321759795702
23 57 0.29449798636467306
23 66 0.7445941532042912
24 95 0.1154958378176103
25 99 0.421905822171601
26 62 0.10369742472152677
26 31 0.34384418330421496
26 93 0.16101478978951822
26 75 0.2596379285806517
27 77 0.4402079968093766
27 48 0.878709995482547
27 88 0.3160565060218352
28 84 0.16513587802449514
28 60 0.6264241407568885
29 75 0.3467649540183717
29 65 0.18021176381858828
29 31 0.38947009858420367
29 79 0.340031207837029
29 96 0.6966054005068484
31 67 0.33476944596656666
32 77 0.9642745953258379
32 46 0.26096563451655364
33 96 0.5693587269536791
33 43 0.44627573713770763
33 77 0.6827412969070368
33 70 0.6640859770099494
34 64 0.34611546204193266
34 98 0.43496051809433056
34 47 0.4478342262630758
35 62 0.6335805282768712
35 67 0.19295580062453077
37 88 0.25010268100128363
37 45 0.26703183222351534
37 50 0.10968226306159645
38 90 0.4594593967137488
39 85 0.8577514062087126
39 61 0.218846520783176
39 93 0.8172666254426479
39 58 0.9046869533668905
39 47 0.22722562161514737
39 92 0.24099308221617666
40 48 0.3544252950001111
40 87 0.7802135684274022
41 89 0.19483500515611685
42 78 0.6464107414880649
43 62 0.43060613684286575
44 59 0.6790247452900655
44 96 0.4535546146921533
45 46 0.7594021812950267
45 65 0.7742809812889835
46 59 0.7236523939527489
46 65 0.38607456600093915
46 75 0.57946519901032
46 78 0.8379099738299964
47 65 0.5605677566355667
47 73 0.4428397544849446
49 75 0.7346927945476025
49 52 0.5691849877258318
50 92 0.6110448379963137
50 99 0.6469721186663627
50 91 0.8536221641572986
50 82 0.42792096261591117
51 96 0.9542418365173277
51 79 0.04286841313496559
52 75 0.5409288584289932
52 81 0.9868018823570799
53 94 0.44436788504406566
53 83 0.5529576397119628
53 93 0.2555404348266993
54 67 0.4476531766134362
54 87 0.5019399219539663
54 55 0.3197974184773211
54 89 0.1273508227818293
55 81 0.39209533517292894
56 69 0.31949953492751415
56 91 0.4598219930027485
57 70 0.6404950154951301
58 84 0.5050857692688037
58 62 0.8790274189131619
58 81 0.6855312778406395
59 83 0.14561824963396808
59 85 0.8931317789546442
59 62 0.1808671839870316
60 99 0.8148363577297633
61 84 0.7322547010333764
61 67 0.381947438933824
61 92 0.9596262935633716
62 65 0.7241933221456448
62 96 0.3709828506653349
62 87 0.7638666330832811
62 76 0.8339916788535349
63 64 0.5146902094591103
63 90 0.580823633578659
64 71 0.7516932590302345
64 66 0.30097937263472907
65 92 0.6370764951502381
66 96 0.4002900461288662
66 74 0.188069832117571
67 97 0.43260395337731794
67 74 0.4184525879152591
68 82 0.5117140323676422
71 86 0.06438745281137492
71 92 0.49786417026412755
72 92 0.12696182994376248
73 83 0.781006092230185
73 93 0.9371742886429612
74 75 0.47076282071889697
77 98 0.2308872605908303
78 83 0.5804122507032143
78 80 0.9732405738657978
79 87 0.765558689027927
79 90 0.9929336174457024
79 84 0.588842277207282
86 89 0.26369998094531644
87 97 0.2875818345933757
91 94 0.0320473211153558
91 97 0.3932319474237638
