100 200 num_nodes 100
0 9 0.28338879088253777
0 25 0.848305776935583
0 16 0.26213564148362434
0 99 0.2850495485229313
0 91 0.33576851190761514
1 77 0.9155548570002694
1 94 0.11445692152598452
1 43 0.6309635760537289
1 6 0.43133798151464287
2 19 0.5303438708469229
2 40 0.3386369217235482
2 75 0.5964964767359551
2 47 0.8078593384934126
2 67 0.08424186261092592
3 99 0.1618079634714067
3 35 0.03697394224313222
3 98 0.49366652622396956
4 17 0.2505353678924498
4 39 0.08543312804486247
4 68 0.9301166991133171
4 15 0.21593272604181668
4 52 0.914576567062232
4 28 0.9636697622785457
4 88 0.4096304986755892
4 91 0.8476813967883429
5 38 0.3698019277587796
5 15 0.9909444120985071
5 97 0.7867696723150459
5 88 0.6746240593373432
5 31 0.31616808186831946
5 16 0.3684171825540513
5 22 0.9892029986060686
6 78 0.48340878535751985
6 96 0.5654020310536075
6 54 0.543823188026756
6 15 0.5513707492885603
7 17 0.23001486550024908
7 86 0.0277183585493731
7 45 0.3816209674094173
7 99 0.7408762659897894
8 74 0.3423092496581923
8 20 0.9026943990857895
8 61 0.4809883621981542
8 52 0.6058614030998333
8 75 0.3190040346527484
9 40 0.10922421166455298
10 21 0.3229714934820045
10 79 0.4465000868166866
10 72 0.6098025762785043
11 44 0.769057355593543
11 65 0.46699048465788073
12 46 0.7590570635070039
12 13 0.578562176947929
13 72 0.13296408953127303
13 76 0.7717281095576509
13 71 0.9847470370227553
13 48 0.6738340507092495
14 43 0.17942955120061033
15 36 0.4070295649346882
15 21 0.04226515142027032
15 68 0.3977433551205056
15 54 0.7671543513854069
16 69 0.5014526817318495
16 94 0.3957364601913652
16 53 0.8183291559659017
16 32 0.11830334315724766
16 71 0.3956654970955583
17 56 0.025947018705779756
17 46 0.7215384719369192
19 29 0.9887528538681017
19 81 0.8909650000209614
19 33 0.16560546426630463
19 52 0.15341092396198452
20 89 0.7515996744607695
20 40 0.45482913161492067
22 40 0.4862941953183658
23 46 0.5765176689937869
23 41 0.5831838782318927
23 35 0.49704050089222607
24 91 0.15045364079938583
24 67 0.44456806490320644
24 42 0.07243559910628705
25 52 0.8658486379115491
25 65 0.3735764479140157
25 28 0.2680469438418446
27 63 0.5841483871293704
27 81 0.9661457991294858
27 83 0.936386205518186
28 83 0.3756506792219121
28 56 0.005068590304311171
28 34 0.639154736364417
29 70 0.47253405025311723
29 74 0.5206570770632303
29 43 0.09587586344285226
30 75 0.7643041615733706
30 64 0.38486897514212226
30 91 0.03476950581542615
30 34 0.07312096899838905
30 84 0.36475028622080796
30 35 0.6847585294518976
31 34 0.2021896914309741
32 80 0.9452982872543249
33 60 0.8356626613198661
33 86 0.9764078727597113
33 66 0.8711823779588644
33 38 0.18010477435438144
33 46 0.23883931640448386
34 60 0.13222752555250006
34 73 0.2055673994253021
34 55 0.4115376342349816
34 59 0.9444492989880132
34 79 0.7708364342446964
35 70 0.6382569092052098
35 90 0.12217054685011886
36 69 0.6073295196845715
37 54 0.6377064681257026
37 78 0.554861724796622
37 66 0.3960554747718834
37 53 0.4700655171792011
38 80 0.901738699341124
38 55 0.34754406154187223
38 70 0.43363431335538083
38 58 0.9518575264051814
38 64 0.22987671833566536
38 75 0.8910546399649216
39 64 0.28200080183168097
40 43 0.10422677536905567
40 97 0.9033730295052171
40 73 0.6319181744013826
41 89 0.33069485951689626
41 76 0.5096371501950693
41 60 0.8271249993228498
42 75 0.662466233668435
42 59 0.4812137236445724
42 86 0.6965055545043602
43 87 0.48958363875957067
43 94 0.9862183933374329
43 82 0.08563723144660784
44 68 0.06940916629656979
44 75 0.4251596301480691
44 81 0.5672274888755913
44 49 0.1404797159701333
45 86 0.5539563142523877
45 77 0.054661218248112764
47 77 0.6657134844939497
47 76 0.07055724509986516
47 58 0.7864471568759188
48 91 0.7353480711884842
48 78 0.6501731717315017
48 92 0.19767345614171716
49 66 0.10487732966305618
49 91 0.03764309786883857
49 73 0.03953635871268213
49 82 0.856719163249087
50 81 0.26553165276250823
50 54 0.5804834385076248
51 73 0.9273038069932689
52 74 0.8512388636105144
52 68 0.031648206913102994
53 64 0.694762245912467
53 98 0.13511864363972592
53 74 0.56276522655496
53 72 0.1525860869909481
55 99 0.8922045754611209
55 86 0.7133049538389811
55 65 0.676324000504343
55 73 0.9261733236969555
57 72 0.6293186406270634
58 66 0.31297587402441074
58 95 0.798527101783772
60 80 0.7768316092290272
60 69 0.9039585749270698
60 70 0.5268280790884006
61 81 0.558721403136794
61 79 0.2912341199054437
61 95 0.4914325336238
61 69 0.4307369473447352
62 94 0.43012357238484955
62 80 0.5142243285088061
62 64 0.13090634880100882
64 79 0.5964934981122415
66 95 0.5634093518074148
66 67 0.17630412844286092
69 73 0.8386311806184098
71 91 0.005266710073819736
72 87 0.8358356414967482
73 93 0.5995192492858152
75 97 0.17472653942817418
75 80 0.7799663026615822
75 76 0.17372065244624046
76 92 0.015841811903030134
76 87 0.7010481056383435
77 85 0.6728533532170924
77 78 0.30104204141662516
80 81 0.4241510623207019
81 92 0.8783971421204674
83 91 0.9523744111294365
83 89 0.5597311241131865
84 96 0.9797776816731897
85 99 0.854981395985609
