40 80 num_nodes 40
0 19 0.6208482755495635
0 36 0.03793042165986982
1 25 0.24494822347090384
1 16 0.07240316531969992
1 29 0.2912011551343293
1 20 0.5349310861344766
2 16 0.2058614727771172
2 5 0.21441680285510356
2 22 0.5777422907475679
2 23 0.7777644187641856
2 38 0.7262053997380066
2 20 0.5768955513801246
2 31 0.5790399384398459
3 14 0.20554130120470182
3 10 0.23030680623955668
4 5 0.9963085301579037
4 26 0.10045778824909446
4 18 0.16423872223716263
5 38 0.5398751884821077
5 35 0.6697280526712833
5 18 0.39440372579192406
6 25 0.14742364894092452
6 11 0.011809278197863482
6 20 0.6145963903007977
6 28 0.9133590042224291
7 21 0.2191271686248668
7 13 0.40868451288234975
7 33 0.5339155551525923
8 16 0.6941302203399387
9 30 0.5548236167686784
9 12 0.9477663998627704
9 20 0.007825816404531949
9 38 0.17568099576304852
10 19 0.006555080280922665
10 28 0.6318019791349272
10 21 0.06647064568314687
10 29 0.888719654613365
11 15 0.24567993658991139
11 17 0.1319692303132608
11 18 0.7225077565011891
12 17 0.3334884631776295
12 26 0.4095982640221132
12 28 0.3004637513746601
12 35 0.13424718186911155
12 39 0.8631097373722834
12 30 0.407535065592324
12 15 0.7246408568495578
12 31 0.40354922864305043
13 16 0.574129713193627
13 27 0.36894335554166524
14 19 0.6134209041769865
14 26 0.8475448440265142
15 19 0.6338643658021772
15 32 0.11159273861680741
15 39 0.5913012396782235
15 37 0.6429910840697245
15 28 0.542361028647539
15 33 0.26800161838004377
17 23 0.6434171833143982
17 30 0.5519470592182901
17 29 0.9206635569699858
17 37 0.23204797220446804
18 35 0.7583209904334547
18 23 0.6884233474657456
18 36 0.7681603875442949
18 27 0.4595911341740989
18 20 0.9479960517498616
18 28 0.9846387642555411
18 26 0.34336940917755454
19 32 0.2909997549698069
20 37 0.8151397812937787
21 24 0.8068604335278627
21 30 0.8208523592859571
22 27 0.16145715569862684
24 38 0.4769667351008926
26 39 0.4683478988888742
26 28 0.2478473857392013
27 38 0.07972904782582513
31 34 0.7384784484124048
33 34 0.5025151765193332
