100 200 num_nodes 100
0 16 0.8156325467131688
0 26 0.5862807033080799
0 75 0.8825011445108991
0 47 0.9902764638455303
0 48 0.19159720066757924
1 93 0.7008896293898272
1 57 0.3784616444573784
1 60 0.11167750341557647
2 46 0.9633609776080242
2 95 0.36370613481149294
2 70 0.8937995070750738
2 40 0.022474719933649467
3 59 0.14985482941738137
3 25 0.8836132966699402
4 55 0.950821951248367
4 51 0.38803344786188454
4 81 0.7183328152911389
4 97 0.4662304225525976
4 53 0.014036209860028181
4 70 0.8877488874580425
5 90 0.7497742115653817
5 60 0.2696242079392639
6 83 0.32434411902169136
6 10 0.14840753674723572
6 17 0.6684813799515613
7 32 0.868199053388844
7 18 0.2827903121711438
7 53 0.08863854349354572
8 42 0.3630961506055158
8 39 0.7973588307037475
8 99 0.5135061335914031
9 17 0.9873068081292165
9 78 0.7234443110254903
10 22 0.020477076742617895
10 88 0.9509270337598865
11 26 0.6373182303731194
11 69 0.5642118025817796
11 23 0.02152892964243236
11 77 0.38653720298982897
12 37 0.8431496146710381
13 69 0.9051170191353919
13 75 0.3044846573948762
13 52 0.1389001464124121
13 41 0.5331081017671963
14 20 0.1960574970348038
14 18 0.718498358119916
14 40 0.5918833356112149
14 88 0.05422127010574007
15 25 0.614336592221274
16 56 0.5898805447688243
16 26 0.5773506336184783
16 80 0.40763929391616915
16 53 0.07918374519077898
17 25 0.65516022608845
18 33 0.13246463966958377
18 43 0.32175622905192014
18 37 0.9450797936630759
18 66 0.5826560595313439
18 20 0.9598874591861621
18 69 0.15763002801504977
19 80 0.7694454167206167
19 47 0.07890970872754588
20 97 0.17598935092380052
20 92 0.47308949311837456
20 75 0.5334921286666776
20 49 0.779861080788275
21 53 0.8936305024002165
21 55 0.8494867692949295
21 66 0.9458513665015656
21 67 0.37429752671807537
21 78 0.11242493749292903
21 28 0.32327738148174157
22 90 0.09025680486285415
22 80 0.7944962716647394
22 74 0.042001210067734385
22 44 0.31495234386514415
23 35 0.07965956758091208
23 26 0.7661125136632059
23 40 0.22526333129489484
23 79 0.3226413396069929
23 83 0.45760403045731857
23 87 0.44148665114538765
23 61 0.762508445387427
24 70 0.2926641978701858
25 69 0.44801298561127756
25 88 0.523102484284537
25 46 0.02384251089242495
26 75 0.022000930039815625
27 52 0.5847974191836123
27 99 0.3610996041527951
28 97 0.16390273578043724
28 63 0.13001698632392622
30 94 0.7767053699164984
30 91 0.4129013963493837
31 99 0.49944352546164383
31 48 0.6058296055749114
31 73 0.4576685759151372
31 96 0.4815410816658777
32 79 0.3751727603191206
32 67 0.2772610999380347
32 58 0.20775087663452474
32 41 0.39401503363560453
32 53 0.8950254870298358
33 62 0.7322758950950423
33 94 0.10087756733213082
34 62 0.9997807798100486
34 92 0.6488157968554245
35 89 0.6495564924747697
35 37 0.5422147222234099
35 85 0.04636837124818671
35 44 0.019655148099335107
35 52 0.4908155919011836
36 59 0.9444470470561976
36 61 0.7230030234764909
37 40 0.5206615302585405
37 47 0.5224489673946316
37 91 0.3430468447371493
37 45 0.5260564044223107
37 61 0.6194235696385124
38 49 0.13281438418218194
38 77 0.08080727344310767
38 53 0.26438003633048
38 78 0.7785569898481312
38 63 0.24904035824126736
39 45 0.4564751485762282
39 87 0.24463363981153874
39 40 0.604108615547762
39 61 0.7447943079505558
39 46 0.002566569565955912
39 62 0.13903041455009935
40 61 0.637061976540846
41 80 0.933113005651634
42 63 0.5913122727796664
42 46 0.20210667423224082
43 90 0.9848395458723475
43 65 0.37194853361764324
43 63 0.37573550412340906
43 83 0.06508703838999652
43 74 0.7928751438768423
44 59 0.9054130163823583
44 76 0.19215067699990707
44 82 0.7366528029928168
44 51 0.2185713535566397
44 84 0.749298717264195
45 94 0.6040475057163952
45 51 0.39889481290872963
45 65 0.39455907058936557
45 88 0.9314250773573386
45 86 0.32780254348510796
46 53 0.13637315106677905
46 78 0.8848174896625097
46 64 0.27009777593841167
47 60 0.8295195125521393
47 70 0.25283613781455394
47 59 0.7508524674737617
48 74 0.8293904811315796
48 68 0.3721723120046848
48 84 0.10314682460638847
48 76 0.4198662929094019
48 72 0.9896019885133561
48 90 0.8959164234427744
49 98 0.2640787512626136
51 60 0.35697876531081196
52 94 0.5392444709653654
52 72 0.3382305014782969
53 83 0.17610374776538484
53 93 0.2776624504315418
54 55 0.8859977565017876
56 79 0.35083481813132245
57 88 0.491252497107724
58 79 0.7139186203186703
58 62 0.548676389336194
59 99 0.11908414015373503
60 61 0.15875937891545255
61 89 0.25637229952262
61 72 0.25000601875437867
64 82 0.09971426150307128
65 70 0.43335032706953136
65 69 0.9556616242326229
66 85 0.1533864520768986
67 83 0.3583155072911518
68 76 0.38285646144048
68 82 0.2465226806164914
70 99 0.6158587717724063
70 79 0.7885474957272585
71 90 0.8957120176193851
72 93 0.9475784042638671
72 78 0.05273517994960086
74 99 0.944159214053495
75 84 0.3734260112881679
76 86 0.8837849336291935
80 86 0.7887922547669903
80 91 0.5821520657774034
81 99 0.019564718700619044
85 92 0.8646056056073358
88 94 0.1695137870673764
88 92 0.44339254766411496
88 93 0.8043212332732507
88 98 0.09365023493875557
95 99 0.29988525916255626
