100 200 num_nodes_edgedegree2 100
0 98 0.1697006645402287
0 49 0.5130936210455719
0 68 0.4715902960410172
1 69 0.19742778076761358
1 29 0.44869145357260454
1 96 0.4172028236563562
1 16 0.7108490889129204
1 78 0.9860475062369889
1 85 0.49117203583225455
2 3 0.3805252392482211
2 53 0.7227787722667137
2 57 0.7324962445092723
2 28 0.9098232249917134
2 50 0.6523149668876518
2 63 0.6679844471415982
2 20 0.7412190094338774
3 62 0.06425479563787462
3 83 0.7928695404602693
3 92 0.4053826648163297
3 93 0.6170672686222616
3 29 0.4763977152974429
3 39 0.4742682999971227
3 50 0.06103914979690572
4 61 0.9967804539644171
4 86 0.22746850639077765
4 18 0.5234302621097002
4 71 0.4264501890584116
4 65 0.29220347994804274
5 60 0.7345556388263214
5 92 0.8734223686833132
5 52 0.0045632318566419805
5 37 0.6620385648570053
5 14 0.041888043346202
6 27 0.04047412861335431
7 61 0.15909585988325647
7 94 0.9937145889473797
8 97 0.6927026486219422
8 37 0.20878655710680194
8 30 0.4088033472925485
9 10 0.7529795817551251
9 39 0.9396926128238041
9 48 0.8261479905983594
10 17 0.2904594123058395
10 34 0.04324170209522349
11 47 0.6422107821583114
11 23 0.47910401160333427
11 52 0.7484050424375164
12 26 0.010456272614110973
12 23 0.8366119208158803
12 44 0.8152569111828452
12 86 0.2985735789160062
13 40 0.826673453285045
13 65 0.22568071339945484
13 33 0.7068968241318107
13 63 0.06821488496394157
13 41 0.5824799878870737
13 35 0.9667622626219966
13 55 0.21407141022247345
14 79 0.041348732573293634
14 60 0.8994473011580333
14 43 0.09223961201211928
14 58 0.5939376204657024
14 20 0.812303447340951
15 32 0.7503103543789895
15 37 0.3141652994959434
16 66 0.0763363818349505
16 38 0.9252888877059824
16 18 0.525206931308473
17 72 0.03598845377943549
17 74 0.40741719052451963
20 99 0.9178033083131595
20 21 0.6945359387139869
20 92 0.9474120407647236
20 53 0.9487741742339784
20 95 0.5258483654766362
21 82 0.7552590990966652
21 64 0.8849999591877387
21 84 0.4327700822056497
21 99 0.659562099939064
21 57 0.4051135486620874
22 85 0.21456291725486853
22 81 0.12150787386138706
23 44 0.4174734025306458
24 38 0.13407025812323003
24 53 0.35183870238499093
24 75 0.12331360788805312
24 30 0.21739737811492543
25 98 0.5582666252490134
25 70 0.31255958914474036
25 48 0.4556119342725812
25 41 0.9644634766656021
26 54 0.3953024458040778
26 65 0.6466907688420838
26 73 0.2611314774983716
27 54 0.2430062477820354
27 75 0.40286071386338485
27 34 0.8572413582787426
27 68 0.6681210587846825
28 67 0.19961592506670034
28 97 0.9966444969753689
28 80 0.5383608794262474
28 57 0.8747047101024563
28 72 0.5472596001970041
29 75 0.6636908245087415
29 44 0.6467273048478459
29 86 0.8463955054622252
29 51 0.8669212318462298
30 37 0.5681776443759466
30 87 0.2751281901648691
31 95 0.8549136646210195
31 34 0.9634401863809015
32 70 0.1511266690883425
32 67 0.13355931863821413
32 93 0.1943400956798942
32 72 0.9063374771543672
32 64 0.9832039034473172
34 92 0.24497707508639854
34 58 0.7204096829659661
34 82 0.9467296225835544
34 97 0.9495010840930618
35 96 0.586149006941002
36 75 0.05060458178512439
36 51 0.22280976996649227
37 58 0.5133741938236391
37 91 0.30881843915600904
37 64 0.2271841597970835
37 46 0.08784195948444184
38 95 0.0574467961211208
39 90 0.38512327055527285
41 63 0.2537724464037445
41 84 0.5358792955560484
41 78 0.1282069111235553
42 95 0.2152192045209741
42 78 0.9573262433156973
42 76 0.5642661319215778
43 49 0.01103042172621993
43 54 0.9238762585289906
43 47 0.11763810515858597
44 65 0.8752999657084479
44 53 0.2960683275847319
44 87 0.14176247829630384
45 73 0.4302549517238279
45 62 0.5983100176607175
46 70 0.998186271154702
46 72 0.8287948477777295
47 62 0.5973782170798937
48 83 0.00023918619142082598
48 87 0.890128709757189
48 70 0.6684753083584385
49 55 0.13016675574554948
49 85 0.5234593851184556
50 75 0.3675892953059213
50 66 0.8840320917964104
50 74 0.3227611689133698
51 53 0.004311349388421815
52 64 0.42866016352735903
53 75 0.5243865072870663
54 64 0.9815264216724862
54 69 0.6896338599569318
54 80 0.8944384296841421
55 77 0.10518364065740482
55 86 0.6453242364264837
56 97 0.32072149659748406
56 84 0.37755396624034876
57 60 0.7302515435265499
57 89 0.5998976559592201
57 90 0.3573319645331171
58 76 0.43797750548050607
58 89 0.0004916529040701612
58 72 0.7853414008913732
62 68 0.1281704819338777
62 91 0.9228893498180598
63 97 0.3065287696255212
63 70 0.27521212881436197
63 64 0.4459909183746381
64 85 0.9008270791144922
64 86 0.6704038948556331
65 94 0.24267429449955868
66 88 0.20406495187265128
67 83 0.9387959873180866
68 98 0.6060051314455263
68 72 0.8937720566324793
69 70 0.7831384108437407
69 79 0.8034600193874442
70 84 0.2704532256683201
70 74 0.7891993018469549
70 98 0.21264174590757956
70 73 0.08638879330504412
71 82 0.6570759139881631
71 99 0.19457454063567903
73 86 0.25444676915219766
75 78 0.032469697980029744
77 97 0.6463284006138141
77 93 0.384494232638133
77 99 0.956202046774545
79 90 0.20517700064031352
80 92 0.9386874890128135
86 94 0.7456665178450055
89 99 0.5667048492734841
91 92 0.20529832993185293
