100 200 num_nodes_edgedegree2 100
0 88 0.9716744335265789
0 44 0.17481169522792572
0 96 0.43318233217009483
0 36 0.31490002957874597
1 92 0.29782111246713827
2 47 0.3923678209043301
2 89 0.38805424016202017
2 23 0.3503430241113312
2 65 0.17997560804565016
2 46 0.24009419776540852
2 87 0.7530064373923007
2 86 0.6064651963223333
3 4 0.3352186882193905
3 29 0.4891356214665773
3 86 0.9594434582836961
3 8 0.36442394911646325
3 39 0.14527665257882216
3 13 0.03395796346069191
3 66 0.79993080341947
3 47 0.64939319216415
4 74 0.4755530927653032
4 7 0.3458056713622384
4 19 0.05199668686988146
4 32 0.9539735101601277
4 90 0.15626962212385664
5 93 0.01414775144675351
5 31 0.5363485271803157
5 94 0.25789771646600457
5 92 0.6691773266759524
6 34 0.31236011428845345
6 53 0.0866151873218769
7 11 0.295272168361676
7 13 0.9230427020811229
7 54 0.5453174209901602
7 85 0.9597426009732883
7 57 0.4749017308950294
8 53 0.0320077819137371
9 43 0.4960681508857582
9 32 0.45303734679194496
9 78 0.4157874816612326
9 28 0.6227136908783025
9 12 0.10146575262535418
10 46 0.09234260423706075
10 14 0.48491145367591015
10 75 0.06541758912248719
10 15 0.7203341771338524
10 74 0.5367864827902066
11 84 0.20521755768304817
11 30 0.6760160329564492
12 21 0.012451476605046974
12 13 0.6619955816487284
12 23 0.5619034993484522
12 52 0.3316597288326534
13 87 0.9582685797337799
13 27 0.06909665393525
13 39 0.7914513175018727
14 36 0.8757504188226749
14 20 0.11960490771706112
14 24 0.9021719510319887
15 66 0.7072124879705792
15 50 0.6963840977039216
15 32 0.3581456895560797
16 32 0.37757425895479835
16 57 0.9340651906283248
16 20 0.04917609417767477
17 22 0.8164881549907337
17 34 0.6237633355798541
17 71 0.12946590122831592
17 59 0.15678161140630187
18 41 0.08063100356750108
18 58 0.053224422481432
18 69 0.7994650656210825
19 90 0.1730988288053843
20 87 0.10914430814791598
20 57 0.04798746037315027
20 94 0.14731423442917857
20 29 0.8753891227809683
21 94 0.2518747705639508
21 71 0.14153167254030863
21 78 0.6850175787581235
22 30 0.5820594125962456
22 41 0.06182701154926429
22 31 0.2617928921736694
22 45 0.4390963179062666
23 57 0.21079539995827046
23 66 0.29349811227317923
24 95 0.11099007635109737
25 99 0.8597521819774613
26 62 0.8504007890669144
26 31 0.23231831414757032
26 93 0.634796703139833
26 75 0.9172517489721078
27 77 0.21792149414469408
27 48 0.9641012358548612
27 88 0.6269620252828769
28 84 0.17758447225378027
28 60 0.8627182886210897
29 75 0.7613051908775594
29 65 0.40163434494843075
29 31 0.4407591545691303
29 79 0.39170962978426327
29 96 0.3729637941390531
31 67 0.3234628632715477
32 77 0.7646028941181835
32 46 0.11002954391610043
33 96 0.13555059062752128
33 43 0.5350925628330101
33 77 0.013970339240642948
33 70 0.16380145829971837
34 64 0.4511893526689694
34 98 0.5121954794340863
34 47 0.25200483310795607
35 62 0.5960449210956081
35 67 0.6598770972263294
37 88 0.48276182250938615
37 45 0.9192799449508761
37 50 0.47657769955137286
38 90 0.8227421884046943
39 85 0.6082261251100234
39 61 0.314236650099357
39 93 0.6031171657547347
39 58 0.39526138658091226
39 47 0.4698847315382809
39 92 0.20700192996448163
40 48 0.31078316440160214
40 87 0.9067589530506939
41 89 0.7701722104017933
42 78 0.6750045176035695
43 62 0.7949146245415675
44 59 0.24517482426904869
44 96 0.22183628804270727
45 46 0.967945061267004
45 65 0.7680717444965325
46 59 0.4715744775623738
46 65 0.40575271326887385
46 75 0.286588466484328
46 78 0.9208730017222759
47 65 0.8803450409495966
47 73 0.36073934898889815
49 75 0.8124979492356881
49 52 0.30821509601024055
50 92 0.3610545588824622
50 99 0.8069724672476817
50 91 0.2901521263597985
50 82 0.018368861359027266
51 96 0.6953700840111486
51 79 0.7265293864635016
52 75 0.2609556940152227
52 81 0.5583949518751635
53 94 0.9856349279185727
53 83 0.0713144191201408
53 93 0.5511125583266163
54 67 0.006322305226647895
54 87 0.6965630765569135
54 55 0.4697214677121475
54 89 0.22238987110802022
55 81 0.3577826155364998
56 69 0.3956938721029729
56 91 0.24695586501287647
57 70 0.38894257367025487
58 84 0.3709117867520022
58 62 0.8533028585442368
58 81 0.7646617836111438
59 83 0.9550920809585542
59 85 0.16488678898986486
59 62 0.5995701028296772
60 99 0.29198751348964536
61 84 0.7101525322753625
61 67 0.3539578850556341
61 92 0.9250329103903289
62 65 0.5150015896625376
62 96 0.42235771821855106
62 87 0.8251193915838929
62 76 0.8445668892781206
63 64 0.7455906123535277
63 90 0.5782070311267535
64 71 0.7729404488601634
64 66 0.8652633373470484
65 92 0.6705516882427811
66 96 0.3389296377431976
66 74 0.1896081075189301
67 97 0.9401782222742727
67 74 0.542436465340755
68 82 0.7053468980923507
71 86 0.32481042683100725
71 92 0.6912819312561809
72 92 0.3249891603101248
73 83 0.8955699679412518
73 93 0.7454442220111256
74 75 0.9259359061034554
77 98 0.551923113121217
78 83 0.9767324259766892
78 80 0.8152512969935755
79 87 0.3533226454010916
79 90 0.5367082409860096
79 84 0.7475277742797029
86 89 0.6970230249873769
87 97 0.5739854135013358
91 94 0.26231607524678036
91 97 0.7597316383748337
