100 200 num_nodes_edgedegree2 100
0 9 0.5277560865745112
0 25 0.565830447141162
0 16 0.9200831462632367
0 99 0.02937622944861129
0 91 0.25100129910963376
1 77 0.18324192129093364
1 94 0.7456904369923142
1 43 0.24057306782494614
1 6 0.33682406600368475
2 19 0.15551584541814922
2 40 0.5771356148125474
2 75 0.6018956687922431
2 47 0.9764380867149821
2 67 0.03922935075830103
3 99 0.07596146024780415
3 35 0.2620741897208638
3 98 0.8410942126135394
4 17 0.17247273702664945
4 39 0.496473790120612
4 68 0.2707552930401669
4 15 0.31396544535479687
4 52 0.2268211201821395
4 28 0.9580583777815592
4 88 0.5113743382297314
4 91 0.7879708552595877
5 38 0.6529639017200938
5 15 0.7578721407516292
5 97 0.3010702015678909
5 88 0.4395581903579132
5 31 0.9123012072428778
5 16 0.48004402861803497
5 22 0.6473468427930177
6 78 0.6276176924277759
6 96 0.6570092646151515
6 54 0.33266951541174505
6 15 0.28746121492325094
7 17 0.20741186671627432
7 86 0.9866845012813935
7 45 0.9638860924799294
7 99 0.7149489879085985
8 74 0.7537613377277146
8 20 0.5284738799335742
8 61 0.27869762241430396
8 52 0.2783346923102844
8 75 0.9118609714948592
9 40 0.6861777844489204
10 21 0.8014608558427148
10 79 0.27404989479397945
10 72 0.04109967091710387
11 44 0.9954805732261967
11 65 0.08003754325229995
12 46 0.22627709284654496
12 13 0.4737325705899703
13 72 0.2750457439930579
13 76 0.3251547007955664
13 71 0.6771411295035139
13 48 0.9378158571877113
14 43 0.46115680721799746
15 36 0.06743798344996521
15 21 0.48031442134216285
15 68 0.3319417091624025
15 54 0.5653047465914978
16 69 0.09533657389358863
16 94 0.990638275452748
16 53 0.3651356262712542
16 32 0.24510710706513694
16 71 0.9265460677021498
17 56 0.32927428207565945
17 46 0.4375375114488993
19 29 0.9041762267701748
19 81 0.8411992126491808
19 33 0.09651023114608559
19 52 0.8988376478799674
20 89 0.45092737328630483
20 40 0.931953549237569
22 40 0.7050704749362079
23 46 0.8122557510393696
23 41 0.6359643135377518
23 35 0.14198500605339215
24 91 0.5013346385784868
24 67 0.13609118993323843
24 42 0.17707809585914214
25 52 0.14636990240251746
25 65 0.2959182367095933
25 28 0.41139159963071403
27 63 0.07514672647547493
27 81 0.6942554909529007
27 83 0.5882145922699771
28 83 0.5093210601999875
28 56 0.4155160376327147
28 34 0.09486128961906737
29 70 0.9240711117447437
29 74 0.16504979722484536
29 43 0.29517039165091163
30 75 0.9316138142900006
30 64 0.517863442206208
30 91 0.7329540919970047
30 34 0.10698817147120765
30 84 0.5735455609750286
30 35 0.9923292074851785
31 34 0.9387192200160153
32 80 0.5043672229817311
33 60 0.2907262927419989
33 86 0.2981071927790845
33 66 0.30048523357141377
33 38 0.20249263515621974
33 46 0.8115993264592624
34 60 0.17805621127916804
34 73 0.33182679081202104
34 55 0.10435817920363566
34 59 0.6191683115295088
34 79 0.3957828507313368
35 70 0.4343530363889978
35 90 0.822388200983173
36 69 0.23176904828718425
37 54 0.15691689440719503
37 78 0.866477590130442
37 66 0.19779166193665476
37 53 0.16341874839655213
38 80 0.4141859724199909
38 55 0.11889508332578291
38 70 0.642528169814233
38 58 0.2816187017447317
38 64 0.8036731672899828
38 75 0.5174726521098741
39 64 0.2268075134464359
40 43 0.38681402933522546
40 97 0.11577300741809715
40 73 0.04151744124261436
41 89 0.4474281603562297
41 76 0.3353448954457485
41 60 0.5505526271756624
42 75 0.7293371944071251
42 59 0.11948958106494745
42 86 0.5373079840439986
43 87 0.5975884119863294
43 94 0.6170047664988377
43 82 0.7902387254659778
44 68 0.12441697443298039
44 75 0.2492775502797353
44 81 0.6163904726530965
44 49 0.784504561578289
45 86 0.8916343194640597
45 77 0.7494646447379405
47 77 0.8154408080073003
47 76 0.9649934428281423
47 58 0.5240779533587032
48 91 0.13410913173837735
48 78 0.6691798219175555
48 92 0.5503813455970588
49 66 0.3167868012129743
49 91 0.686594039779075
49 73 0.9793852645437817
49 82 0.5485975808133602
50 81 0.17295606745984193
50 54 0.6019823693135633
51 73 0.8502499790715727
52 74 0.8565565984122324
52 68 0.9414908826874827
53 64 0.4563704094002503
53 98 0.4474127182365586
53 74 0.42203136469131897
53 72 0.7683217137647461
55 99 0.7405304732474355
55 86 0.8545319916501642
55 65 0.20851069135232003
55 73 0.9450441211247937
57 72 0.5498658540167638
58 66 0.5131457066727325
58 95 0.728413061554089
60 80 0.4650558328146175
60 69 0.0892377217130329
60 70 0.66967554674649
61 81 0.5562543350228731
61 79 0.6938963283018327
61 95 0.1180766267029345
61 69 0.3279166500888191
62 94 0.12316340958027083
62 80 0.5603480895968771
62 64 0.546565804299511
64 79 0.6323468799281808
66 95 0.696105127511201
66 67 0.11480628969234241
69 73 0.4689012334050253
71 91 0.5106797408569949
72 87 0.7358412391896165
73 93 0.9475014673250114
75 97 0.6968035018190435
75 80 0.8458755053576924
75 76 0.11944690749615605
76 92 0.55554690961842
76 87 0.26034658159066815
77 85 0.6652485890654609
77 78 0.12470339450251511
80 81 0.9798100480906088
81 92 0.6011717751054869
83 91 0.3829597021789005
83 89 0.5905121717477587
84 96 0.8674076079261231
85 99 0.10231510342057792
