100 200 num_nodes_edgedegree2 100
0 37 0.29036737719073835
0 27 0.8885390339945192
0 69 0.6930852045986934
0 82 0.5041759712273804
0 80 0.2964479531276599
1 46 0.8819277390995738
1 78 0.022559238284048044
1 66 0.9829731591917852
2 8 0.047759743481211814
2 41 0.706725061500346
3 27 0.30231222308211303
3 5 0.5656909063535853
3 10 0.7750394734670643
4 15 0.7557757909759123
4 28 0.5202733795821384
4 89 0.6234043905645561
5 10 0.6658816754653359
5 59 0.7968983293712981
5 58 0.8809525967385685
5 69 0.9111570802713528
5 95 0.09774022658291248
5 24 0.6184079308082842
5 46 0.12003154999548105
6 41 0.5123356503278341
6 70 0.774900639150454
6 86 0.5829861067574835
7 28 0.5683696421002786
7 12 0.3607627457976137
7 14 0.33745240994364245
7 21 0.7710651470492087
8 25 0.821223872677328
8 56 0.4628528461838649
9 87 0.0034626839123824693
9 35 0.28367080673721823
9 10 0.7796164505782637
9 12 0.1126372831052006
9 67 0.9687501135226859
10 36 0.9964020869668786
10 98 0.9919113665904388
10 55 0.11755582355976701
11 19 0.050379394967623004
11 77 0.7618416993676245
11 35 0.901213923843784
11 55 0.6535528767974199
12 73 0.07284236946808775
13 92 0.8730320510532894
13 33 0.5685246335248156
14 72 0.4298140643362002
14 32 0.7143621105261256
14 76 0.9763058752258311
14 79 0.10095424694121535
14 69 0.44363276880309155
15 30 0.9240957467682209
15 71 0.5998832758156099
15 39 0.19608664271492704
16 98 0.7721652116651679
17 37 0.4103667722836042
17 99 0.5836927964859022
17 43 0.833202684572837
18 86 0.4553467378182332
18 33 0.44519767241048214
18 32 0.0007784629453763126
18 77 0.8176067756663409
19 41 0.7928463454851625
19 77 0.37185139935012246
19 90 0.19838257958032435
20 29 0.11954437117872985
20 76 0.06317323765733307
20 27 0.1306155609292321
20 25 0.21340430240944164
20 22 0.5679932426983021
21 39 0.7998495558722887
21 46 0.1977209068004877
21 94 0.4675701407853373
21 43 0.8149629447353602
21 47 0.38734061707079503
21 90 0.18718288946459516
22 99 0.45250971307508137
22 31 0.36435410245667166
22 42 0.5380441204405654
22 36 0.5783747304220611
23 45 0.3207889634412817
23 98 0.7399600170954548
24 34 0.3896341099743559
24 65 0.92276588965467
24 56 0.7687717901284531
24 63 0.7540445027476899
25 52 0.02387166130210383
25 41 0.36742408160156426
25 83 0.004982345457935966
25 61 0.7459033550910221
25 80 0.4669553816043085
26 56 0.8274266150049494
26 54 0.37307322483748906
26 98 0.6686204509335144
26 73 0.12166649798902263
26 48 0.05744313371849896
27 54 0.9545275326320577
27 67 0.8873047001157276
28 48 0.7028765029874217
29 90 0.7797663846742157
29 53 0.6012079151125601
29 97 0.9203390305924053
29 45 0.5910119683076127
30 38 0.8597426131351227
30 56 0.03551986293377174
31 60 0.6570159000308321
31 41 0.8487156549011056
31 82 0.5660565458903934
31 67 0.07244796102830309
31 66 0.3812212639895357
32 48 0.5856007642009672
32 77 0.3838837767387856
33 82 0.5725010363147052
33 39 0.1462127251527534
33 43 0.5382061738536539
34 43 0.08908009697064334
34 85 0.10086047429639411
35 46 0.5502596119569626
35 80 0.07847882886972901
35 56 0.675034044541645
35 97 0.023816319370923655
36 76 0.6495614347544159
36 41 0.1700446986316666
37 97 0.4767338097392413
37 80 0.29103183975602465
37 58 0.09713854069110861
37 79 0.20728533360154044
37 46 0.6511909650728616
37 67 0.1987070866711157
37 84 0.19979202278442487
37 52 0.8264697723411903
38 70 0.42486940231581527
38 44 0.8791033436642255
38 81 0.2611808833221376
39 97 0.6256079375362855
39 49 0.8034061481417485
39 72 0.5366128809673922
40 72 0.9963480288131192
40 53 0.8127755828252408
40 78 0.9516399491450696
41 75 0.14689361932354406
41 63 0.722022185383011
42 73 0.3061213121734334
42 71 0.36700756808004187
43 85 0.4786949708510124
43 89 0.5358151979716038
45 89 0.15566260657492792
46 65 0.2062400153018391
46 84 0.5541457200699537
47 93 0.7511625717799526
49 64 0.5254452964442683
49 63 0.5014750328489894
49 51 0.424144247787659
50 61 0.25503728517302493
50 63 0.030441837587455667
50 79 0.28490735629883746
50 98 0.27782936701051275
50 56 0.32036702677687334
51 70 0.3900553786743205
51 83 0.31759458406588026
51 62 0.6649806441741682
52 54 0.8810435038019268
52 79 0.9819627066442532
52 99 0.5772073932788204
52 62 0.047209869331015786
53 56 0.730610758896525
53 55 0.19717548108080862
54 61 0.9286220692029573
55 57 0.7416573804628604
55 95 0.3004153731711652
56 67 0.4825828483604696
56 64 0.6006265274130284
58 69 0.31703685980613505
59 72 0.2451923133317644
59 69 0.9455222109038794
60 82 0.2737531054195682
60 95 0.2737324463239791
60 99 0.7759637125506682
61 76 0.36079456234015883
62 74 0.6071682275311298
62 71 0.7531718283483745
62 91 0.1642925331002597
66 68 0.3452277202095785
71 81 0.8336166803952024
73 90 0.5964385082527723
74 78 0.8878076318401608
76 86 0.6012261514116432
76 98 0.7310207088511903
77 85 0.5503951769730556
78 79 0.7847958038277775
79 86 0.5329292868094331
80 81 0.3671722145506746
80 85 0.9466522432826958
81 88 0.04876304928720121
83 99 0.3447462210119532
83 91 0.44798971546182875
83 87 0.35269819540667513
86 94 0.7075739757121172
91 99 0.9039634724219923
