100 200 num_nodes_edgedegree2 100
0 16 0.6290213776971741
0 26 0.36431085989261514
0 75 0.4258908765286953
0 47 0.6917171990964793
0 48 0.7618650779080486
1 93 0.7200641221965676
1 57 0.1637440128922244
1 60 0.4919907943754691
2 46 0.9631503919053839
2 95 0.260883615714649
2 70 0.8899300064125921
2 40 0.7395426986677421
3 59 0.9645253757126899
3 25 0.14855611796178214
4 55 0.8509949260202172
4 51 0.43727650332984036
4 81 0.0795297609970379
4 97 0.19417694858334178
4 53 0.35024818780702793
4 70 0.011393301204901007
5 90 0.3176048062695843
5 60 0.6949224781015526
6 83 0.7071979971122312
6 10 0.5962586508076289
6 17 0.9098982189861783
7 32 0.02505593863418487
7 18 0.9827715670413173
7 53 0.6251018283787115
8 42 0.4877510054686164
8 39 0.012166687989793812
8 99 0.32225127114468854
9 17 0.3413885102909622
9 78 0.2307059619762727
10 22 0.20913559366366685
10 88 0.23306456362862715
11 26 0.7632134104108756
11 69 0.7930200804190792
11 23 0.4099924400229684
11 77 0.3822524331982571
12 37 0.930390653689985
13 69 0.4437589623671674
13 75 0.2649734241346222
13 52 0.7561355029465069
13 41 0.12370534744330308
14 20 0.3531690393776047
14 18 0.5884385662224892
14 40 0.5584091130060302
14 88 0.13926352582896828
15 25 0.21936941358205586
16 56 0.9929556813972643
16 26 0.3364903191531925
16 80 0.1476597642560037
16 53 0.867904436188868
17 25 0.062406443069517925
18 33 0.4072079136952882
18 43 0.9530762049822844
18 37 0.338060282128159
18 66 0.6945152741219646
18 20 0.30301355412051334
18 69 0.9949330725691816
19 80 0.48838760051845
19 47 0.13877168955133623
20 97 0.7451542401634813
20 92 0.9442951997205593
20 75 0.6071986118799653
20 49 0.2641329625950185
21 53 0.7896244656752408
21 55 0.45926938412066187
21 66 0.5677297703828308
21 67 0.5687722864509166
21 78 0.11831809482054778
21 28 0.11392624336986323
22 90 0.017161012367944983
22 80 0.03772374256157851
22 74 0.2562431151844442
22 44 0.6571394613501096
23 35 0.28210243312938077
23 26 0.9954346234949979
23 40 0.555811676674648
23 79 0.043498010977443435
23 83 0.7478936958930434
23 87 0.880526948268034
23 61 0.5048599162016447
24 70 0.9943884581544314
25 69 0.514865867633021
25 88 0.49230259743856575
25 46 0.8060811636976901
26 75 0.47574294900699765
27 52 0.566167964361
27 99 0.060305886940974496
28 97 0.972390304539146
28 63 0.16071781800835672
30 94 0.5641557667201121
30 91 0.023028660154235436
31 99 0.6610698498188102
31 48 0.9386824901981509
31 73 0.9320753352112642
31 96 0.4740685203558318
32 79 0.08266168016064179
32 67 0.9710514037080928
32 58 0.15829156002715472
32 41 0.26784911752207297
32 53 0.9694663482429889
33 62 0.9199239297987764
33 94 0.6774852671949759
34 62 0.41321810802431436
34 92 0.5444973847786341
35 89 0.6291383351134257
35 37 0.7133086805805338
35 85 0.17434716143669127
35 44 0.1753875091975281
35 52 0.3704968499244736
36 59 0.8525580366096985
36 61 0.4921989230253432
37 40 0.8474311938026402
37 47 0.3955300586912437
37 91 0.18029413978290965
37 45 0.8851034658410203
37 61 0.6733522768766338
38 49 0.8526336784918818
38 77 0.3255355534753529
38 53 0.000623786324671971
38 78 0.3140432759610189
38 63 0.7423055162903853
39 45 0.8541918509578708
39 87 0.8606933746119572
39 40 0.0015876907460691259
39 61 0.2068839397161698
39 46 0.1796644326845246
39 62 0.7313919021788815
40 61 0.05164784777864673
41 80 0.2573169434730438
42 63 0.024254713742206557
42 46 0.5975794599631024
43 90 0.478581871843317
43 65 0.7554785194932929
43 63 0.9697904099940587
43 83 0.6886877687667747
43 74 0.8668375877253011
44 59 0.16614263761383896
44 76 0.700399967788405
44 82 0.27784129568513316
44 51 0.7193686506910906
44 84 0.8433743819244349
45 94 0.2377932503665814
45 51 0.009227506801744112
45 65 0.9654097024059062
45 88 0.33813811862995635
45 86 0.8159408095185494
46 53 0.8785512022237079
46 78 0.020142132150041014
46 64 0.3797458811581643
47 60 0.9029978163004126
47 70 0.6222593723985871
47 59 0.10982019473703397
48 74 0.16861075019003846
48 68 0.9080436582346123
48 84 0.6188227148154561
48 76 0.28235042224923135
48 72 0.8610927868986917
48 90 0.017865668288616576
49 98 0.822158375561578
51 60 0.11515061339437849
52 94 0.7053468056080641
52 72 0.38791406821103425
53 83 0.8513879187836716
53 93 0.939228790760453
54 55 0.7714399434590161
56 79 0.45823899706555005
57 88 0.4052575158943542
58 79 0.10592810437091327
58 62 0.1174525322288772
59 99 0.32934466029493303
60 61 0.6961306062735283
61 89 0.9002883946787655
61 72 0.831165626648102
64 82 0.02616406760188017
65 70 0.7457098517235493
65 69 0.176807651851127
66 85 0.6165978207229124
67 83 0.07998617603278935
68 76 0.464204442889668
68 82 0.16278711490234998
70 99 0.2118969731395578
70 79 0.30149956078798656
71 90 0.6407738844555636
72 93 0.1911358752618778
72 78 0.624135799965147
74 99 0.30321206183751126
75 84 0.6249153136896238
76 86 0.8085220429741663
80 86 0.2835812512901824
80 91 0.758753398002303
81 99 0.6065608845032235
85 92 0.7230581361643341
88 94 0.3007168328191606
88 92 0.4285545452582151
88 93 0.07542111951863706
88 98 0.6808801652656338
95 99 0.3309073891088712
