30 60 Varying_K 11
0 27 0.5
0 7 0.7
1 2 0.5
1 19 0.1
1 28 0.9
2 11 0.5
4 5 0.9
5 26 0.3
5 13 0.9
5 17 0.9
5 7 0.7
5 10 0.5
5 28 0.7
5 14 0.9
6 19 0.9
7 16 0.9
7 10 0.7
8 9 0.3
8 16 0.9
8 15 0.5
8 19 0.3
9 15 0.9
9 25 0.1
10 29 0.9
11 17 0.3
11 14 0.7
11 16 0.3
11 25 0.9
11 18 0.3
11 27 0.9
11 21 0.5
12 20 0.1
12 29 0.3
12 24 0.9
13 28 0.5
13 23 0.1
13 18 0.9
14 29 0.7
14 25 0.3
14 20 0.9
14 28 0.1
14 23 0.5
15 29 0.9
15 21 0.1
16 27 0.1
16 28 0.9
16 29 0.9
16 17 0.1
17 21 0.7
17 29 0.5
18 21 0.1
18 23 0.3
19 20 0.9
21 27 0.3
22 23 0.3
22 26 0.7
23 25 0.7
24 29 0.5
25 26 0.7
28 29 0.9
