30 60 Varying_K 11
0 29 0.5
0 21 0.1
0 26 0.7
1 18 0.5
1 4 0.3
2 19 0.7
2 24 0.7
2 3 0.9
2 11 0.3
2 25 0.1
3 11 0.5
3 18 0.1
4 17 0.1
4 27 0.7
4 28 0.5
5 24 0.9
5 22 0.5
6 7 0.3
6 15 0.9
6 20 0.3
7 18 0.5
7 20 0.9
8 17 0.9
8 27 0.3
8 21 0.1
8 9 0.1
9 24 0.9
9 13 0.3
10 28 0.9
10 17 0.5
11 29 0.3
11 17 0.3
12 20 0.5
12 23 0.3
12 28 0.7
12 18 0.1
13 29 0.1
13 24 0.5
13 18 0.5
14 29 0.1
15 19 0.9
15 26 0.3
15 22 0.7
15 17 0.9
15 27 0.1
15 20 0.9
16 29 0.9
16 26 0.3
17 26 0.9
18 20 0.9
18 25 0.1
18 28 0.5
18 26 0.9
19 21 0.1
20 27 0.1
20 22 0.9
21 29 0.7
22 25 0.1
22 27 0.7
23 29 0.9
