30 60 Varying_K 11
0 2 0.5
0 29 0.9
1 7 0.5
1 25 0.3
1 2 0.5
1 26 0.1
2 4 0.1
2 11 0.5
2 8 0.3
2 13 0.5
3 23 0.3
3 26 0.3
3 10 0.7
4 10 0.1
5 24 0.5
5 6 0.7
5 7 0.1
5 14 0.9
5 11 0.9
6 8 0.7
6 13 0.3
6 21 0.3
6 29 0.9
6 28 0.3
7 9 0.3
7 15 0.3
7 22 0.5
8 11 0.3
8 25 0.9
8 26 0.3
8 16 0.5
8 14 0.9
8 24 0.3
9 29 0.5
9 26 0.5
9 18 0.5
9 27 0.7
9 13 0.5
10 21 0.1
10 18 0.1
12 15 0.9
12 17 0.1
12 16 0.7
13 19 0.9
13 23 0.7
14 20 0.1
15 22 0.7
16 17 0.1
16 24 0.7
17 27 0.3
17 20 0.9
18 19 0.5
19 27 0.5
20 26 0.1
20 27 0.7
22 28 0.7
23 27 0.7
24 25 0.1
26 29 0.9
27 28 0.5
