30 60 Varying_K 11
0 27 0.1
0 7 0.3
1 2 0.5
1 19 0.3
1 28 0.5
2 11 0.1
4 5 0.7
5 26 0.7
5 13 0.5
5 17 0.3
5 7 0.7
5 10 0.9
5 28 0.1
5 14 0.3
6 19 0.7
7 16 0.3
7 10 0.5
8 9 0.1
8 16 0.7
8 15 0.1
8 19 0.3
9 15 0.9
9 25 0.9
10 29 0.5
11 17 0.1
11 14 0.1
11 16 0.5
11 25 0.9
11 18 0.7
11 27 0.1
11 21 0.5
12 20 0.9
12 29 0.3
12 24 0.5
13 28 0.7
13 23 0.3
13 18 0.5
14 29 0.9
14 25 0.3
14 20 0.1
14 28 0.9
14 23 0.9
15 29 0.7
15 21 0.1
16 27 0.9
16 28 0.9
16 29 0.7
16 17 0.7
17 21 0.3
17 29 0.5
18 21 0.7
18 23 0.7
19 20 0.5
21 27 0.1
22 23 0.5
22 26 0.5
23 25 0.5
24 29 0.3
25 26 0.3
28 29 0.1
