30 60 Varying_K 11
0 2 0.3
0 29 0.7
1 7 0.3
1 25 0.5
1 2 0.1
1 26 0.7
2 4 0.7
2 11 0.5
2 8 0.5
2 13 0.1
3 23 0.3
3 26 0.7
3 10 0.3
4 10 0.5
5 24 0.3
5 6 0.3
5 7 0.7
5 14 0.7
5 11 0.9
6 8 0.3
6 13 0.9
6 21 0.9
6 29 0.7
6 28 0.7
7 9 0.5
7 15 0.3
7 22 0.1
8 11 0.5
8 25 0.5
8 26 0.1
8 16 0.5
8 14 0.5
8 24 0.3
9 29 0.9
9 26 0.3
9 18 0.3
9 27 0.3
9 13 0.7
10 21 0.9
10 18 0.3
12 15 0.9
12 17 0.3
12 16 0.7
13 19 0.3
13 23 0.5
14 20 0.1
15 22 0.9
16 17 0.3
16 24 0.7
17 27 0.1
17 20 0.3
18 19 0.1
19 27 0.7
20 26 0.3
20 27 0.3
22 28 0.9
23 27 0.1
24 25 0.7
26 29 0.3
27 28 0.3
