30 60 Varying_K 11
0 28 0.6101236396280355
0 22 0.6370310728071046
0 10 0.79284433627993
0 23 0.39542193455335095
0 29 0.20587670415300718
1 15 0.4369714643149034
2 24 0.3266568930656055
2 11 0.6626634216101701
3 8 0.6033711499737566
3 15 0.4194651038650111
3 28 0.7204472115676867
3 5 0.40619397618015596
3 23 0.3916423095536672
3 16 0.42554609513202
4 18 0.5474775589841019
5 11 0.7317880975813922
5 24 0.4775415690169774
6 25 0.7379262353327866
6 13 0.8115425116640805
6 21 0.0983115910831881
7 18 0.027678866966138194
7 16 0.6102077069323634
7 11 0.5496097424133822
7 21 0.017249823110144558
7 24 0.0244176207238489
7 23 0.7010837624096402
8 14 0.27527236665480515
9 14 0.6651506667126682
9 27 0.31574042254139434
10 28 0.6073247350636872
12 20 0.6949215074880426
12 26 0.3101816490178225
12 21 0.5152802451559846
12 16 0.5122670715205799
12 25 0.6299943194286627
13 19 0.08669967097272968
13 26 0.02301742278174157
13 16 0.11995105499148628
13 21 0.3823719108994773
14 15 0.2818267939312402
14 24 0.048411134044471726
14 21 0.31670689441303057
15 24 0.6799020989782931
15 17 0.38226722052929196
15 27 0.7297094914515668
16 29 0.21627997954423894
16 26 0.6148541685355627
17 20 0.535252779852048
17 29 0.8783384258935208
17 28 0.9216155176903513
18 28 0.22165772102790626
18 27 0.5376487417689563
20 29 0.39778540699107434
20 23 0.7574005321624756
21 23 0.5580552841819911
22 23 0.253527740240703
22 24 0.25942586069315654
23 25 0.488333672055801
25 27 0.7455780145868388
26 29 0.5153771399339117
