30 60 Varying_K 11
0 27 0.7216273744238982
0 7 0.9736709546722261
1 2 0.39480549767736306
1 19 0.23298884404640596
1 28 0.0656255192491646
2 11 0.3012860776365036
4 5 0.2048188214809885
5 26 0.2075211026511058
5 13 0.7677598908597252
5 17 0.38550389846824573
5 7 0.685391156259519
5 10 0.5497328593068259
5 28 0.5615040801440215
5 14 0.09513211467286065
6 19 0.5556836426842722
7 16 0.1623916746109827
7 10 0.6799740992934096
8 9 0.5962573327182167
8 16 0.5280441597093005
8 15 0.8644587800295617
8 19 0.7928640686340227
9 15 0.7343334478721301
9 25 0.30793375760631936
10 29 0.2910549078034663
11 17 0.6791589866898775
11 14 0.8154034644445041
11 16 0.6348977728803983
11 25 0.43276494897017814
11 18 0.25580856532675
11 27 0.01592823137155308
11 21 0.8348952812253156
12 20 0.486407934047276
12 29 0.5234250196554417
12 24 0.6093020459941835
13 28 0.38440868872703093
13 23 0.28159816370068136
13 18 0.6444016521876789
14 29 0.6774061658752049
14 25 0.9907635228376516
14 20 0.12253159626361965
14 28 0.2940349934281905
14 23 0.17663275215783736
15 29 0.002458736673532691
15 21 0.435561512723193
16 27 0.6999785997686673
16 28 0.8982760755212659
16 29 0.13519155927938398
16 17 0.1396965940202386
17 21 0.21048516837593334
17 29 0.27904366984003137
18 21 0.9850750108250782
18 23 0.09313965558261139
19 20 0.6682533731270488
21 27 0.26545340108679294
22 23 0.26555354839620016
22 26 0.7929139677081912
23 25 0.6781913897655496
24 29 0.586845724688031
25 26 0.5992906086209056
28 29 0.1718471164393076
