30 60 Varying_K 11
0 29 0.34961019682387107
0 21 0.365861953092423
0 26 0.7584746790055235
1 18 0.5232273272506157
1 4 0.09862201250064873
2 19 0.40656614026282456
2 24 0.4047100598201988
2 3 0.202628655722064
2 11 0.3013462685842442
2 25 0.11337792798188984
3 11 0.8486018980559943
3 18 0.059932827671272726
4 17 0.7503868500695313
4 27 0.47320941540831063
4 28 0.9649774915439523
5 24 0.3179857265667937
5 22 0.29764223690556924
6 7 0.5751570340771519
6 15 0.8091310587099237
6 20 0.6348089475449362
7 18 0.7164565758925396
7 20 0.34206933414089635
8 17 0.9639190127369432
8 27 0.11999544450127309
8 21 0.2619152263833401
8 9 0.5879134619860594
9 24 0.192268856979125
9 13 0.9199324972792848
10 28 0.972537846928863
10 17 0.7637849877726708
11 29 0.00994644259672861
11 17 0.4648370830544122
12 20 0.02482720316604281
12 23 0.7194643588851395
12 28 0.13880248790976069
12 18 0.5617003053292993
13 29 0.4348856337836349
13 24 0.9379806829768098
13 18 0.4327262363690427
14 29 0.521379390073241
15 19 0.6271919556245195
15 26 0.3348364856362378
15 22 0.08491809701948838
15 17 0.020661740362190817
15 27 0.8316920776661597
15 20 0.5378739482460486
16 29 0.710601584862807
16 26 0.040311540358876075
17 26 0.48040588718882304
18 20 0.09833150287349568
18 25 0.26250526799433793
18 28 0.23799458810583762
18 26 0.3402641916525575
19 21 0.022717064111391516
20 27 0.6148190701043883
20 22 0.302329191330606
21 29 0.41415157394679614
22 25 0.2070106956713501
22 27 0.6331240806207723
23 29 0.7851452597565246
