30 60 Varying_K 11
0 2 0.9856353035145518
0 29 0.5843596941119885
1 7 0.06094747935654099
1 25 0.7094029041352371
1 2 0.86471105001073
1 26 0.07397730446785056
2 4 0.9623888128864223
2 11 0.3183876776072072
2 8 0.9481861595437738
2 13 0.6602561773811234
3 23 0.8230990189052884
3 26 0.47074320133697245
3 10 0.7091065687432206
4 10 0.3311604868327007
5 24 0.7174876142176942
5 6 0.9140433088177528
5 7 0.6114526419170708
5 14 0.9598598345716497
5 11 0.31497037965869135
6 8 0.8515000786139085
6 13 0.021590923691917063
6 21 0.4849287158435297
6 29 0.2261844086923237
6 28 0.761339898187429
7 9 0.30832386591370886
7 15 0.6467728849925141
7 22 0.16937541131730494
8 11 0.28270639026506306
8 25 0.5701810734763804
8 26 0.7093608543787008
8 16 0.6268287336156373
8 14 0.9349872895013331
8 24 0.8929616722353847
9 29 0.9178654713932713
9 26 0.8141475151667472
9 18 0.19988523528569557
9 27 0.9704284574141439
9 13 0.02589821393546332
10 21 0.09449899008364149
10 18 0.8288621124984555
12 15 0.5372616523077792
12 17 0.3170469383119182
12 16 0.12347126512071338
13 19 0.4838922968844076
13 23 0.9980690500397746
14 20 0.9284983532147748
15 22 0.34897913910311174
16 17 0.46263246294134175
16 24 0.046481677103612395
17 27 0.19282467060223507
17 20 0.4347166027343553
18 19 0.5430530220709544
19 27 0.7835142615871954
20 26 0.07464736758499424
20 27 0.8663542462592736
22 28 0.5856936380226557
23 27 0.8801030167252909
24 25 0.4091249354244205
26 29 0.7025244919597396
27 28 0.9027459575574723
