30 60 Varying_K 11
0 16 0.8818935068280922
0 23 0.13103338225647976
0 27 0.4519487482878567
0 6 0.6199013119377421
0 9 0.1288826932215411
0 19 0.6815879472409927
0 12 0.6367902027194505
0 26 0.9492312858486742
1 20 0.43486239451653275
1 8 0.32092623473152226
1 14 0.0006300579747152701
2 25 0.6917903139735337
2 10 0.32779766120011156
3 11 0.3047991760769341
3 17 0.4375565480582867
3 24 0.07356694873895298
4 19 0.40147706434348485
4 8 0.33402075584411794
5 28 0.19513447305003195
5 8 0.9471007219730584
5 24 0.10084029265478012
5 27 0.1709458079446643
5 9 0.8939829085761127
5 6 0.00727427706354733
5 29 0.711807798410374
5 10 0.17050325578795855
5 22 0.6801060946747078
6 13 0.28916485689590266
6 24 0.7698370130713639
6 10 0.05610607131292744
6 22 0.9459916506012307
6 19 0.41290778539192974
7 24 0.47300154890717816
7 12 0.7295661128512468
7 18 0.9974844776003019
7 29 0.8220893163993039
8 19 0.07541525779175429
9 26 0.5635218556235327
9 11 0.8382946039585658
11 23 0.37497336868974496
11 13 0.9049664798948931
11 27 0.28039595393061445
11 16 0.14704953129917542
11 28 0.08561537730800983
12 24 0.15021167346030884
12 28 0.22827823677643344
12 18 0.4698817655171261
14 26 0.17870404895184688
14 19 0.8805377724710663
15 27 0.27418522415028823
15 22 0.655255904871171
17 28 0.45371648704400236
17 25 0.9200890386954267
18 19 0.5540739894240247
20 29 0.5073108744847217
20 21 0.20944135893017213
21 22 0.3855536105932066
22 25 0.56864367055704
23 26 0.8898503270937074
27 29 0.8976499483598885
