30 90 edge_degree 3.0
0 28 0.9
0 22 0.3
0 10 0.9
0 23 0.1
0 29 0.1
0 15 0.7
0 7 0.5
0 12 0.9
0 11 0.3
1 15 0.5
1 9 0.3
1 13 0.5
2 24 0.7
2 11 0.3
3 8 0.7
3 15 0.9
3 28 0.5
3 5 0.1
3 23 0.7
3 16 0.1
4 18 0.1
4 25 0.7
5 11 0.7
5 24 0.5
5 20 0.3
5 16 0.1
6 25 0.7
6 13 0.5
6 21 0.7
6 24 0.7
6 17 0.9
7 18 0.9
7 16 0.5
7 11 0.5
7 21 0.1
7 24 0.3
7 23 0.7
7 12 0.7
8 14 0.5
8 29 0.7
9 14 0.5
9 27 0.5
10 28 0.1
11 12 0.7
11 16 0.7
11 14 0.5
11 18 0.3
11 13 0.7
12 20 0.1
12 26 0.9
12 21 0.7
12 16 0.9
12 25 0.5
12 18 0.9
13 19 0.5
13 26 0.7
13 16 0.7
13 21 0.7
14 15 0.1
14 24 0.9
14 21 0.9
15 24 0.1
15 17 0.5
15 27 0.7
15 23 0.3
15 26 0.7
16 29 0.1
16 26 0.3
16 23 0.5
16 24 0.9
17 20 0.9
17 29 0.3
17 28 0.9
17 27 0.1
17 21 0.1
18 28 0.9
18 27 0.9
18 19 0.7
19 23 0.5
19 25 0.9
20 29 0.7
20 23 0.1
21 23 0.7
22 23 0.9
22 24 0.1
22 27 0.5
23 25 0.3
25 27 0.9
26 29 0.3
26 28 0.1
