30 90 edge_degree 3.0
0 27 0.9
0 7 0.7
0 23 0.5
0 21 0.5
0 2 0.5
0 29 0.3
1 2 0.5
1 19 0.5
1 28 0.3
1 3 0.1
1 8 0.7
1 23 0.1
2 11 0.5
2 25 0.9
2 3 0.9
3 29 0.3
4 5 0.1
4 27 0.5
4 26 0.7
5 26 0.3
5 13 0.1
5 17 0.9
5 7 0.1
5 10 0.5
5 28 0.3
5 14 0.3
5 29 0.5
5 23 0.7
6 19 0.5
6 15 0.1
6 23 0.1
6 26 0.5
7 16 0.5
7 10 0.1
7 18 0.9
7 8 0.1
8 9 0.1
8 16 0.3
8 15 0.9
8 19 0.9
8 11 0.3
9 15 0.3
9 25 0.1
9 23 0.9
10 29 0.7
10 26 0.1
11 17 0.1
11 14 0.5
11 16 0.7
11 25 0.5
11 18 0.7
11 27 0.7
11 21 0.7
12 20 0.9
12 29 0.1
12 24 0.9
13 28 0.5
13 23 0.5
13 18 0.7
14 29 0.9
14 25 0.9
14 20 0.5
14 28 0.9
14 23 0.5
15 29 0.9
15 21 0.1
16 27 0.5
16 28 0.3
16 29 0.1
16 17 0.1
16 24 0.9
16 22 0.7
17 21 0.1
17 29 0.5
18 21 0.1
18 23 0.5
18 20 0.7
19 20 0.1
19 28 0.1
21 27 0.3
21 29 0.5
21 28 0.7
22 23 0.1
22 26 0.9
22 24 0.7
23 25 0.5
24 29 0.3
25 26 0.7
26 29 0.1
28 29 0.9
