30 90 edge_degree 3.0
0 29 0.1
0 21 0.5
0 26 0.3
0 4 0.3
0 9 0.3
0 10 0.7
0 12 0.5
1 18 0.5
1 4 0.1
1 19 0.1
1 12 0.3
1 7 0.1
1 6 0.3
1 27 0.1
2 19 0.9
2 24 0.9
2 3 0.7
2 11 0.1
2 25 0.5
3 11 0.7
3 18 0.7
3 27 0.3
3 17 0.3
4 17 0.3
4 27 0.1
4 28 0.7
4 22 0.5
4 11 0.3
5 24 0.5
5 22 0.7
6 7 0.3
6 15 0.3
6 20 0.9
7 18 0.1
7 20 0.5
7 29 0.1
8 17 0.5
8 27 0.9
8 21 0.7
8 9 0.3
8 16 0.9
8 19 0.9
9 24 0.5
9 13 0.3
9 17 0.3
10 28 0.3
10 17 0.3
10 18 0.9
11 29 0.5
11 17 0.1
12 20 0.3
12 23 0.5
12 28 0.3
12 18 0.3
12 16 0.1
13 29 0.1
13 24 0.7
13 18 0.3
13 28 0.7
13 20 0.9
13 25 0.7
14 29 0.7
14 27 0.1
15 19 0.7
15 26 0.7
15 22 0.3
15 17 0.7
15 27 0.1
15 20 0.9
16 29 0.7
16 26 0.9
17 26 0.9
17 19 0.5
18 20 0.7
18 25 0.9
18 28 0.3
18 26 0.5
18 22 0.3
19 21 0.5
19 24 0.3
19 25 0.7
20 27 0.5
20 22 0.7
21 29 0.7
22 25 0.7
22 27 0.1
22 23 0.9
23 29 0.1
27 28 0.9
28 29 0.9
