30 90 edge_degree 3.0
0 2 0.9
0 29 0.9
0 1 0.7
0 10 0.7
0 18 0.5
1 7 0.3
1 25 0.1
1 2 0.3
1 26 0.9
1 11 0.9
1 3 0.7
1 17 0.9
2 4 0.9
2 11 0.7
2 8 0.1
2 13 0.3
2 28 0.3
2 26 0.3
3 23 0.1
3 26 0.9
3 10 0.1
3 14 0.1
4 10 0.9
4 24 0.9
4 8 0.7
4 19 0.7
5 24 0.1
5 6 0.1
5 7 0.3
5 14 0.7
5 11 0.7
5 29 0.5
5 10 0.7
5 23 0.9
6 8 0.5
6 13 0.5
6 21 0.7
6 29 0.5
6 28 0.3
6 15 0.3
7 9 0.1
7 15 0.9
7 22 0.7
7 27 0.3
7 10 0.1
8 11 0.5
8 25 0.1
8 26 0.1
8 16 0.7
8 14 0.1
8 24 0.7
9 29 0.5
9 26 0.9
9 18 0.7
9 27 0.9
9 13 0.3
9 14 0.1
9 23 0.7
9 10 0.9
9 19 0.1
9 24 0.3
10 21 0.9
10 18 0.1
11 22 0.9
11 25 0.9
12 15 0.9
12 17 0.5
12 16 0.7
12 19 0.1
13 19 0.5
13 23 0.1
13 20 0.9
14 20 0.9
15 22 0.3
15 18 0.3
16 17 0.9
16 24 0.3
16 26 0.3
17 27 0.7
17 20 0.1
18 19 0.1
19 27 0.5
19 21 0.7
20 26 0.1
20 27 0.7
22 28 0.3
23 27 0.3
24 25 0.1
26 29 0.5
27 28 0.5
