30 90 edge_degree 3.0
0 16 0.7
0 23 0.1
0 27 0.7
0 6 0.1
0 9 0.1
0 19 0.9
0 12 0.7
0 26 0.3
1 20 0.1
1 8 0.1
1 14 0.1
1 13 0.7
1 23 0.7
1 12 0.1
1 29 0.3
2 25 0.1
2 10 0.5
2 6 0.9
2 17 0.3
2 20 0.7
2 19 0.7
3 11 0.3
3 17 0.5
3 24 0.1
3 18 0.5
4 19 0.5
4 8 0.9
4 29 0.1
4 23 0.9
4 13 0.7
5 28 0.9
5 8 0.5
5 24 0.7
5 27 0.7
5 9 0.5
5 6 0.7
5 29 0.3
5 10 0.3
5 22 0.3
5 25 0.9
5 15 0.3
6 13 0.3
6 24 0.9
6 10 0.3
6 22 0.5
6 19 0.7
7 24 0.5
7 12 0.1
7 18 0.7
7 29 0.7
7 23 0.1
8 19 0.5
8 16 0.3
8 10 0.3
8 26 0.9
9 26 0.9
9 11 0.7
9 27 0.9
9 21 0.3
9 10 0.5
9 22 0.1
10 16 0.9
11 23 0.9
11 13 0.9
11 27 0.1
11 16 0.1
11 28 0.5
11 25 0.3
11 19 0.3
12 24 0.5
12 28 0.9
12 18 0.1
14 26 0.7
14 19 0.9
14 24 0.5
14 20 0.1
15 27 0.5
15 22 0.7
17 28 0.1
17 25 0.1
17 29 0.1
18 19 0.5
20 29 0.1
20 21 0.1
21 22 0.7
22 25 0.7
22 29 0.5
23 26 0.3
23 24 0.9
27 29 0.3
