60 120 num_nodes 60
0 44 0.9875111896623465
0 56 0.6516466178981737
0 14 0.2796428147139022
0 24 0.6143039836200298
0 22 0.12895130787210451
0 28 0.1184364455168394
1 57 0.4920748529908968
1 20 0.1950978519486538
1 46 0.511077368049322
1 59 0.7704785901799656
1 30 0.9763837810834224
1 51 0.378543369008319
1 55 0.6744357949798663
2 30 0.5176725909109873
2 19 0.26401264604557484
2 16 0.1230038059662284
3 27 0.8211391515946824
4 48 0.7304070524929127
4 5 0.6896750699970475
4 18 0.6260095378862769
5 23 0.49478133102201327
5 55 0.663115441539503
6 31 0.6828232492349117
6 57 0.45454844761951485
6 11 0.566521298625764
6 32 0.6433567365779236
7 16 0.41370787951698684
7 47 0.9914990979106237
7 17 0.6591040435677196
8 36 0.265826797184481
8 51 0.3107218872818297
10 49 0.9409922304877977
10 41 0.66124353282737
10 32 0.7002965440599122
10 42 0.0014024229782392261
11 23 0.2488717523331988
11 35 0.8182885797168247
11 37 0.2708504086173942
11 22 0.9929308484736064
12 42 0.6037859566745128
12 49 0.8737924621423981
12 35 0.7275468802191891
13 50 0.1439020200731097
13 27 0.46337292493845184
13 35 0.3942178688092075
14 37 0.23988337594021159
14 33 0.9329992633329138
14 22 0.6553558324213246
14 43 0.7936059815205352
14 48 0.4876306912077726
14 25 0.2355593635902603
14 40 0.3683923074683795
15 47 0.40265194615559363
15 17 0.6074997463151958
16 33 0.009155188219577615
17 28 0.9466677006903013
17 58 0.9752885564502163
18 29 0.34735799551554947
18 55 0.5136561419325231
18 19 0.5414621251457917
21 57 0.5737875195939484
21 39 0.5804255308595812
22 32 0.5547554976826975
22 29 0.5872151837030526
22 26 0.2445558902610454
23 25 0.262884649195792
23 36 0.39114089935353313
24 41 0.7663014580562724
24 53 0.06458825569322812
24 43 0.21813839789806155
25 32 0.5969108311856942
25 51 0.4678883229239884
25 37 0.30164685574448324
26 53 0.5809253619888611
26 42 0.10029142572940175
26 32 0.7516776668353984
27 38 0.4001236819530335
27 32 0.6489570509967679
28 30 0.3953663416888027
28 48 0.09368770268286486
28 42 0.6296277519059356
29 38 0.35622396830931136
30 55 0.7593712330938966
31 48 0.2019364473487527
31 35 0.7533917930676132
31 54 0.27857809859939753
31 46 0.759084739768532
31 52 0.2841142085577637
32 59 0.7657326881253201
32 47 0.3630646767697112
33 53 0.5757947519055857
33 49 0.16005987359173246
34 41 0.1745038655671941
34 58 0.14508241215017603
35 58 0.8265617391521747
35 56 0.5672490117634225
35 55 0.40953667020378937
35 42 0.22412266822805094
35 51 0.7917382810421509
36 54 0.6824040138919725
37 56 0.39079375530823746
37 54 0.05724863335984731
37 39 0.3409318461349756
38 46 0.5278612427345167
39 50 0.1714313174508998
39 51 0.8673191827580363
40 46 0.3146552887170948
41 59 0.8527034796313052
43 47 0.02416752079307094
43 53 0.5848117552957448
44 49 0.16947201314616533
45 46 0.4115667920277969
45 54 0.4106659564418117
46 51 0.6603125479895964
48 49 0.04258284129256529
50 54 0.9535084423887854
51 54 0.7572531295862374
52 56 0.1545977203900345
52 59 0.0015160518216974506
53 58 0.5379570418127146
