90 180 num_nodes 90
0 49 0.37175451799183823
0 4 0.012513999947216692
0 67 0.09332151784252463
0 9 0.26406599112011087
1 24 0.9866397840272779
2 47 0.4580565254151442
2 89 0.23736729189986916
2 12 0.9754872314658223
2 65 0.7322470036817202
2 46 0.7233500331204531
2 87 0.661333174983987
2 57 0.6129961611561016
3 4 0.12799519936408565
3 29 0.5691029265072786
3 10 0.37545328031734326
3 5 0.514455826661066
3 62 0.7093826273380813
3 57 0.23414275439225007
3 66 0.5723899865830389
3 36 0.45791306699414847
3 79 0.03936078818201849
4 77 0.9631748527956794
4 54 0.9766145783265514
4 32 0.1579668643517761
4 31 0.5475479623017551
4 19 0.7221446451386803
5 75 0.650903849345123
5 33 0.6172296266520719
5 63 0.4223356753432249
6 34 0.5241837674221935
6 53 0.3033643300160571
7 11 0.7114924146337764
7 13 0.055755883420598784
7 26 0.547632276303461
7 46 0.9543143176570973
7 85 0.3102399787758763
7 52 0.7087679161047361
8 14 0.8532814325186033
8 11 0.3701235432417457
9 43 0.6868413194576337
9 32 0.24844503996784228
9 28 0.34195573443735827
9 45 0.25489012453157234
10 46 0.08381143650874234
10 75 0.10252654647113713
10 78 0.47852043910954134
10 74 0.8343742470638366
11 28 0.7897499166887679
11 65 0.30589137924318865
12 21 0.5342387934416343
12 23 0.8781842259944354
12 52 0.611479762053024
12 73 0.1744297825391773
13 87 0.21441609642101533
13 40 0.7926695597205206
13 30 0.0352391561279205
13 27 0.9120393616552168
13 39 0.30637070184657655
13 88 0.6549789764056573
14 80 0.6018030143064934
14 20 0.44569086126662427
14 73 0.24017159614110195
15 66 0.7727597154647327
15 32 0.6657558307278557
16 32 0.812583571782991
16 66 0.1937551400089771
16 20 0.4327881212131539
17 22 0.9639686777766916
17 66 0.07087626890126475
17 71 0.06498433034487083
17 59 0.8900620551704719
18 41 0.5053590352935037
18 58 0.544730940826744
18 53 0.32813599584185915
19 31 0.8353301160319421
19 60 0.33360967117583407
20 55 0.337099222060838
20 57 0.9364157548850193
20 23 0.8735662622767688
20 29 0.3463407464708399
21 85 0.253814678081387
21 71 0.9253374787510168
21 89 0.7448449973402368
22 30 0.1508879400702845
22 41 0.8364787965592612
22 46 0.7744539500777675
22 69 0.42238299240319954
23 57 0.355468546850354
23 29 0.9666314276659244
24 62 0.055864971083303905
25 86 0.15436395326675867
26 62 0.3319982042105041
26 87 0.34447325733589174
26 59 0.5852931168855465
27 77 0.907257197862169
27 48 0.5741123502583776
27 50 0.23805890740034663
28 41 0.7542053276833898
29 75 0.6559824049206339
29 65 0.8624107621057603
29 56 0.3400463703064249
29 79 0.18024448123807424
31 62 0.14565821858559558
31 34 0.6365243152538881
31 86 0.8962903753332306
32 39 0.0926410712123632
32 87 0.10453749397268952
33 43 0.17295017803625978
33 77 0.6115611346570344
33 70 0.0676231560286491
34 64 0.7926659447472052
34 78 0.4435109465637612
34 47 0.821044942685365
35 63 0.6536139902976914
35 54 0.9458493030753339
36 43 0.7687450235825375
37 88 0.7758364162750533
37 45 0.6993104601205641
37 50 0.0920105510581023
38 64 0.8464661534175695
39 61 0.5542497499042859
39 52 0.6702809150450205
39 57 0.07730840798558503
39 58 0.269602756481896
39 47 0.49727606014178516
40 48 0.3023803121320494
42 82 0.38427566511871947
44 72 0.821154490183495
44 78 0.7129642301419459
44 50 0.38543302257354084
45 46 0.2584801908816132
45 84 0.6881309798225722
46 59 0.022046451950491264
46 65 0.2693619518536309
46 75 0.7243321835275663
46 79 0.9517412800865314
46 78 0.4886901822873876
47 65 0.43911306227455693
47 50 0.5465461761561579
49 52 0.666238645653877
50 81 0.4808736275592561
50 74 0.23863434116727367
51 59 0.6224376253341107
51 79 0.8020455488706026
53 67 0.09350357959443811
53 83 0.5617164540525782
53 61 0.4487682435958169
54 67 0.7812246304715169
54 55 0.452421136735055
54 89 0.68705917899129
56 69 0.14500736886843968
58 59 0.6016059476244054
58 71 0.14222340409634215
58 81 0.7861332818449418
59 85 0.47975477869544925
60 84 0.1764340187174217
61 84 0.15511303684426836
61 67 0.9910382063849081
62 84 0.01929372981393862
62 65 0.07914939759768358
62 81 0.8359977055158392
62 87 0.9711664685832807
62 76 0.33741262613168566
64 65 0.42932920830159327
64 83 0.32282589991743826
66 71 0.6939058032664046
66 88 0.3769992663099512
67 83 0.04769808575523582
67 74 0.5121095843975912
68 82 0.11452062530512963
70 77 0.6294620452082758
71 86 0.31947243019178484
73 83 0.20135970129892378
74 87 0.1308200283664911
74 75 0.26825573043668627
75 78 0.0028963367766663417
79 87 0.34410203585320964
82 87 0.21737910579673603
84 87 0.7426919839687782
86 89 0.07939996413542538
