35 70 num_nodes 35
0 30 0.24880458863465504
0 4 0.731624606256126
0 21 0.5225253246610868
1 19 0.6217453300401495
1 17 0.5144096527040399
1 18 0.09556636104213034
1 24 0.9230015042861767
1 3 0.43908963748100416
1 23 0.6360445345322743
1 6 0.44967196627644146
2 10 0.1089433321735147
2 6 0.7182949736376618
2 7 0.514283509007221
2 24 0.9004606868434959
2 19 0.12786895080627436
2 12 0.676419211539982
2 21 0.27524382774783485
3 8 0.8332532955076638
4 30 0.8226234393272327
4 22 0.34762572322908925
5 30 0.9928268740709997
6 34 0.5207282118899815
6 32 0.6198822081401811
6 27 0.7187116479308979
7 18 0.6390874752715204
8 23 0.6945864532569985
8 31 0.13568853670337688
8 24 0.5342937959022461
8 19 0.0876274498777393
9 25 0.9909240433030344
9 14 0.8527735787929975
9 26 0.830207827482724
9 16 0.842895751758846
10 20 0.1546508603014708
11 23 0.621272488840345
11 20 0.025747492322887977
12 30 0.06553200912190982
13 16 0.7412952668226381
13 17 0.08011746353210147
14 16 0.2064081457153254
14 21 0.9623408013640524
14 32 0.29398518418831665
15 34 0.571409369778536
15 32 0.4380707492618545
15 19 0.6801710689014961
15 17 0.05622514437856896
16 27 0.025747486810051234
16 29 0.9124730861681837
16 23 0.6000456233447435
17 30 0.6312918134119351
17 21 0.5054115779633003
17 27 0.6132564736132862
17 31 0.7235157916899494
18 26 0.8520547540019208
19 27 0.3002455853317316
19 33 0.9626668321789971
19 20 0.8161225975870594
19 24 0.4275497178096833
20 23 0.7829901523649313
20 26 0.9626559401213544
21 29 0.7678181995793913
22 24 0.5560990081773034
24 33 0.3366709478760074
24 27 0.02911756778846175
24 29 0.5061791242575895
25 28 0.8515738021792297
26 32 0.3289143899670238
26 34 0.29820938274674613
26 27 0.42746796355231187
30 34 0.03186122618208531
