35 70 num_nodes 35
0 18 0.317030973284936
0 23 0.260975200431512
1 25 0.2665343114787053
1 13 0.8183913032713973
1 2 0.18653190283673549
1 20 0.5191608407262576
2 5 0.9418808650672454
2 29 0.26603350565901507
2 9 0.4887007276327817
2 7 0.012113234530576888
2 14 0.6555325470320653
3 18 0.5108324455481886
3 6 0.9840912896835606
3 10 0.8008665857210103
4 5 0.4791106090334257
4 12 0.7153001137553507
4 18 0.43785343019877865
5 23 0.6446935376344817
5 19 0.4496296040437502
5 22 0.44044610627957326
6 25 0.5707576139073656
6 16 0.8113377210265257
6 28 0.1446868706538732
7 15 0.35283452678442784
7 13 0.8519218101831595
8 18 0.27727047759625234
9 30 0.5133586447388907
9 21 0.277911039037144
9 26 0.34529271899783154
10 12 0.14203347865136262
10 14 0.817803056407822
10 21 0.06691170473817087
10 23 0.1676258242434282
11 17 0.2881019373682556
11 15 0.3897958853101954
11 22 0.8195315409151465
11 21 0.1506884620368154
12 26 0.31003760733113594
12 20 0.25588609372904625
12 28 0.53398329376134
12 30 0.3438543483446298
13 27 0.21082165655196716
14 33 0.03459138736915046
14 17 0.05950182270084703
15 19 0.10552423259548649
15 32 0.37785823099055904
15 20 0.21179010140912125
15 28 0.9379538282781614
15 27 0.03521034673837453
16 17 0.10220937822124088
16 19 0.7123469147505768
16 24 0.8224393213734483
17 30 0.5881996347004239
17 33 0.9703936570867623
17 28 0.8658728305666209
18 19 0.7444529994765425
18 27 0.18747670770224512
18 29 0.8251631363472475
18 20 0.32744886310252463
18 23 0.44882880015489535
18 33 0.5260404447979381
19 32 0.6434640294069128
20 27 0.7042791222211084
21 24 0.2964915628662623
23 34 0.032208653737201165
26 31 0.46980975952935844
26 28 0.05607853255281836
27 28 0.9495863941343873
30 34 0.40369194482530446
31 34 0.7299478561502113
