35 70 num_nodes 35
0 13 0.6422264711387965
0 21 0.17204697250419876
0 24 0.24969396800548982
1 33 0.6339176064702576
1 19 0.429711029700121
1 22 0.8643679958482224
1 25 0.22818221943813644
2 28 0.3818880426554433
2 27 0.19309693791909466
2 25 0.7861067284761619
2 3 0.9641564183737996
3 10 0.054643371423329534
3 16 0.09528010384805718
3 9 0.6258493538418549
4 10 0.3272912025488416
4 16 0.9224018925974703
4 19 0.6737874095223939
5 13 0.5440973063424404
5 34 0.18765346520483372
5 9 0.453752004333028
5 31 0.32417052976220906
6 15 0.5619926186357458
6 29 0.6868626090442191
6 10 0.7059895740474854
7 23 0.8829155529018399
7 15 0.3125761297345634
7 9 0.6360535583667267
8 28 0.4356644043713076
8 13 0.0491603523619375
8 26 0.47607276370389096
9 10 0.45673668513692334
9 23 0.5058841707239408
9 26 0.6089120727877821
9 29 0.2586657557845288
10 33 0.12793832371736058
11 24 0.23062691110845146
11 13 0.11740913987195845
11 30 0.21898725830429355
11 12 0.7425298379791146
11 19 0.729278401511207
11 31 0.00786879500346005
11 21 0.49864467660336487
12 34 0.11047301768969042
12 24 0.04635424170516467
15 29 0.2173164567238518
15 30 0.9520449296721042
15 22 0.2786997892886415
16 22 0.9755941580458519
16 33 0.23044709125925655
16 29 0.784427391885902
17 26 0.06419522012865775
17 21 0.5062265432671963
17 18 0.9022580321172995
18 20 0.4260361270773858
18 23 0.9835553324688828
18 26 0.836581079793666
19 21 0.7436575049230254
19 22 0.9131942675808946
19 20 0.15802008428031322
19 30 0.9654067132787325
20 30 0.7308847983923467
21 32 0.13706806684057937
21 31 0.9992644164412174
22 29 0.4443141472246601
22 32 0.9348066985669635
23 26 0.08400529803724377
23 27 0.4900331698220367
24 34 0.35413524737835556
25 30 0.918578996057523
29 31 0.6437722913031144
