80 160 Varying K 11
0 57 0.5
0 49 0.5
0 68 0.5
1 69 0.1
1 25 0.9
1 35 0.7
1 16 0.7
1 78 0.9
1 11 0.1
2 3 0.5
2 37 0.1
2 57 0.3
2 55 0.9
2 28 0.3
2 63 0.9
2 20 0.7
3 49 0.9
3 40 0.1
3 54 0.5
3 60 0.5
3 29 0.7
3 39 0.3
3 67 0.5
4 61 0.5
4 32 0.1
4 20 0.9
4 71 0.5
4 65 0.3
5 39 0.5
5 8 0.5
5 52 0.3
5 37 0.3
5 24 0.9
6 39 0.9
7 61 0.3
7 38 0.3
8 32 0.5
8 37 0.3
9 10 0.5
9 48 0.5
10 17 0.9
10 34 0.3
11 47 0.9
11 70 0.3
12 62 0.1
12 23 0.7
12 44 0.7
12 48 0.1
13 75 0.7
13 20 0.7
13 33 0.5
13 49 0.9
13 41 0.9
13 35 0.5
14 79 0.9
14 60 0.3
14 37 0.1
14 43 0.5
14 58 0.3
14 52 0.9
14 57 0.7
15 63 0.7
15 37 0.5
16 65 0.1
16 27 0.9
16 18 0.3
17 72 0.9
17 62 0.1
18 50 0.1
20 21 0.5
20 53 0.5
21 34 0.7
21 79 0.7
22 53 0.7
22 70 0.1
23 74 0.9
23 44 0.7
24 38 0.1
24 53 0.9
24 63 0.1
25 70 0.3
25 48 0.3
25 41 0.5
26 48 0.9
26 54 0.9
26 77 0.7
26 73 0.3
27 48 0.3
27 75 0.5
27 34 0.5
27 68 0.1
28 67 0.7
28 58 0.3
28 66 0.7
28 57 0.9
28 72 0.9
29 34 0.3
29 70 0.1
29 44 0.9
29 64 0.3
29 51 0.5
30 68 0.3
30 77 0.3
30 75 0.1
31 51 0.5
31 34 0.3
32 67 0.9
32 65 0.9
32 72 0.7
32 47 0.7
34 58 0.7
34 42 0.1
36 75 0.5
36 51 0.3
37 58 0.5
37 64 0.3
37 46 0.9
38 39 0.1
41 63 0.9
41 54 0.3
41 78 0.7
42 64 0.5
42 78 0.1
43 49 0.9
43 54 0.1
44 65 0.9
44 53 0.1
44 70 0.7
45 73 0.5
45 62 0.5
46 70 0.1
46 72 0.9
47 62 0.3
50 75 0.3
50 66 0.5
50 74 0.3
50 73 0.9
52 64 0.3
53 71 0.3
54 64 0.9
54 69 0.3
55 77 0.3
55 75 0.9
56 63 0.1
56 65 0.9
57 60 0.9
57 64 0.3
58 76 0.7
58 72 0.5
62 68 0.1
63 64 0.1
64 76 0.7
66 71 0.3
68 72 0.7
69 70 0.9
69 79 0.1
70 77 0.7
70 74 0.1
70 73 0.3
75 78 0.3
