80 160 Varying K 11
0 49 0.9
0 4 0.9
0 67 0.1
0 9 0.5
1 24 0.9
2 5 0.3
2 71 0.5
2 12 0.3
2 74 0.5
2 46 0.7
2 39 0.9
2 25 0.5
3 46 0.5
3 22 0.5
3 31 0.1
3 8 0.7
3 39 0.9
3 13 0.7
3 66 0.7
3 36 0.1
3 79 0.9
4 74 0.5
4 34 0.1
4 54 0.3
4 32 0.1
4 65 0.5
4 19 0.7
4 11 0.5
5 75 0.1
5 77 0.3
5 60 0.7
6 73 0.5
6 75 0.9
7 11 0.3
7 13 0.7
7 26 0.1
7 46 0.5
7 17 0.9
7 57 0.5
8 53 0.9
9 43 0.5
9 56 0.5
9 28 0.1
9 12 0.9
10 46 0.5
10 14 0.3
10 32 0.3
10 78 0.7
10 54 0.3
11 40 0.3
11 65 0.7
12 21 0.5
12 61 0.3
12 52 0.5
13 29 0.9
13 30 0.1
13 27 0.7
13 39 0.5
14 36 0.5
14 20 0.9
14 73 0.3
15 66 0.7
15 32 0.7
16 20 0.1
16 57 0.5
16 37 0.7
17 65 0.3
17 66 0.3
17 59 0.7
18 43 0.5
18 47 0.1
18 69 0.9
19 31 0.7
19 79 0.3
20 55 0.5
20 57 0.3
20 29 0.7
21 39 0.3
21 67 0.9
21 41 0.5
22 71 0.1
22 41 0.5
22 46 0.7
22 45 0.5
23 57 0.5
23 66 0.3
23 29 0.3
23 74 0.9
24 62 0.7
26 39 0.7
26 55 0.9
26 59 0.3
27 77 0.9
27 48 0.9
28 62 0.3
28 60 0.5
29 30 0.3
29 58 0.5
29 31 0.7
29 75 0.7
31 67 0.1
31 34 0.5
32 77 0.1
32 47 0.7
32 46 0.5
33 51 0.5
33 70 0.3
34 78 0.9
34 75 0.9
34 61 0.7
35 62 0.1
35 54 0.5
37 47 0.1
37 63 0.9
37 50 0.9
38 64 0.3
39 61 0.5
39 68 0.1
39 47 0.7
40 59 0.9
41 65 0.9
42 50 0.3
43 62 0.9
44 72 0.5
44 78 0.3
44 50 0.1
45 46 0.9
45 65 0.9
45 58 0.3
46 65 0.1
46 75 0.7
46 79 0.3
46 78 0.9
47 69 0.3
47 50 0.7
48 54 0.3
49 52 0.3
50 65 0.3
50 62 0.9
51 59 0.1
52 75 0.3
52 62 0.7
53 67 0.5
53 77 0.5
53 62 0.7
54 65 0.1
56 64 0.7
57 70 0.3
58 59 0.3
58 71 0.5
61 67 0.9
62 65 0.7
62 76 0.9
63 64 0.9
64 78 0.3
65 71 0.5
66 71 0.9
66 74 0.7
73 74 0.3
75 78 0.1
