80 160 Varying K 11
0 9 0.3
0 61 0.3
0 62 0.5
0 41 0.1
1 60 0.1
1 8 0.1
1 43 0.9
1 61 0.7
2 37 0.1
2 40 0.1
2 75 0.3
2 7 0.1
2 30 0.3
3 34 0.3
3 35 0.1
3 13 0.7
4 17 0.5
4 39 0.9
4 68 0.3
4 67 0.9
4 52 0.1
4 28 0.3
4 65 0.3
4 61 0.1
5 38 0.9
5 15 0.3
5 48 0.5
5 43 0.3
5 31 0.1
6 73 0.3
6 52 0.5
6 34 0.1
6 60 0.1
6 8 0.3
7 42 0.7
7 61 0.9
7 16 0.3
8 77 0.7
8 61 0.7
8 44 0.9
8 75 0.3
9 40 0.9
10 43 0.5
10 79 0.7
11 61 0.5
11 65 0.7
12 46 0.7
12 13 0.3
13 27 0.7
13 76 0.7
13 79 0.7
14 78 0.9
15 36 0.7
15 28 0.5
15 21 0.3
15 25 0.5
15 68 0.5
16 69 0.5
16 72 0.7
16 53 0.3
16 43 0.9
16 35 0.1
17 56 0.5
17 48 0.1
17 75 0.3
19 50 0.1
19 29 0.7
19 52 0.5
19 33 0.9
19 25 0.5
20 75 0.9
20 77 0.3
20 40 0.7
21 56 0.1
21 30 0.9
22 40 0.7
23 46 0.7
23 55 0.1
23 73 0.5
24 29 0.1
24 40 0.7
24 33 0.7
25 52 0.1
25 55 0.3
27 63 0.7
27 72 0.3
28 34 0.7
28 42 0.7
28 45 0.7
29 43 0.5
30 75 0.3
30 64 0.9
30 55 0.5
30 41 0.1
31 34 0.9
32 47 0.7
32 69 0.9
33 70 0.3
33 55 0.9
33 66 0.5
33 76 0.7
34 73 0.5
34 64 0.1
34 57 0.1
34 59 0.1
35 70 0.9
35 62 0.3
35 43 0.3
36 69 0.5
37 78 0.7
37 66 0.5
37 53 0.3
38 53 0.7
38 55 0.3
38 70 0.5
38 58 0.5
38 48 0.5
38 64 0.7
38 46 0.3
39 64 0.3
40 46 0.1
40 47 0.7
41 69 0.3
41 76 0.9
42 75 0.9
44 73 0.3
44 75 0.5
44 53 0.3
44 49 0.1
45 59 0.9
45 77 0.3
47 77 0.3
48 58 0.9
48 78 0.9
49 66 0.1
49 54 0.1
49 64 0.5
49 75 0.1
50 73 0.3
51 73 0.3
52 74 0.7
52 72 0.7
53 54 0.3
53 74 0.9
54 66 0.9
55 71 0.7
58 66 0.5
60 74 0.9
60 69 0.9
60 70 0.1
60 76 0.7
62 64 0.5
65 79 0.3
67 68 0.7
67 79 0.7
68 74 0.1
71 76 0.1
72 73 0.1
75 76 0.9
77 78 0.3
