80 160 Varying K 11
0 38 0.1
0 27 0.3
0 69 0.5
0 21 0.1
0 6 0.3
1 73 0.9
1 78 0.7
1 66 0.7
2 51 0.3
2 41 0.7
3 33 0.7
3 58 0.7
3 56 0.3
4 41 0.1
4 62 0.3
4 10 0.9
5 33 0.1
5 10 0.7
5 45 0.1
5 46 0.5
5 77 0.3
5 63 0.7
5 50 0.1
5 17 0.1
6 40 0.7
6 25 0.1
7 28 0.3
7 29 0.7
7 21 0.1
7 34 0.7
8 11 0.9
8 52 0.7
8 25 0.5
9 37 0.3
9 63 0.3
9 10 0.5
9 14 0.3
9 66 0.1
10 36 0.5
10 46 0.3
11 77 0.1
11 70 0.3
11 49 0.9
12 41 0.9
12 56 0.1
12 51 0.5
13 50 0.9
13 22 0.1
14 26 0.9
14 72 0.7
14 32 0.3
14 76 0.7
14 69 0.3
15 42 0.1
15 67 0.9
15 54 0.3
15 39 0.7
16 79 0.1
17 32 0.1
18 25 0.3
18 41 0.3
18 32 0.3
19 61 0.7
19 41 0.7
19 76 0.9
19 22 0.5
20 57 0.7
20 42 0.7
20 27 0.7
20 77 0.1
20 47 0.1
21 39 0.9
21 58 0.5
21 73 0.7
21 59 0.5
21 71 0.5
22 31 0.9
22 37 0.7
23 35 0.9
23 29 0.1
24 34 0.9
24 52 0.5
24 79 0.3
24 63 0.1
24 35 0.1
25 56 0.5
25 71 0.1
25 61 0.9
25 30 0.9
26 54 0.5
26 29 0.7
26 55 0.5
26 48 0.9
27 33 0.3
27 54 0.1
27 34 0.3
28 53 0.5
28 70 0.1
29 39 0.9
29 62 0.9
30 38 0.5
30 78 0.7
31 64 0.5
31 74 0.5
31 56 0.7
31 67 0.3
31 52 0.1
32 77 0.1
33 53 0.7
33 43 0.9
35 46 0.7
35 60 0.5
35 59 0.7
35 74 0.5
36 55 0.7
36 41 0.1
37 70 0.3
37 47 0.7
37 73 0.3
37 56 0.9
37 52 0.7
37 43 0.5
37 45 0.5
38 44 0.7
38 61 0.5
39 65 0.3
39 49 0.7
39 72 0.1
40 60 0.9
40 78 0.9
41 75 0.7
41 63 0.5
42 71 0.7
43 49 0.9
43 60 0.5
43 50 0.1
45 55 0.9
46 79 0.5
48 76 0.3
48 50 0.3
49 51 0.1
50 56 0.9
51 72 0.7
52 79 0.1
52 56 0.1
53 67 0.3
53 56 0.1
54 76 0.3
55 65 0.9
56 64 0.9
58 69 0.1
59 69 0.9
60 72 0.7
60 67 0.3
61 67 0.7
62 69 0.3
62 71 0.1
62 76 0.1
66 68 0.1
78 79 0.9
