80 160 Varying K 11
0 76 0.1
0 47 0.9
0 44 0.9
1 27 0.3
1 57 0.7
1 74 0.9
2 38 0.5
2 32 0.1
2 70 0.9
2 40 0.9
3 59 0.7
3 34 0.7
4 37 0.9
4 30 0.5
4 7 0.3
4 39 0.3
4 53 0.3
4 47 0.9
5 23 0.5
5 60 0.9
6 31 0.7
6 20 0.9
6 17 0.1
7 22 0.3
7 53 0.9
8 33 0.9
8 43 0.7
8 46 0.5
9 20 0.9
9 75 0.9
10 19 0.1
10 76 0.7
10 53 0.5
11 55 0.1
11 69 0.1
11 62 0.5
11 77 0.5
12 38 0.7
13 69 0.7
13 59 0.3
13 52 0.1
13 48 0.5
14 20 0.9
14 18 0.3
14 40 0.7
14 70 0.1
15 31 0.1
16 26 0.3
16 72 0.3
16 45 0.1
17 79 0.7
17 25 0.7
18 21 0.3
18 46 0.7
18 53 0.3
18 37 0.3
18 66 0.9
18 20 0.3
18 41 0.7
19 47 0.7
20 25 0.3
20 76 0.5
21 55 0.5
21 66 0.1
21 67 0.7
21 78 0.3
21 28 0.1
22 39 0.7
22 63 0.1
22 43 0.7
22 57 0.1
23 49 0.9
23 26 0.1
23 40 0.3
23 43 0.9
23 79 0.1
23 28 0.5
23 61 0.1
24 70 0.1
25 69 0.5
25 49 0.1
25 79 0.7
25 46 0.9
26 27 0.1
26 43 0.5
26 30 0.3
28 63 0.3
31 48 0.1
31 73 0.5
32 79 0.5
32 67 0.5
32 58 0.5
32 41 0.9
32 53 0.5
33 37 0.3
33 76 0.5
34 65 0.1
35 52 0.5
35 43 0.1
35 37 0.7
35 62 0.9
35 59 0.7
35 44 0.5
36 64 0.9
36 61 0.1
37 40 0.7
37 69 0.5
37 74 0.3
37 61 0.9
38 42 0.7
38 53 0.7
38 63 0.3
39 45 0.9
39 61 0.5
39 40 0.1
39 62 0.1
40 61 0.7
41 72 0.1
42 63 0.5
42 46 0.1
43 65 0.3
44 59 0.1
44 76 0.1
44 45 0.1
44 52 0.5
44 51 0.1
45 67 0.5
45 51 0.1
45 65 0.1
45 75 0.1
46 53 0.1
46 71 0.3
47 60 0.5
47 75 0.3
47 59 0.7
48 74 0.3
48 68 0.7
48 78 0.5
48 76 0.7
48 72 0.7
48 49 0.7
51 68 0.3
51 60 0.3
52 53 0.5
54 55 0.5
56 79 0.7
56 75 0.7
58 79 0.7
58 62 0.7
60 61 0.1
60 70 0.5
61 72 0.5
64 70 0.7
65 78 0.9
66 74 0.9
68 72 0.7
69 78 0.9
70 79 0.5
70 78 0.1
75 77 0.3
