80 120 edge_degree 1.5
0 57 0.9
0 49 0.5
0 68 0.1
1 69 0.5
1 25 0.1
1 35 0.3
1 16 0.5
2 3 0.9
2 37 0.3
2 57 0.7
2 55 0.5
2 28 0.9
3 49 0.3
3 40 0.3
3 54 0.7
3 60 0.9
3 29 0.9
3 39 0.1
3 67 0.3
4 61 0.3
4 32 0.5
4 20 0.1
4 71 0.1
4 65 0.7
5 39 0.3
6 39 0.7
7 61 0.9
7 38 0.5
8 32 0.7
8 37 0.5
9 10 0.9
11 47 0.1
11 70 0.1
12 62 0.3
12 23 0.9
12 44 0.1
13 75 0.5
13 20 0.9
13 33 0.9
13 49 0.3
14 79 0.7
14 60 0.5
15 63 0.1
15 37 0.7
16 65 0.5
16 27 0.9
17 72 0.1
18 50 0.7
20 21 0.9
20 53 0.7
21 34 0.1
21 79 0.5
22 53 0.7
22 70 0.3
23 74 0.5
23 44 0.5
24 38 0.9
24 53 0.9
24 63 0.3
25 70 0.3
25 48 0.7
26 48 0.7
26 54 0.1
26 77 0.3
26 73 0.9
27 48 0.1
27 75 0.9
28 67 0.5
28 58 0.9
28 66 0.9
28 57 0.3
29 34 0.7
29 70 0.1
29 44 0.7
29 64 0.5
29 51 0.1
31 51 0.5
31 34 0.3
32 67 0.7
32 65 0.7
32 72 0.3
34 58 0.3
36 75 0.3
37 58 0.1
37 64 0.9
38 39 0.5
41 63 0.9
41 54 0.9
42 64 0.3
42 78 0.9
43 49 0.7
44 65 0.7
44 53 0.3
45 73 0.5
45 62 0.1
46 70 0.9
46 72 0.3
47 62 0.7
50 75 0.1
50 66 0.1
50 74 0.3
50 73 0.3
52 64 0.9
53 71 0.5
54 64 0.3
54 69 0.9
55 77 0.3
55 75 0.3
56 63 0.7
56 65 0.7
57 60 0.1
57 64 0.5
58 76 0.5
58 72 0.3
63 64 0.7
66 71 0.7
69 70 0.3
69 79 0.3
70 77 0.5
75 78 0.3
