80 120 edge_degree 1.5
0 49 0.7
0 4 0.5
0 67 0.7
1 24 0.7
2 5 0.9
2 71 0.3
2 12 0.1
2 74 0.3
2 46 0.3
3 46 0.1
3 22 0.5
3 31 0.1
3 8 0.5
3 39 0.1
3 13 0.1
3 66 0.5
4 74 0.9
4 34 0.9
4 54 0.9
4 32 0.5
4 65 0.3
4 19 0.7
5 75 0.1
5 77 0.9
6 73 0.3
6 75 0.1
7 11 0.1
7 13 0.3
7 26 0.7
7 46 0.3
7 17 0.5
9 43 0.9
9 56 0.7
10 46 0.1
10 14 0.7
10 32 0.1
11 40 0.3
11 65 0.1
12 21 0.7
12 61 0.7
13 29 0.5
13 30 0.7
13 27 0.3
14 36 0.1
14 20 0.7
15 66 0.9
16 20 0.9
16 57 0.5
17 65 0.9
17 66 0.3
18 43 0.9
19 31 0.9
19 79 0.5
20 55 0.1
20 57 0.9
21 39 0.1
21 67 0.5
21 41 0.7
22 71 0.3
22 41 0.1
22 46 0.7
23 57 0.7
23 66 0.9
23 29 0.3
23 74 0.1
26 39 0.1
26 55 0.9
27 77 0.7
27 48 0.3
28 62 0.1
28 60 0.5
29 30 0.9
29 58 0.7
29 31 0.3
29 75 0.7
31 67 0.3
31 34 0.3
32 77 0.1
32 47 0.3
32 46 0.3
33 51 0.7
34 78 0.9
34 75 0.7
35 62 0.7
35 54 0.1
37 47 0.3
38 64 0.7
39 61 0.7
39 68 0.1
40 59 0.3
41 65 0.9
43 62 0.1
44 72 0.9
44 78 0.5
45 46 0.3
45 65 0.5
46 65 0.3
46 75 0.1
46 79 0.3
46 78 0.7
47 69 0.1
48 54 0.9
49 52 0.7
50 65 0.9
50 62 0.3
51 59 0.3
52 75 0.3
53 67 0.7
53 77 0.1
54 65 0.3
56 64 0.3
57 70 0.5
58 59 0.5
58 71 0.1
62 65 0.3
63 64 0.9
64 78 0.9
65 71 0.7
66 71 0.9
66 74 0.9
