80 120 edge_degree 1.5
0 9 0.5
0 61 0.1
1 60 0.7
1 8 0.5
1 43 0.5
2 37 0.3
2 40 0.3
2 75 0.5
2 7 0.7
3 34 0.9
3 35 0.5
3 13 0.5
4 17 0.1
4 39 0.7
4 68 0.1
4 67 0.5
4 52 0.1
4 28 0.5
5 38 0.5
5 15 0.5
5 48 0.9
5 43 0.5
7 42 0.5
8 77 0.5
8 61 0.9
8 44 0.1
10 43 0.7
10 79 0.3
11 61 0.3
12 46 0.9
12 13 0.9
13 27 0.7
13 76 0.7
13 79 0.1
15 36 0.7
15 28 0.3
16 69 0.5
16 72 0.1
16 53 0.7
17 56 0.5
17 48 0.5
17 75 0.9
19 50 0.7
19 29 0.3
19 52 0.9
19 33 0.7
19 25 0.5
20 75 0.5
20 77 0.7
21 56 0.5
22 40 0.7
23 46 0.1
23 55 0.3
23 73 0.5
24 29 0.3
24 40 0.7
25 52 0.3
27 63 0.1
27 72 0.9
28 34 0.5
28 42 0.5
29 43 0.5
30 75 0.9
30 64 0.9
30 55 0.3
30 41 0.9
32 47 0.5
33 70 0.7
33 55 0.7
33 66 0.5
33 76 0.3
34 73 0.9
34 64 0.9
34 57 0.5
34 59 0.9
35 70 0.7
35 62 0.9
35 43 0.7
37 78 0.5
37 66 0.7
37 53 0.7
38 53 0.9
38 55 0.9
38 70 0.9
38 58 0.5
38 48 0.7
39 64 0.5
40 46 0.3
40 47 0.7
41 69 0.1
41 76 0.5
42 75 0.1
44 73 0.9
44 75 0.9
44 53 0.5
45 59 0.3
45 77 0.5
47 77 0.1
48 58 0.9
48 78 0.9
49 66 0.7
49 54 0.9
49 64 0.5
50 73 0.7
52 74 0.9
52 72 0.7
53 54 0.9
53 74 0.3
55 71 0.3
58 66 0.1
60 74 0.9
60 69 0.1
60 70 0.1
60 76 0.1
65 79 0.1
68 74 0.7
71 76 0.3
72 73 0.3
75 76 0.7
77 78 0.5
