80 120 edge_degree 1.5
0 38 0.1
0 27 0.5
1 73 0.5
1 78 0.9
2 51 0.9
2 41 0.7
3 33 0.7
3 58 0.3
3 56 0.1
4 41 0.5
4 62 0.7
4 10 0.7
5 33 0.3
5 10 0.5
5 45 0.5
5 46 0.3
5 77 0.3
5 63 0.9
5 50 0.9
6 40 0.5
6 25 0.9
7 28 0.3
7 29 0.7
7 21 0.7
7 34 0.7
8 11 0.9
8 52 0.3
9 37 0.5
9 63 0.7
10 36 0.3
11 77 0.3
11 70 0.7
11 49 0.7
12 41 0.3
12 56 0.5
13 50 0.5
13 22 0.1
14 26 0.5
14 72 0.9
14 32 0.3
14 76 0.9
15 42 0.3
15 67 0.7
16 79 0.9
17 32 0.5
18 25 0.3
18 41 0.3
19 61 0.7
19 41 0.1
19 76 0.9
20 57 0.1
20 42 0.9
20 27 0.3
20 77 0.5
21 39 0.3
21 58 0.3
21 73 0.5
21 59 0.1
22 31 0.9
22 37 0.3
23 35 0.5
24 34 0.7
24 52 0.5
24 79 0.9
24 63 0.3
24 35 0.5
25 56 0.9
25 71 0.1
25 61 0.7
25 30 0.9
26 54 0.9
26 29 0.3
26 55 0.3
27 33 0.9
27 54 0.9
27 34 0.9
28 53 0.3
28 70 0.1
29 39 0.5
30 38 0.1
30 78 0.3
31 64 0.3
31 74 0.5
31 56 0.1
31 67 0.1
32 77 0.5
33 53 0.1
35 46 0.1
35 60 0.1
35 59 0.3
35 74 0.7
36 55 0.9
36 41 0.1
37 70 0.5
37 47 0.5
37 73 0.5
37 56 0.7
37 52 0.7
37 43 0.7
39 65 0.9
40 60 0.9
41 75 0.5
42 71 0.9
43 49 0.1
43 60 0.9
43 50 0.9
45 55 0.3
48 76 0.1
48 50 0.5
49 51 0.1
51 72 0.3
52 79 0.7
52 56 0.5
53 67 0.1
54 76 0.1
60 72 0.1
60 67 0.7
62 69 0.3
62 71 0.5
66 68 0.9
