80 80 edge_degree 1.0
0 76 0.9
1 27 0.1
1 57 0.1
2 38 0.1
2 32 0.9
2 70 0.7
3 59 0.9
4 37 0.3
4 30 0.3
4 7 0.3
5 23 0.9
6 31 0.9
6 20 0.5
7 22 0.9
7 53 0.3
8 33 0.3
8 43 0.1
9 20 0.7
10 19 0.1
10 76 0.3
11 55 0.3
11 69 0.9
13 69 0.9
13 59 0.1
13 52 0.9
14 20 0.5
14 18 0.1
15 31 0.1
16 26 0.1
16 72 0.1
17 79 0.7
18 21 0.7
18 46 0.3
18 53 0.7
18 37 0.7
19 47 0.5
21 55 0.5
21 66 0.7
22 39 0.5
23 49 0.1
23 26 0.1
23 40 0.3
25 69 0.5
25 49 0.9
25 79 0.1
26 27 0.7
26 43 0.9
31 48 0.5
31 73 0.5
32 79 0.9
32 67 0.7
32 58 0.9
35 52 0.5
35 43 0.1
35 37 0.9
37 40 0.5
38 42 0.9
39 45 0.9
39 61 0.1
39 40 0.3
40 61 0.5
42 63 0.9
44 59 0.5
44 76 0.3
45 67 0.7
45 51 0.5
45 65 0.3
46 53 0.5
47 60 0.3
47 75 0.7
48 74 0.3
48 68 0.1
51 68 0.5
51 60 0.5
56 79 0.1
58 79 0.7
58 62 0.5
60 61 0.1
65 78 0.5
75 77 0.5
