30 54 edge_degree 1.8
0 28 0.5
0 22 0.5
0 10 0.5
0 23 0.3
0 29 0.9
1 15 0.1
2 24 0.7
3 8 0.5
3 15 0.1
3 28 0.3
3 5 0.3
3 23 0.9
4 18 0.3
5 11 0.7
6 25 0.3
6 13 0.5
6 21 0.7
7 18 0.7
7 16 0.3
7 11 0.3
7 21 0.1
7 24 0.3
7 23 0.3
8 14 0.1
9 14 0.9
9 27 0.1
10 28 0.9
12 20 0.7
12 26 0.3
12 21 0.1
12 16 0.7
12 25 0.3
13 19 0.1
13 26 0.7
13 16 0.5
13 21 0.7
14 15 0.5
14 24 0.5
15 24 0.1
15 17 0.5
15 27 0.3
16 29 0.7
17 20 0.1
17 29 0.3
17 28 0.1
18 28 0.7
18 27 0.5
20 29 0.5
20 23 0.1
22 23 0.7
22 24 0.3
23 25 0.9
25 27 0.9
26 29 0.7
