80 240 edge_degree 3.0
0 49 0.1
0 4 0.1
0 67 0.5
0 9 0.3
0 44 0.7
0 59 0.7
1 24 0.1
1 40 0.9
1 17 0.3
1 19 0.9
2 5 0.7
2 71 0.7
2 12 0.7
2 74 0.5
2 46 0.3
2 39 0.7
2 25 0.3
3 46 0.1
3 22 0.9
3 31 0.7
3 8 0.3
3 39 0.9
3 13 0.9
3 66 0.3
3 36 0.9
3 79 0.5
3 56 0.7
3 10 0.1
4 74 0.9
4 34 0.1
4 54 0.3
4 32 0.5
4 65 0.5
4 19 0.3
4 11 0.3
4 46 0.9
5 75 0.1
5 77 0.7
5 60 0.1
5 39 0.9
6 73 0.3
6 75 0.7
6 65 0.9
6 20 0.5
7 11 0.7
7 13 0.1
7 26 0.7
7 46 0.1
7 17 0.9
7 57 0.1
7 14 0.5
8 53 0.3
8 75 0.1
9 43 0.7
9 56 0.1
9 28 0.1
9 12 0.3
9 26 0.9
9 38 0.9
9 42 0.5
10 46 0.7
10 14 0.1
10 32 0.5
10 78 0.1
10 54 0.7
10 42 0.9
11 40 0.5
11 65 0.9
11 66 0.7
11 64 0.3
12 21 0.1
12 61 0.5
12 52 0.3
12 54 0.7
12 49 0.9
13 29 0.5
13 30 0.9
13 27 0.9
13 39 0.1
14 36 0.9
14 20 0.3
14 73 0.5
14 48 0.1
15 66 0.7
15 32 0.1
16 20 0.1
16 57 0.5
16 37 0.7
17 65 0.9
17 66 0.3
17 59 0.1
17 32 0.5
17 63 0.3
18 43 0.7
18 47 0.1
18 69 0.7
18 59 0.1
19 31 0.3
19 79 0.1
19 69 0.3
19 67 0.5
20 55 0.5
20 57 0.9
20 29 0.9
20 59 0.9
21 39 0.3
21 67 0.9
21 41 0.7
21 32 0.1
21 63 0.9
22 71 0.1
22 41 0.5
22 46 0.9
22 45 0.9
22 67 0.1
22 59 0.7
22 51 0.7
23 57 0.7
23 66 0.1
23 29 0.1
23 74 0.5
23 50 0.1
24 62 0.3
24 79 0.7
24 74 0.3
25 71 0.3
26 39 0.3
26 55 0.1
26 59 0.9
26 65 0.3
27 77 0.1
27 48 0.7
27 51 0.9
27 49 0.3
27 46 0.9
28 62 0.3
28 60 0.7
28 68 0.7
29 30 0.5
29 58 0.3
29 31 0.9
29 75 0.9
29 49 0.1
29 71 0.5
30 51 0.3
31 67 0.7
31 34 0.1
31 65 0.7
32 77 0.5
32 47 0.5
32 46 0.9
32 51 0.7
32 61 0.1
33 51 0.3
33 70 0.1
33 40 0.9
34 78 0.7
34 75 0.1
34 61 0.5
34 58 0.3
35 62 0.9
35 54 0.9
35 61 0.3
35 75 0.1
35 66 0.1
36 71 0.3
37 47 0.7
37 63 0.9
37 50 0.9
37 59 0.3
37 56 0.5
38 64 0.3
38 42 0.3
39 61 0.9
39 68 0.3
39 47 0.9
39 50 0.1
40 59 0.5
40 45 0.7
41 65 0.9
42 50 0.7
42 56 0.1
42 66 0.1
42 62 0.7
43 62 0.9
44 72 0.3
44 78 0.3
44 50 0.9
45 46 0.1
45 65 0.3
45 58 0.9
45 73 0.9
46 65 0.7
46 75 0.9
46 79 0.9
46 78 0.3
46 70 0.1
46 58 0.3
47 69 0.7
47 50 0.5
48 54 0.9
48 51 0.1
48 63 0.3
48 68 0.7
49 52 0.5
49 76 0.1
50 65 0.5
50 62 0.1
50 76 0.7
51 59 0.5
52 75 0.9
52 62 0.9
52 60 0.5
53 67 0.9
53 77 0.9
53 62 0.7
54 65 0.3
55 78 0.1
56 64 0.5
56 72 0.5
57 70 0.9
58 59 0.3
58 71 0.1
58 64 0.5
59 67 0.1
61 67 0.9
61 68 0.1
62 65 0.9
62 76 0.1
62 78 0.9
62 68 0.1
63 64 0.9
64 78 0.1
65 71 0.5
65 72 0.1
66 71 0.5
66 74 0.5
72 77 0.7
73 74 0.7
75 78 0.1
