80 200 edge_degree 2.5
0 9 0.7
0 61 0.5
0 62 0.9
0 41 0.7
0 71 0.7
0 75 0.5
1 60 0.7
1 8 0.5
1 43 0.7
1 61 0.5
2 37 0.7
2 40 0.9
2 75 0.3
2 7 0.5
2 30 0.9
2 31 0.1
3 34 0.3
3 35 0.5
3 13 0.9
3 16 0.5
3 22 0.3
3 14 0.1
4 17 0.3
4 39 0.9
4 68 0.1
4 67 0.7
4 52 0.9
4 28 0.7
4 65 0.3
4 61 0.1
4 11 0.7
5 38 0.5
5 15 0.1
5 48 0.9
5 43 0.9
5 31 0.5
5 47 0.5
5 79 0.7
5 67 0.1
6 73 0.7
6 52 0.5
6 34 0.1
6 60 0.7
6 8 0.3
6 55 0.1
7 42 0.7
7 61 0.3
7 16 0.1
8 77 0.3
8 61 0.1
8 44 0.3
8 75 0.9
9 40 0.3
9 54 0.1
10 43 0.1
10 79 0.9
10 48 0.1
11 61 0.5
11 65 0.9
11 72 0.9
12 46 0.1
12 13 0.7
12 48 0.1
13 27 0.9
13 76 0.3
13 79 0.7
13 48 0.9
13 68 0.5
14 78 0.1
15 36 0.7
15 28 0.9
15 21 0.3
15 25 0.5
15 68 0.3
15 16 0.7
15 59 0.7
15 67 0.1
15 43 0.3
16 69 0.1
16 72 0.5
16 53 0.5
16 43 0.3
16 35 0.5
17 56 0.3
17 48 0.1
17 75 0.9
18 60 0.9
19 50 0.5
19 29 0.3
19 52 0.5
19 33 0.1
19 25 0.7
20 75 0.5
20 77 0.1
20 40 0.5
21 56 0.3
21 30 0.5
22 40 0.5
22 72 0.7
23 46 0.1
23 55 0.3
23 73 0.3
24 29 0.9
24 40 0.5
24 33 0.5
25 52 0.9
25 55 0.9
27 63 0.1
27 72 0.9
27 68 0.3
28 34 0.5
28 42 0.3
28 45 0.3
28 54 0.3
29 43 0.1
30 75 0.3
30 64 0.1
30 55 0.3
30 41 0.9
30 49 0.3
30 67 0.3
31 34 0.7
32 47 0.3
32 69 0.1
33 70 0.9
33 55 0.3
33 66 0.7
33 76 0.5
33 71 0.3
34 73 0.5
34 64 0.7
34 57 0.5
34 59 0.7
34 75 0.5
35 70 0.1
35 62 0.1
35 43 0.7
36 69 0.3
36 61 0.9
37 78 0.1
37 66 0.3
37 53 0.3
38 53 0.3
38 55 0.7
38 70 0.1
38 58 0.3
38 48 0.9
38 64 0.5
38 46 0.1
38 74 0.9
39 64 0.5
40 46 0.1
40 47 0.5
40 53 0.7
40 72 0.3
41 69 0.9
41 76 0.7
41 47 0.1
42 75 0.5
42 54 0.5
44 73 0.7
44 75 0.1
44 53 0.9
44 49 0.3
45 59 0.7
45 77 0.5
47 77 0.1
47 63 0.9
48 58 0.3
48 78 0.7
48 69 0.1
49 66 0.1
49 54 0.1
49 64 0.9
49 75 0.7
50 73 0.9
51 73 0.9
52 74 0.3
52 72 0.3
53 54 0.1
53 74 0.1
53 58 0.1
54 66 0.3
55 71 0.3
58 66 0.3
58 77 0.3
60 74 0.7
60 69 0.9
60 70 0.9
60 76 0.1
62 64 0.7
65 79 0.1
65 72 0.5
67 68 0.5
67 79 0.5
68 74 0.1
71 76 0.7
72 73 0.5
75 76 0.5
77 78 0.5
