80 240 edge_degree 3.0
0 38 0.7
0 27 0.7
0 69 0.3
0 21 0.5
0 6 0.3
0 70 0.5
1 73 0.9
1 78 0.9
1 66 0.1
1 32 0.1
1 29 0.9
1 61 0.7
2 51 0.5
2 41 0.7
2 38 0.7
2 77 0.9
2 33 0.3
2 35 0.1
3 33 0.9
3 58 0.1
3 56 0.3
3 79 0.9
3 54 0.9
4 41 0.3
4 62 0.9
4 10 0.7
4 26 0.9
5 33 0.7
5 10 0.1
5 45 0.7
5 46 0.3
5 77 0.1
5 63 0.5
5 50 0.1
5 17 0.7
6 40 0.9
6 25 0.5
6 16 0.1
7 28 0.3
7 29 0.3
7 21 0.9
7 34 0.9
7 36 0.5
7 49 0.9
8 11 0.7
8 52 0.1
8 25 0.3
8 58 0.9
8 77 0.1
8 38 0.7
8 48 0.3
9 37 0.9
9 63 0.5
9 10 0.1
9 14 0.3
9 66 0.1
9 11 0.5
9 73 0.9
10 36 0.5
10 46 0.3
10 55 0.1
10 40 0.1
10 16 0.9
10 20 0.5
11 77 0.1
11 70 0.3
11 49 0.7
11 67 0.1
11 39 0.1
12 41 0.3
12 56 0.9
12 51 0.7
12 45 0.5
12 20 0.1
13 50 0.5
13 22 0.5
14 26 0.1
14 72 0.7
14 32 0.5
14 76 0.1
14 69 0.3
14 22 0.9
14 77 0.7
15 42 0.3
15 67 0.3
15 54 0.1
15 39 0.7
15 34 0.5
16 79 0.3
17 32 0.9
17 43 0.1
18 25 0.1
18 41 0.9
18 32 0.3
18 77 0.5
19 61 0.9
19 41 0.7
19 76 0.7
19 22 0.5
19 65 0.9
19 30 0.5
19 53 0.1
19 64 0.1
19 52 0.9
19 38 0.9
20 57 0.1
20 42 0.9
20 27 0.7
20 77 0.3
20 47 0.9
20 23 0.3
20 50 0.3
20 21 0.7
21 39 0.9
21 58 0.1
21 73 0.9
21 59 0.3
21 71 0.1
21 42 0.1
22 31 0.1
22 37 0.3
22 79 0.5
22 51 0.7
22 41 0.1
22 78 0.5
23 35 0.5
23 29 0.1
23 69 0.9
23 68 0.3
24 34 0.7
24 52 0.3
24 79 0.9
24 63 0.3
24 35 0.3
25 56 0.3
25 71 0.1
25 61 0.7
25 30 0.3
25 73 0.7
26 54 0.9
26 29 0.9
26 55 0.7
26 48 0.5
27 33 0.1
27 54 0.7
27 34 0.9
27 38 0.5
28 53 0.9
28 70 0.5
28 61 0.3
28 39 0.1
29 39 0.1
29 62 0.7
29 47 0.7
29 70 0.9
30 38 0.9
30 78 0.1
30 62 0.5
31 64 0.7
31 74 0.3
31 56 0.9
31 67 0.5
31 52 0.7
32 77 0.9
32 65 0.7
33 53 0.3
33 43 0.3
33 61 0.3
35 46 0.5
35 60 0.7
35 59 0.9
35 74 0.7
36 55 0.5
36 41 0.9
36 47 0.9
36 56 0.1
37 70 0.3
37 47 0.1
37 73 0.5
37 56 0.9
37 52 0.5
37 43 0.3
37 45 0.9
38 44 0.9
38 61 0.5
38 79 0.1
38 51 0.7
39 65 0.9
39 49 0.9
39 72 0.3
40 60 0.9
40 78 0.5
40 51 0.7
41 75 0.5
41 63 0.7
41 68 0.5
42 71 0.9
42 47 0.1
43 49 0.5
43 60 0.9
43 50 0.9
44 79 0.3
44 77 0.5
45 55 0.5
46 79 0.9
46 76 0.7
46 78 0.1
46 71 0.1
48 76 0.7
48 50 0.3
49 51 0.9
50 56 0.7
50 68 0.9
51 72 0.7
51 76 0.9
51 64 0.5
52 79 0.9
52 56 0.5
52 75 0.3
53 67 0.9
53 56 0.3
54 76 0.7
55 65 0.3
56 64 0.1
57 67 0.7
58 69 0.1
58 71 0.9
59 69 0.1
60 72 0.9
60 67 0.3
61 67 0.3
61 64 0.3
62 69 0.9
62 71 0.3
62 76 0.1
63 74 0.7
66 68 0.9
68 70 0.5
74 79 0.5
78 79 0.3
