80 200 edge_degree 2.5
0 76 0.1
0 47 0.1
0 44 0.5
0 32 0.9
0 38 0.3
1 27 0.9
1 57 0.3
1 74 0.5
1 61 0.7
1 24 0.5
2 38 0.7
2 32 0.9
2 70 0.7
2 40 0.9
2 16 0.7
3 59 0.9
3 34 0.1
3 61 0.9
3 67 0.7
4 37 0.9
4 30 0.9
4 7 0.5
4 39 0.1
4 53 0.5
4 47 0.9
4 60 0.1
4 16 0.3
5 23 0.3
5 60 0.3
5 37 0.1
6 31 0.3
6 20 0.3
6 17 0.3
7 22 0.5
7 53 0.1
8 33 0.1
8 43 0.9
8 46 0.9
8 59 0.1
9 20 0.1
9 75 0.9
10 19 0.7
10 76 0.9
10 53 0.5
11 55 0.9
11 69 0.7
11 62 0.5
11 77 0.5
12 38 0.1
13 69 0.5
13 59 0.1
13 52 0.3
13 48 0.9
14 20 0.1
14 18 0.3
14 40 0.9
14 70 0.1
15 31 0.5
15 79 0.3
15 77 0.3
16 26 0.7
16 72 0.3
16 45 0.7
17 79 0.3
17 25 0.1
17 50 0.3
18 21 0.3
18 46 0.5
18 53 0.7
18 37 0.1
18 66 0.9
18 20 0.1
18 41 0.3
18 36 0.5
18 39 0.5
19 47 0.3
19 34 0.9
19 54 0.9
20 25 0.9
20 76 0.5
21 55 0.7
21 66 0.1
21 67 0.9
21 78 0.7
21 28 0.1
21 61 0.9
22 39 0.5
22 63 0.5
22 43 0.7
22 57 0.1
23 49 0.9
23 26 0.3
23 40 0.9
23 43 0.5
23 79 0.3
23 28 0.7
23 61 0.7
24 70 0.5
25 69 0.7
25 49 0.3
25 79 0.5
25 46 0.5
25 37 0.1
26 27 0.3
26 43 0.3
26 30 0.3
28 63 0.7
31 48 0.9
31 73 0.7
31 56 0.1
31 35 0.5
31 62 0.1
32 79 0.3
32 67 0.7
32 58 0.9
32 41 0.1
32 53 0.1
33 37 0.1
33 76 0.9
34 65 0.1
35 52 0.5
35 43 0.1
35 37 0.1
35 62 0.7
35 59 0.9
35 44 0.5
36 64 0.3
36 61 0.1
36 37 0.5
36 38 0.9
36 60 0.9
37 40 0.5
37 69 0.1
37 74 0.5
37 61 0.7
37 78 0.3
38 42 0.5
38 53 0.3
38 63 0.5
39 45 0.1
39 61 0.9
39 40 0.9
39 62 0.3
40 61 0.5
41 72 0.5
42 63 0.3
42 46 0.3
42 68 0.7
43 65 0.1
43 68 0.5
44 59 0.7
44 76 0.3
44 45 0.7
44 52 0.1
44 51 0.1
45 67 0.3
45 51 0.9
45 65 0.3
45 75 0.7
46 53 0.7
46 71 0.9
46 75 0.5
47 60 0.1
47 75 0.3
47 59 0.1
48 74 0.9
48 68 0.5
48 78 0.7
48 76 0.7
48 72 0.9
48 49 0.7
49 61 0.1
50 60 0.1
51 68 0.7
51 60 0.1
52 53 0.7
54 55 0.5
55 74 0.9
56 79 0.5
56 75 0.1
58 79 0.7
58 62 0.7
58 70 0.1
60 61 0.5
60 70 0.3
60 66 0.7
61 72 0.9
63 77 0.3
63 70 0.9
64 70 0.1
65 78 0.3
66 74 0.7
68 72 0.5
68 71 0.3
69 78 0.9
69 74 0.5
70 79 0.1
70 78 0.7
73 76 0.7
75 77 0.7
