40 80 num_nodes 40
0 28 0.5
0 34 0.3
0 12 0.9
0 24 0.7
0 17 0.7
1 24 0.5
1 20 0.7
1 27 0.9
1 18 0.1
1 30 0.7
1 14 0.3
1 28 0.9
1 19 0.3
2 30 0.9
2 19 0.1
2 16 0.1
3 30 0.5
4 16 0.7
4 5 0.9
4 18 0.5
5 23 0.5
5 35 0.7
6 31 0.1
6 37 0.7
6 11 0.1
6 10 0.1
7 31 0.5
7 18 0.5
7 39 0.1
7 30 0.5
8 36 0.9
8 32 0.9
10 17 0.5
11 26 0.9
11 35 0.3
11 37 0.3
11 22 0.3
12 19 0.7
12 35 0.3
13 24 0.9
13 27 0.3
14 17 0.5
14 33 0.1
14 35 0.1
14 22 0.1
14 29 0.3
14 32 0.3
14 25 0.1
15 25 0.9
15 17 0.1
16 33 0.7
17 29 0.5
18 37 0.7
18 29 0.7
20 31 0.7
21 32 0.1
21 39 0.9
22 32 0.9
22 36 0.1
22 31 0.7
22 26 0.3
23 35 0.5
23 31 0.5
23 36 0.7
25 37 0.3
25 33 0.3
26 35 0.1
26 32 0.3
27 38 0.9
27 32 0.7
28 30 0.5
28 31 0.3
28 32 0.9
29 38 0.9
31 32 0.1
33 35 0.7
34 35 0.7
34 39 0.9
35 38 0.9
37 39 0.5
