40 80 num_nodes 40
0 12 0.3
0 24 0.1
0 2 0.3
1 23 0.3
1 11 0.5
1 15 0.7
1 4 0.3
1 2 0.7
1 19 0.9
1 6 0.9
2 37 0.7
2 17 0.5
2 27 0.5
2 38 0.1
3 5 0.1
3 6 0.7
3 36 0.5
3 13 0.9
3 23 0.3
4 21 0.9
5 23 0.7
5 7 0.3
5 20 0.9
6 14 0.9
7 18 0.9
8 32 0.7
8 33 0.7
8 10 0.7
8 28 0.5
9 15 0.1
9 39 0.3
10 19 0.9
10 27 0.9
10 33 0.7
10 28 0.9
10 20 0.3
11 35 0.9
11 20 0.3
11 28 0.3
11 23 0.7
11 33 0.7
13 38 0.9
13 19 0.9
14 15 0.3
14 31 0.9
14 30 0.1
15 33 0.7
15 17 0.3
16 38 0.1
16 23 0.9
16 25 0.7
17 31 0.7
17 39 0.5
17 37 0.9
19 30 0.7
19 32 0.7
20 29 0.7
21 31 0.3
22 23 0.9
22 32 0.1
22 36 0.1
22 39 0.7
23 34 0.3
23 32 0.5
23 37 0.5
23 39 0.1
24 27 0.7
25 32 0.3
25 29 0.9
25 31 0.9
26 33 0.7
26 37 0.3
28 32 0.9
28 35 0.7
29 35 0.1
31 32 0.3
32 35 0.5
32 39 0.5
33 35 0.9
33 37 0.7
