40 80 num_nodes 40
0 30 0.1
0 4 0.1
0 21 0.1
1 17 0.3
1 18 0.1
1 20 0.3
1 37 0.7
1 3 0.9
2 19 0.3
2 8 0.1
2 7 0.7
2 24 0.5
2 34 0.1
2 21 0.7
3 21 0.7
4 38 0.5
4 30 0.3
4 22 0.9
5 30 0.9
6 23 0.7
6 13 0.5
6 38 0.9
6 39 0.3
7 18 0.9
8 34 0.3
8 28 0.1
8 24 0.3
8 37 0.9
9 25 0.5
9 14 0.1
9 26 0.9
9 16 0.1
10 37 0.1
10 38 0.9
11 20 0.9
11 23 0.5
12 14 0.1
12 26 0.1
13 31 0.5
14 21 0.5
15 37 0.9
15 32 0.3
15 27 0.9
16 35 0.9
16 27 0.1
16 33 0.9
16 23 0.7
16 38 0.5
17 36 0.7
17 35 0.5
17 32 0.3
17 31 0.5
18 39 0.1
19 26 0.7
19 27 0.3
19 35 0.1
19 29 0.3
20 34 0.1
20 23 0.9
21 37 0.1
22 36 0.5
22 29 0.9
22 38 0.5
23 38 0.5
24 33 0.1
24 27 0.3
24 32 0.1
24 29 0.1
24 39 0.5
25 36 0.3
26 37 0.5
26 27 0.9
30 37 0.7
30 34 0.9
30 35 0.9
30 38 0.3
34 37 0.9
35 38 0.5
37 38 0.7
38 39 0.1
