40 80 num_nodes 40
0 19 0.5
0 36 0.1
1 25 0.3
1 16 0.7
1 29 0.5
1 20 0.3
2 16 0.7
2 5 0.3
2 22 0.3
2 23 0.1
2 38 0.7
2 20 0.5
2 31 0.7
3 14 0.1
3 10 0.3
4 5 0.1
4 26 0.5
4 18 0.1
5 38 0.9
5 35 0.9
5 18 0.9
6 25 0.5
6 11 0.3
6 20 0.9
6 28 0.9
7 21 0.1
7 13 0.5
7 33 0.5
8 16 0.9
9 30 0.1
9 12 0.1
9 20 0.3
9 38 0.7
10 19 0.7
10 28 0.1
10 21 0.7
10 29 0.5
11 15 0.9
11 17 0.9
11 18 0.7
12 17 0.3
12 26 0.9
12 28 0.9
12 35 0.7
12 39 0.5
12 30 0.9
12 15 0.3
12 31 0.3
13 16 0.9
13 27 0.3
14 19 0.3
14 26 0.1
15 19 0.5
15 32 0.7
15 39 0.5
15 37 0.5
15 28 0.3
15 33 0.9
17 23 0.3
17 30 0.5
17 29 0.5
17 37 0.5
18 35 0.3
18 23 0.9
18 36 0.5
18 27 0.7
18 20 0.9
18 28 0.5
18 26 0.3
19 32 0.1
20 37 0.1
21 24 0.3
21 30 0.5
22 27 0.1
24 38 0.3
26 39 0.5
26 28 0.7
27 38 0.1
31 34 0.3
33 34 0.5
