40 80 num_nodes 40
0 13 0.1
0 38 0.1
0 28 0.3
1 29 0.9
1 19 0.3
1 16 0.1
1 35 0.3
2 11 0.5
2 18 0.3
2 15 0.5
2 3 0.9
3 15 0.1
3 11 0.3
3 10 0.7
3 26 0.9
4 10 0.3
4 16 0.1
4 21 0.9
5 27 0.3
5 34 0.9
5 9 0.1
5 38 0.1
5 31 0.5
6 34 0.1
6 29 0.3
6 26 0.9
7 10 0.1
7 15 0.9
7 9 0.7
8 39 0.5
8 13 0.1
8 36 0.7
9 10 0.5
9 23 0.9
9 26 0.7
9 18 0.5
10 27 0.5
10 33 0.7
11 24 0.7
11 13 0.7
11 20 0.3
11 19 0.1
11 31 0.7
11 21 0.3
12 34 0.7
12 24 0.5
12 39 0.1
13 21 0.5
15 24 0.5
15 36 0.3
16 39 0.1
16 33 0.1
16 29 0.7
17 26 0.5
17 21 0.3
17 18 0.9
18 20 0.9
19 21 0.9
19 22 0.1
19 30 0.1
19 20 0.7
20 30 0.5
21 31 0.9
22 33 0.5
22 25 0.3
22 29 0.3
22 32 0.5
22 38 0.7
23 30 0.5
23 26 0.5
23 37 0.7
24 37 0.3
24 34 0.5
25 34 0.7
25 30 0.3
28 39 0.3
29 39 0.3
29 31 0.5
32 39 0.7
37 38 0.3
