45 90 num_nodes 45
0 38 0.3271372667967338
0 24 0.2378849997013993
0 14 0.8128642191281609
0 34 0.9437563420210033
0 17 0.09156970863546599
1 31 0.08858197546598234
1 20 0.8966492493787231
1 27 0.9677306507091913
1 26 0.6795210977478771
1 30 0.3792575015160524
1 14 0.4914991598314453
1 28 0.3486045370716243
1 7 0.17661918395302434
2 30 0.8295464320677428
2 19 0.3893702901416033
2 43 0.5554106028209532
3 30 0.47080244913414615
4 16 0.9578430535387523
4 5 0.04629280219222631
4 18 0.011974415407523309
5 28 0.4054219585173786
5 11 0.14573186172454844
6 13 0.6442274152931516
6 37 0.544700637438434
6 11 0.08100732410352007
6 10 0.7830682389763591
7 31 0.30272883832005293
7 21 0.593811235259609
7 39 0.0508086952938015
8 36 0.3259273134599012
8 32 0.2852400676745869
10 41 0.28904247643333925
10 32 0.18074236752912198
10 42 0.8398446607003083
11 23 0.306942277336533
11 40 0.750889512094384
11 22 0.4428054477311961
12 19 0.1979856014003618
12 34 0.46836812332997024
12 35 0.9623315065786484
13 43 0.45119263664703635
13 27 0.14070425362550498
14 17 0.4404142478137053
14 33 0.5911217167141284
14 35 0.4690443383432923
14 22 0.45675335127066874
14 43 0.4291414680125015
15 25 0.8503215631103721
15 17 0.9075716847698547
16 35 0.30391925363000305
16 33 0.5905597053610052
17 42 0.5596465057980213
17 41 0.15751102629716784
18 29 0.062187185020783464
18 40 0.4878366684582973
18 37 0.09322818602501615
19 24 0.8889268814954596
20 44 0.8122473457775061
21 39 0.4324206403079818
21 26 0.9429197029681867
22 36 0.47136412114448734
22 29 0.6386188698946914
22 31 0.38592515465022514
22 26 0.6108884790438388
23 43 0.036365154534137134
23 31 0.21320634705979558
23 36 0.07127550901001112
24 41 0.8404478343903059
24 27 0.8379933196642063
25 37 0.6437799760868033
25 33 0.6856184053803919
25 32 0.6606341921019876
26 42 0.6189605612285002
26 32 0.42838057634856297
27 32 0.03230091815205116
28 30 0.3193444360290436
28 44 0.3141863056447788
28 31 0.8661157352245085
29 38 0.5134337062110423
30 31 0.74037668939728
31 32 0.3989287091943292
32 42 0.617526170993105
33 35 0.4644147099863126
34 41 0.196296631850028
34 39 0.271912431011199
35 41 0.7719788603979423
35 44 0.5743267056514332
35 38 0.7328630758215331
35 37 0.49965910068897446
37 39 0.8096634019363038
