45 90 num_nodes 45
0 12 0.2977941472617359
0 24 0.5280829204885795
0 2 0.3627790087682836
1 2 0.7796065750978814
1 14 0.5706487427601565
1 5 0.3533579047546702
1 23 0.10258723484981347
1 31 0.7339013435234812
1 28 0.7989101156603423
1 44 0.7088557718834508
2 38 0.2504484916320071
2 27 0.43487263844736535
2 37 0.6089790043382605
2 16 0.9153017015285676
3 5 0.5916163466120838
3 6 0.4608367463114662
3 17 0.2211713041689538
3 13 0.7810345721425025
3 23 0.8267942454586533
4 21 0.12589107016110845
4 7 0.08622915128704489
5 23 0.1899866986454053
5 14 0.3827009802374498
6 43 0.642932378134953
6 20 0.4848595175555873
7 40 0.16988665294010086
8 11 0.18303331285628277
8 33 0.613629557414034
8 16 0.4696447053971614
9 15 0.24092363962836194
9 30 0.19210283568830566
9 20 0.27728832735140774
10 42 0.24868202244772775
10 27 0.25488935732436757
10 35 0.9033347108151961
10 28 0.639084640943264
10 44 0.532926490153215
10 11 0.2608842461137306
11 15 0.4999991156411373
11 20 0.5223003336669844
11 28 0.5255845830825373
11 23 0.18434066761532597
13 38 0.3034973429003285
13 31 0.7853782532079632
14 20 0.1659301310677982
14 37 0.15492419707345528
15 31 0.3298921873818058
15 17 0.06514540098065169
15 43 0.5089399313246395
16 19 0.0439955427682307
16 21 0.2260205884859342
16 38 0.2865502297437138
17 32 0.23639886763324902
17 31 0.8854708415600984
17 39 0.5588064305792549
18 21 0.18764763666465967
19 30 0.870939845702174
19 32 0.2435961484705207
19 26 0.07863797937480288
19 28 0.5991228207869527
20 24 0.8884129784178982
22 23 0.11264405782706843
22 42 0.20921410220895942
22 36 0.7342008978819436
22 39 0.3457528497613388
23 32 0.030414751605228108
23 29 0.5572030305739063
23 37 0.27167080979560654
25 40 0.48298974101475844
25 29 0.9562766858357595
25 39 0.56858462468671
25 37 0.3963925315183501
26 33 0.07553092479048928
26 41 0.9139550930719437
27 33 0.13554823047815
28 34 0.49635146043445555
29 35 0.7012109799939696
31 42 0.31527247853966345
31 32 0.6540903728162917
32 41 0.45834160408766256
33 41 0.870802995195836
33 35 0.4495603082585281
33 44 0.23801030240629006
35 43 0.6538705630522943
35 38 0.9819732969787105
36 41 0.5242479485045313
37 43 0.31432659337499147
37 39 0.3003499586886953
39 43 0.1088529053103926
42 43 0.26859437568012834
