45 90 num_nodes 45
0 15 0.7449045378441626
0 8 0.528088713464349
0 13 0.8085224099344492
0 38 0.4026032309976698
0 28 0.7725131708517798
1 29 0.5512156842702709
1 19 0.7116007659755286
1 16 0.3047734181192283
1 35 0.12904780676165784
2 11 0.4696628333377384
2 18 0.3571257200165935
2 15 0.7872252280338645
2 40 0.3985712785006401
3 10 0.6901864125798998
3 11 0.6440001152789322
3 9 0.5945212674518688
4 8 0.8984801277284233
4 16 0.06206348429826403
4 19 0.5902454272823519
5 27 0.2993957283025378
5 19 0.7926610354774919
5 40 0.47875408030364597
5 38 0.3512234863739473
5 11 0.48102686616547896
6 36 0.6062157988505184
6 29 0.01853568180598275
6 10 0.7145390907559149
7 23 0.20556922736803396
7 15 0.17242194121852128
7 9 0.2720620987745259
8 28 0.8997169903859225
8 13 0.9701959800299929
8 36 0.5473512472042962
9 10 0.5685774111286824
9 23 0.25188437512579764
9 44 0.8153494676918953
9 29 0.8439950570359696
10 24 0.8443280926878469
10 13 0.07840221306962802
10 18 0.6391619013300561
10 39 0.28147556306351973
11 17 0.2952841513326169
11 44 0.5497482751577917
11 20 0.7592430862358996
11 19 0.3147798291453032
11 40 0.42837822608457543
12 20 0.8357708473687785
12 24 0.8539554751574359
12 39 0.05926032581507801
13 26 0.712236787361068
13 40 0.976896311853247
13 21 0.9495048465863297
15 41 0.9777940833913614
15 30 0.3183007534662925
16 39 0.6564021609449627
16 33 0.7470315159430325
16 29 0.35503409563724897
17 21 0.49904473275140215
17 18 0.7692591175228047
17 31 0.6726620921369239
18 26 0.7020682190546473
19 21 0.8242395480659046
19 22 0.1959128431175674
19 30 0.2144098370081131
20 43 0.6629747238909486
20 30 0.6156593072453981
21 43 0.46569343819960096
21 31 0.8979264438110942
22 44 0.1666447408605508
22 25 0.08004712159807525
22 29 0.5731676551540837
22 32 0.1870370589513436
22 38 0.8143962334147415
23 26 0.9078613919275347
23 37 0.23492767108449053
23 27 0.8748482827065964
24 34 0.01968686599726943
24 37 0.9202690663839824
25 34 0.2354499119440232
25 30 0.3278866973200346
26 41 0.8345489080091804
26 40 0.7232994495501701
29 33 0.9630781211607994
30 44 0.4181110702624282
31 44 0.06342041252782626
32 39 0.46846222770171286
33 41 0.8410327935168711
34 43 0.28424050713034776
34 44 0.07589785512619707
37 38 0.7379738670230754
