30 45 num_nodes 30
0 28 0.04878697485523975
0 22 0.5593974261448275
0 10 0.05987480639368281
0 23 0.7887757631198196
0 29 0.03787676811326901
2 24 0.247319004897253
3 8 0.008876796397007891
3 15 0.8219716062695076
3 28 0.8849876260039965
3 5 0.24550378458337352
3 23 0.7980106584223986
4 18 0.5846328217628426
6 25 0.18118652136562097
6 13 0.2678785512563219
6 21 0.2643786993517788
7 18 0.3819582752374949
7 16 0.14602523015594848
7 11 0.1571978987126107
7 21 0.7147563097663696
7 24 0.6365005984185709
8 14 0.5644452176671155
9 14 0.785283015850221
9 27 0.7508251496179859
10 28 0.9966149546751623
12 20 0.3338396349005045
12 26 0.8657712166164132
12 21 0.06148848662216544
13 19 0.8537325305597705
13 26 0.5549026805172943
13 16 0.8490923268916574
14 15 0.8091994951606584
14 24 0.9413077030488718
15 24 0.8649942235333374
15 17 0.04463931567128254
15 27 0.7419534618093949
16 29 0.9111861573049584
17 20 0.20807076945041836
17 29 0.9595107465895595
18 28 0.4316885231237506
20 29 0.16490241699769614
20 23 0.83686592182416
22 23 0.09540106301925488
23 25 0.1912247286685098
25 27 0.0865691425787849
26 29 0.47151690042020844
