30 60 num_nodes 30
0 27 0.8439803764044683
0 7 0.010144232496077765
1 2 0.6136297229547724
1 19 0.3157479809760626
1 28 0.35406432114418185
2 11 0.5279803060028454
4 5 0.14816911477705663
5 26 0.28139474889972127
5 13 0.18531061453549968
5 17 0.6384587960204114
5 7 0.8517656444364492
5 10 0.4912130875174253
5 28 0.9115416260014119
5 14 0.8424297483193195
6 19 0.5121106243181858
7 16 0.34983275518234147
7 10 0.5792433609154972
8 9 0.7619323123396519
8 16 0.4535094383312608
8 15 0.8576463564797596
8 19 0.5885980374248682
9 15 0.46853037811195464
9 25 0.4817562409358763
10 29 0.38123296075392055
11 17 0.19278031317071986
11 14 0.3781811549805276
11 16 0.6751989099884441
11 25 0.8684922696261119
11 18 0.0008977283189730567
11 27 0.39046351949595814
11 21 0.5360789026312839
12 20 0.30955825175333207
12 29 0.40538997683608335
12 24 0.947300025265355
13 28 0.031344800673983264
13 23 0.8049305034202741
13 18 0.7158526473687369
14 29 0.16349848095254427
14 25 0.7812066472996395
14 20 0.1882036413148822
14 28 0.14940042678739562
14 23 0.9517123979370471
15 29 0.5302862528388368
15 21 0.6317649745328685
16 27 0.6996202925011914
16 28 0.25604017068049
16 29 0.5166251580823733
16 17 0.4353289684542134
17 21 0.5552477050085219
17 29 0.1122022039186008
18 21 0.8239501912341275
18 23 0.635991107546105
19 20 0.130842161558823
21 27 0.9240243638476067
22 23 0.5761763301909154
22 26 0.2628415883197225
23 25 0.5326160836499783
24 29 0.894380009355749
25 26 0.254781021752415
28 29 0.12967725141831155
