60 120 num_nodes 60
0 58 0.150753208578008
0 42 0.04389238095710091
0 19 0.4437626994376983
0 21 0.39116422980414234
1 52 0.21004306922428628
1 59 0.02566058075634481
1 9 0.23970906553631233
1 24 0.07144439405040415
1 37 0.7873547787678439
1 23 0.3077816934381138
2 37 0.5317264555485142
2 8 0.5040933759568932
2 38 0.7016842560003541
2 24 0.20329828446214893
2 15 0.7740164923796833
2 12 0.5960531092064552
2 55 0.4957614612886726
3 40 0.03170097113806958
3 43 0.6227769756510062
4 38 0.7878273562302015
4 49 0.017039498091660388
4 7 0.3614531987151548
4 51 0.3374865936405993
4 6 0.13400049240633227
5 22 0.19948670425233916
6 23 0.8118451403660941
6 36 0.4032470638101743
6 35 0.929982023321398
7 55 0.40971558162659694
8 34 0.12161956554212794
8 56 0.4740681028552144
8 23 0.724600069188686
8 40 0.874127713591576
9 55 0.42217544475331514
9 44 0.1412813073971535
10 48 0.6486574203350937
10 44 0.665505959826646
11 20 0.21645897100088374
11 23 0.9506438073929442
12 14 0.4434315962407962
13 31 0.3080892168947854
13 40 0.4962925868127195
14 40 0.9282766080812908
14 37 0.7523589152674027
15 37 0.746797823210197
15 59 0.5823180871527747
16 35 0.6662745944322072
16 43 0.5676582094690239
16 39 0.2875224107617941
16 33 0.648157668478799
16 40 0.453490006243373
17 55 0.6921707356653758
17 54 0.06850622349947066
17 18 0.9135307783485571
17 32 0.053707580671193855
17 45 0.10463611456453448
18 27 0.6071659608621482
18 26 0.96340095502461
19 49 0.1552581577039257
19 26 0.9206890473040731
19 27 0.874463492099504
19 35 0.7284666582011402
19 29 0.3203153910186307
20 34 0.9612844921805481
20 21 0.8337446824578812
20 37 0.1465803830325797
21 57 0.5800836034917237
21 35 0.4728296585724582
21 40 0.13732274587411786
22 34 0.5332403544747393
22 29 0.12213010174805217
22 38 0.2750664228319306
23 58 0.038227402570474966
24 47 0.341452198746957
24 56 0.9542969493926021
24 36 0.7624902618193066
24 33 0.6843712817971777
25 40 0.7603605222167872
25 46 0.7917131006409185
26 37 0.7652841682876889
26 57 0.3300355777657007
26 49 0.9269642908370461
26 50 0.07500527241628607
27 58 0.29914446727859634
27 49 0.9429162623406318
27 40 0.1294093750682146
28 59 0.13255706672243983
29 55 0.15918950852422342
30 38 0.04559635370437498
30 53 0.218529217410244
30 45 0.11618468563625428
30 35 0.2724252373575733
30 54 0.626371191827177
30 40 0.7671571495740339
31 47 0.9878235307884721
32 53 0.06329972500418946
33 59 0.7667013417658112
34 53 0.013185787874580801
34 38 0.9831765083743607
36 51 0.2690336932626919
36 57 0.48631532405840006
36 53 0.452464187094917
37 40 0.0013999693115992473
37 45 0.10700019516071102
37 39 0.7677322759602734
37 38 0.7008109046460276
38 42 0.21395141511804872
38 43 0.0945254826890527
39 48 0.3979526947199722
39 51 0.46249509429306135
40 54 0.25031482292178164
41 45 0.8300273550278023
41 55 0.02626540791167087
43 58 0.6181135074674485
44 55 0.921037734445817
45 50 0.7497352497468188
45 46 0.5050815710428209
46 58 0.09113685608496214
55 57 0.7541213794764878
56 59 0.22715723909723662
