30 60 num_nodes 30
0 2 0.3902231592157097
0 29 0.06068537211363478
1 7 0.11120627155811857
1 25 0.5650990511856148
1 2 0.7924023625228961
1 26 0.548939851913502
2 4 0.5861543030967747
2 11 0.3176333596866273
2 8 0.10137728745995822
2 13 0.24891887705771532
3 23 0.1857147727791142
3 26 0.7512142923785612
3 10 0.5979497363828072
4 10 0.6420574728683417
5 24 0.9302685805419041
5 6 0.9593836292414272
5 7 0.2347900982523542
5 14 0.6322263136342993
5 11 0.2728523965312385
6 8 0.21469726401743328
6 13 0.8624731856055393
6 21 0.20810749666381434
6 29 0.8579452877501219
6 28 0.2521394838978289
7 9 0.5414540525099879
7 15 0.7315915019897419
7 22 0.08121370850976062
8 11 0.11694466126520853
8 25 0.7600660192366119
8 26 0.8480345859472257
8 16 0.1290225294982701
8 14 0.879558449294627
8 24 0.3872138850021094
9 29 0.5265202472632504
9 26 0.6110170209327301
9 18 0.5543559048554919
9 27 0.5264187436486943
9 13 0.48332026985386145
10 21 0.7094709656582225
10 18 0.6809211513525385
12 15 0.5919230856702749
12 17 0.46535754882839586
12 16 0.6761853097112763
13 19 0.014201164627542506
13 23 0.5786741289258307
14 20 0.29317884243518466
15 22 0.5601371638092981
16 17 0.4275441509891684
16 24 0.7402449435999132
17 27 0.918284150079037
17 20 0.8354615623333141
18 19 0.12759872572669362
19 27 0.21984261338752087
20 26 0.7873831062567999
20 27 0.6796322499409341
22 28 0.5030107446213915
23 27 0.22588598113906533
24 25 0.5886261666781742
26 29 0.10331143112928742
27 28 0.10677379525670838
