60 120 num_nodes 60
0 46 0.09885014669356929
0 55 0.990943411218511
0 13 0.8762348821168757
0 38 0.7727984515241995
0 53 0.5317324778413618
1 33 0.8526714915821018
1 19 0.33250064145090963
1 47 0.37076426811684204
1 25 0.6549440351515827
2 28 0.788771965068639
2 27 0.5626395011641872
2 25 0.872121753102902
2 40 0.12086169184573148
3 41 0.06346851252856744
3 16 0.5723097982972079
3 46 0.5682994363348418
3 58 0.4129211316756405
3 54 0.6886549117732207
4 51 0.7497673612267755
4 21 0.26834993479406144
5 13 0.7525064947231151
5 34 0.9566339914774459
5 40 0.19307797867481802
5 38 0.66918208404599
6 34 0.6504593427650789
6 37 0.1699029856381873
6 26 0.6055269634163354
7 23 0.37136151893762515
7 48 0.04330661424363902
7 9 0.0070680361937959235
8 39 0.17844277504483574
8 13 0.7301952043971791
8 40 0.9556330327174145
9 16 0.4296660613027027
9 58 0.32573159558749465
9 46 0.7586494153260102
9 26 0.29034432156263934
9 23 0.9010902364718169
9 29 0.9520060285269083
10 57 0.39159945409672225
10 48 0.6463580694378734
10 55 0.7326763130139556
10 18 0.031530429228572854
10 59 0.3740888039483543
10 30 0.9056322447397698
10 27 0.2673495471227064
10 54 0.7221949450631969
11 17 0.5970487608126483
11 13 0.4056142729623782
11 20 0.6391593485269401
11 45 0.12305740705690238
11 51 0.8976832299521871
11 34 0.07653451944119372
11 21 0.3276243164801458
12 20 0.1994892838501604
12 44 0.4805775066615069
12 39 0.3241803571850056
13 26 0.8306920704824495
13 49 0.3394640729928542
15 49 0.7828832038823837
15 24 0.9803308858022148
15 36 0.8526096148920334
15 59 0.5214288472861732
15 47 0.8356096271574803
16 39 0.4615503534345834
16 33 0.2478738627853202
16 52 0.22124736280927204
17 21 0.4555185251379936
17 30 0.4585797062720698
18 55 0.6632436508010485
18 26 0.4012066213191874
18 30 0.659120498705771
19 52 0.5916003821443379
19 22 0.06623318700751535
19 43 0.9368016807560622
19 20 0.0019100883547760183
19 44 0.7002129749018099
20 46 0.7242116594504595
21 32 0.396833427794934
21 53 0.07069563292438186
22 47 0.8199332926273916
22 54 0.5334177550337986
22 32 0.7359014518796178
22 57 0.9041879827477162
22 38 0.6805674289211042
23 26 0.8987809647903247
23 51 0.5870377323586992
23 39 0.5166902972418126
24 49 0.6965856391517607
24 57 0.38233769133775886
24 37 0.6845709835519995
24 52 0.9554159379459671
25 57 0.6017046818713988
28 39 0.6991768795675803
29 53 0.6847719051432206
29 52 0.9371599413183327
29 49 0.7684753167018691
29 41 0.8426312871017339
29 33 0.620854526926486
30 55 0.023586432720502315
30 44 0.09041347892055362
31 51 0.06659795366077337
31 44 0.07033040315100991
31 55 0.21019151927197466
34 56 0.47427039850219777
34 59 0.525305961919588
35 50 0.12887396625216796
36 46 0.7669657618177939
37 38 0.30085762635616264
39 59 0.19796367858430708
40 43 0.599340566416306
40 59 0.5189846251894904
41 59 0.9805187307142189
43 45 0.29481095943572133
44 50 0.7374555575333779
44 59 0.5884475859989755
47 53 0.4173733216575798
47 49 0.19271556826198233
50 57 0.8768341805087662
55 58 0.6108079817849055
