90 180 num_nodes 90
0 77 0.6637202400291577
0 49 0.5492551675850113
0 68 0.37858009559013694
1 48 0.4069013208033665
1 29 0.7934282216752557
1 35 0.2444348069467296
1 16 0.9656362094071127
1 78 0.10358616768480833
1 85 0.9789769376399126
2 3 0.4881428401827316
2 53 0.6221835529856127
2 57 0.5859251465032927
2 28 0.031656914736628794
2 50 0.07097123146989737
2 63 0.4392615305916282
2 20 0.6285058113803611
3 62 0.5246146858148399
3 40 0.3136515130643115
3 54 0.05808647656111687
3 60 0.1573261331298631
3 29 0.5690653906089256
3 14 0.9715536135689891
3 50 0.17569292376560264
4 61 0.2631505537030637
4 86 0.9900487059858563
4 18 0.48522784286190623
4 71 0.852236086755842
4 65 0.22407418874542728
5 39 0.17278398944558337
5 8 0.16726871846709468
5 52 0.7011976947613674
5 37 0.5895547632846011
5 14 0.09438738919217005
6 39 0.19323091164491313
7 61 0.06759715717220438
7 38 0.6964410614642462
8 32 0.8431362717663227
8 37 0.291584119040016
9 10 0.5534102093839015
9 48 0.1418629418580819
10 17 0.4581339332203026
10 34 0.4537657269335119
11 56 0.24294169280450528
11 23 0.6234976103937625
11 52 0.7219328270890732
12 26 0.2546525266358164
12 23 0.47242272891866466
12 44 0.9099314310474158
12 86 0.654228783451468
13 75 0.8852984732200577
13 20 0.40414327962065233
13 32 0.591160960847848
13 63 0.9675823255619642
13 41 0.650703251939832
13 35 0.3981064289573918
14 79 0.7815864670539514
14 37 0.9615053845443632
14 43 0.2266724434644276
14 58 0.3312010754518313
14 20 0.37338847304823397
15 63 0.6164180802700167
15 42 0.9372326874193362
16 65 0.020973475250510965
16 27 0.5715385383526996
16 18 0.995576561172588
17 72 0.9311943858402885
17 62 0.8706068989122248
20 21 0.3127840679789545
20 57 0.16948515116630247
20 53 0.640113356094024
21 82 0.07076222037128588
21 64 0.7098358027096214
21 84 0.5599745520611753
21 79 0.9739278050813815
21 57 0.2748482630564395
22 46 0.5696391986583351
22 81 0.09139674161663514
23 44 0.3278356942126679
24 38 0.8473809930371325
24 33 0.5632624930569871
24 75 0.7070566413970201
24 30 0.6607212048495785
25 69 0.3249211846576675
25 70 0.09634625263902163
25 48 0.5967185852005601
25 41 0.7007868699151284
26 54 0.878681334584423
26 65 0.08213728264357434
26 73 0.991242217013899
27 87 0.949001394593872
27 75 0.6745113995188027
27 34 0.15173741322032097
27 68 0.8122898674854931
28 67 0.92875679047367
28 86 0.8093217595281165
28 80 0.1893994429015926
28 57 0.35930115149475395
28 72 0.4720491562339453
29 34 0.27917077357105313
29 70 0.7569974494535013
29 44 0.39168809659722537
30 68 0.02855341852328319
30 77 0.19248223447086665
30 87 0.1562619693119548
31 51 0.37550556996722007
31 34 0.879995979007884
32 70 0.025355466458774845
32 67 0.247906765248597
32 72 0.7684094186379254
32 47 0.3540620069018344
34 84 0.7242975443876589
34 82 0.8481451033825369
34 42 0.4455867886542164
36 75 0.9824242880331959
36 51 0.010839665429654421
37 58 0.9762772054280937
37 80 0.31703696163777073
37 64 0.346243822842758
37 46 0.5951321812601668
37 69 0.8734968552687185
38 39 0.7963199876749262
39 49 0.9979876131813589
40 61 0.7953593641062395
40 83 0.012797665013349668
41 89 0.5672786216055509
41 84 0.1716680571688466
41 78 0.7699464662321504
42 78 0.22706549595911463
43 53 0.2312784927528937
43 54 0.17981534686542322
44 73 0.10075282557796039
44 53 0.9855613196636028
44 87 0.2780856381874284
45 58 0.7037336182916316
45 62 0.16167866646179863
46 72 0.9679410366077152
47 86 0.19765268695268257
47 62 0.39713777339378764
48 83 0.7962988864492478
48 70 0.9970466905245863
48 55 0.19319578571536655
49 55 0.39183788857699353
49 85 0.7796386056252803
50 75 0.028952691373000716
50 66 0.33579776702643493
50 74 0.7252613553670173
51 65 0.08023888071435692
52 64 0.6348924154677305
53 85 0.6333623768129336
53 75 0.2048597079040636
54 64 0.4148513430369315
54 69 0.9459921586315087
54 80 0.34483405431975356
55 77 0.32392468280220255
55 86 0.930495665591571
56 63 0.19227872405538315
57 60 0.628676070571055
57 89 0.738668173848445
58 76 0.10276661959687428
58 72 0.5171136930978818
60 63 0.4385815265591505
62 68 0.6901474544830581
63 64 0.5672720087238118
64 85 0.3803514032902693
64 86 0.4841063271690621
64 76 0.3320399195325785
65 84 0.44183873968231346
66 71 0.6690249024542116
66 88 0.25126636892976684
67 83 0.25938910034261975
68 72 0.6331906764231247
69 83 0.5725056461311364
69 79 0.1897562824757214
70 89 0.9249232808563097
70 77 0.8474423338963653
70 74 0.5940664412946921
70 73 0.4438210704871617
71 82 0.5184231482033542
73 86 0.7242618234353471
75 78 0.737286630306883
