90 135 num_nodes 90
0 49 0.5864821942012837
0 4 0.17661058771190208
0 67 0.11698815494732018
1 24 0.29445689755077276
2 47 0.6985168474619715
2 89 0.9451098434891844
2 12 0.27241278500752575
2 65 0.6835049711347476
2 46 0.6715455471202559
3 4 0.8077082489987166
3 29 0.5396197542703892
3 10 0.987061382630102
3 5 0.6196140524156414
3 62 0.7119675367060516
3 57 0.14407480851058785
3 66 0.9252255056531676
4 77 0.7464091541299448
4 54 0.792680400335079
4 32 0.8902718538899332
4 31 0.21024558259165327
4 19 0.3843105176455168
5 75 0.44366419937517554
5 33 0.253349924868566
6 34 0.45248181280268374
6 53 0.5774544727484479
7 11 0.3423198019390753
7 13 0.5072436125435591
7 26 0.9156629414681304
7 46 0.8961172611606281
7 85 0.3455641628248194
8 14 0.8055939623815206
9 43 0.9849339740971699
9 32 0.5586793736178849
10 46 0.6987431612637952
10 75 0.8691155636027124
11 28 0.44364336576362784
11 65 0.8742265743450232
12 21 0.03136066515710567
12 23 0.2382565909181723
13 87 0.6088499281925919
13 40 0.6367064079645117
13 30 0.8126453513030254
13 27 0.4945597197592839
14 80 0.6590036361474948
14 20 0.6324906120949726
15 66 0.9630722622724759
16 32 0.17995413439627905
16 66 0.0984698100932585
16 20 0.67886512784777
17 22 0.12199134191599337
17 66 0.05912658047880259
17 71 0.49961951173221497
18 41 0.9767944523486752
19 31 0.9990630439516204
19 60 0.1521511646045205
20 55 0.22380851041107908
20 57 0.2189948473643487
20 23 0.2925895017353638
21 85 0.9752354951427088
21 71 0.5892115952348811
21 89 0.5519528876760628
22 30 0.9323136777926831
22 41 0.5043079290410154
22 46 0.35061744891285396
23 57 0.6356810324040524
23 29 0.06479474168140242
26 62 0.1527699361030196
26 87 0.44269966531315874
27 77 0.8573035728489626
27 48 0.4657907386340986
28 41 0.8391370705858263
29 75 0.7788442475160736
29 65 0.051487585443228956
29 56 0.8902059228908819
29 79 0.8726296498284882
31 62 0.9356441782981648
31 34 0.9880847995459325
31 86 0.6350563588940551
32 39 0.36301736047909583
32 87 0.4913262822647896
33 43 0.46317643239276585
33 77 0.4313354521986996
34 64 0.5189374038830905
34 78 0.6472905730345722
35 63 0.9666667412243679
35 54 0.7096715759375355
36 43 0.14392303724830458
38 64 0.6391215331104583
39 61 0.43787681518378985
39 52 0.8774381111153461
39 57 0.07840245940772084
39 58 0.8816669818138723
40 48 0.25445958052877105
44 72 0.877172929254201
44 78 0.8875341112628239
45 46 0.47628261479720535
45 84 0.24482853209729405
46 59 0.5088409309459553
46 65 0.8300017016436255
46 75 0.6256789810777841
46 79 0.12261544419242876
46 78 0.6994315937089949
47 65 0.43339164933467533
49 52 0.6761012886577648
50 81 0.6228828284506663
50 74 0.22375768296001275
51 59 0.47182389659876334
51 79 0.6580338871765303
53 67 0.15484207480242962
53 83 0.2528141443506542
54 67 0.9126346223171623
54 55 0.3855138653603688
56 69 0.5203892209643544
58 59 0.6686691880601324
58 71 0.6742921338542232
58 81 0.8821458586830834
59 85 0.272009489453936
61 84 0.8708208873567712
62 84 0.641830720253374
62 65 0.28855847034837145
64 65 0.8268273277965734
64 83 0.5087516212749927
66 71 0.07400337570358029
66 88 0.42971934123119604
67 83 0.01496377576496688
67 74 0.8324192295519119
68 82 0.6473331844714041
70 77 0.07168394759411179
71 86 0.8085656051456057
73 83 0.5698022791741163
74 87 0.506659635048144
74 75 0.4860879888237577
75 78 0.8493353238903619
79 87 0.8076499193230112
84 87 0.47603938887354635
