90 135 num_nodes 90
0 39 0.01564496773396873
0 61 0.5289440304772512
1 77 0.24576039641717917
1 49 0.3103806529799974
1 53 0.5417304870644283
2 19 0.6314689803842256
2 48 0.47001093733945776
2 62 0.8684461948063392
2 86 0.86886962095881
3 34 0.7209662243716645
3 87 0.14683722291336554
3 72 0.019333417131828345
4 17 0.2407985400239766
4 30 0.20089103320554247
4 25 0.6201587129339855
4 67 0.9923643803487211
4 52 0.06007005002620225
4 28 0.7351796904633439
5 38 0.44933477994256554
5 77 0.5186826369471993
5 78 0.8647168359901786
5 43 0.09578044198863889
7 81 0.14073561433350934
7 75 0.28027100387226056
8 74 0.8920374007149496
8 85 0.6756778295029565
8 61 0.8077959271075638
8 52 0.14874303857233495
9 13 0.04462450533661144
10 21 0.9353032309841254
10 82 0.6251923926548822
11 44 0.0648448237619158
12 46 0.1578334651761314
12 13 0.23023917514441783
13 83 0.41518211330298094
13 79 0.3370285612569084
13 48 0.7837536782364812
15 36 0.039183104868565355
15 53 0.857776798290846
15 28 0.9334618457069673
16 69 0.14615911205935017
16 87 0.3438084489089859
16 75 0.6594876542364099
17 56 0.32420664045914505
17 48 0.9551227983971808
17 80 0.27936868883176535
19 81 0.9570905770784829
19 66 0.14436564085819248
19 88 0.24821316636460633
19 25 0.7605154222685743
20 75 0.9721785933646777
20 89 0.28608102454606377
22 46 0.861139217302139
23 40 0.5608458184204248
23 41 0.5733854598060756
23 73 0.15709771775481018
24 60 0.4430283620714849
24 40 0.4023467307359603
27 63 0.1844938301626865
27 81 0.5512598656773585
27 72 0.6952593223899806
28 83 0.05691851316317609
28 56 0.21114062034688208
29 70 0.04282564522445198
29 81 0.9023294939583977
29 43 0.6666518790443948
30 75 0.31382884465742467
30 38 0.8409409862741904
30 34 0.2958973128217033
32 47 0.21329969662744686
33 60 0.6151688590529959
33 86 0.7345612720139587
33 78 0.7051977047437811
33 55 0.3976323113760467
33 38 0.5025679222053969
34 73 0.7278276774535318
34 64 0.19588757810608037
34 57 0.9563253626789318
34 66 0.6515519582066271
35 77 0.26094737915046806
35 64 0.4087302775298417
35 43 0.6907519525512608
37 54 0.4040124221291398
37 52 0.2110512585415687
37 53 0.056941918464388674
38 53 0.5944095516965625
38 66 0.3226780755929288
38 75 0.22501263289092022
39 64 0.12370298422926851
40 46 0.2002368787168849
40 74 0.9297260036378804
40 76 0.43711380279364775
41 69 0.4985112940316353
41 76 0.90738218502525
42 70 0.6616947819180334
42 80 0.06541304704791762
42 86 0.4621624159591604
43 70 0.5847593764703503
43 83 0.06731880390872214
44 73 0.09599859894596374
44 79 0.37611311240366785
44 59 0.10782081718866232
45 59 0.5778732773388472
45 86 0.3787534458806996
47 77 0.13442689026657084
47 76 0.878219907093523
48 75 0.07409322867860724
48 58 0.0005994886845578362
49 54 0.358803743543159
49 64 0.05909908241592421
49 66 0.5662048417670474
50 60 0.4469088983713264
50 73 0.9547961235912605
52 74 0.8352000214810351
52 72 0.03911447118614275
53 81 0.7361537847532793
55 80 0.9260091384469196
55 81 0.7692587731023642
55 86 0.7583567159921777
55 71 0.13456540570141806
58 80 0.5305966611605494
58 84 0.31796819919560737
60 80 0.8988136786493801
60 76 0.19323185335892978
61 81 0.28139707707012274
65 79 0.2799072340957701
68 74 0.8804978258033759
68 76 0.37723262994720497
69 70 0.8643794938160116
71 87 0.38905816325855036
72 73 0.4091040951764736
75 78 0.02815599625379739
76 82 0.8598277669121461
83 89 0.23554696800703412
85 89 0.46325894773285237
