120 240 num_nodes 120
0 116 0.8108528654769789
0 27 0.4670324277636958
0 90 0.7735288633854825
0 21 0.6482950530034319
0 80 0.18751284183134542
1 73 0.20384713847421376
1 78 0.3301473208492137
1 115 0.6344079187932915
2 8 0.6519476354044222
2 41 0.054691996374083174
3 118 0.8817532888361687
3 5 0.3319079457366717
3 56 0.1623735894813595
4 15 0.9968057723915154
4 62 0.3690989493347412
4 24 0.39252122038755854
4 32 0.684035135417639
4 10 0.19973289179569853
5 102 0.8074449540139987
5 10 0.12545122657809793
5 46 0.8130709749356398
5 69 0.09217504396295217
5 63 0.43117198800304135
5 24 0.045820480192116264
6 41 0.7586359922995873
6 70 0.10732560570616545
6 86 0.7880082935687108
7 28 0.22148616243000852
7 107 0.71578913704736
7 14 0.4208032545239545
7 111 0.219393666824238
8 52 0.6628396962272118
8 56 0.5247002930995953
9 104 0.482523815829621
9 63 0.1499104006146711
9 10 0.7510621006432815
9 12 0.873851948305486
9 67 0.4606584578753983
10 114 0.18252676883803465
10 98 0.17169465954502572
11 19 0.1299541737121056
11 47 0.5467770599918894
11 35 0.5392691363142843
11 49 0.7867577315809162
12 41 0.11461922433002647
12 56 0.4463839199196652
13 92 0.07331058618048825
13 105 0.02261943392472565
14 72 0.6396975631381075
14 50 0.6015619133973084
14 62 0.879453130985892
14 117 0.48254080287083534
15 42 0.3264022433853241
15 54 0.4091317689558145
15 69 0.39143888682768935
16 79 0.11495327020097501
17 32 0.3962389966365709
17 99 0.28787460876942295
18 43 0.2229331903880677
18 33 0.7690390626220334
18 32 0.3827054301335375
19 99 0.00036426214097617926
19 77 0.07657808601141924
19 41 0.1600300484745194
20 57 0.8764524084861384
20 42 0.4130110530360518
20 118 0.035937874973577255
20 85 0.4169760194167996
20 111 0.5993365527722498
21 24 0.5791947142479645
21 58 0.32467285469445695
21 94 0.17587734032706526
21 118 0.4427647018614893
21 88 0.6065697661297625
21 47 0.13682489736989145
22 99 0.900026707979977
22 31 0.5224284276158456
22 119 0.12260711237637467
22 90 0.49245276007269057
23 45 0.6927695455254712
23 110 0.6498178978770035
24 52 0.26901078405434964
24 114 0.9627651599548689
25 86 0.916632968683723
25 116 0.24255348736002458
25 115 0.8437382665957294
25 61 0.959883690528419
25 30 0.48163979920746947
25 112 0.19839925058186603
25 81 0.909538282009842
26 54 0.10668316979570669
26 117 0.34384242399931775
26 67 0.5796494627885919
26 55 0.7798400989168102
26 48 0.178960035691335
27 33 0.17914517416402664
27 63 0.08286358499414093
27 67 0.4991497095331382
27 102 0.9459823246727511
28 53 0.7355604804297626
28 112 0.5316832203984737
29 39 0.40354939887016084
29 90 0.7271998331250367
29 98 0.7937390606443977
29 49 0.06648135244126352
30 38 0.9652058976636316
30 110 0.07340903125304765
31 60 0.6373725974887715
31 41 0.4952452676219271
31 56 0.19386481692766877
31 32 0.10498873375777895
31 66 0.47907838444641737
32 112 0.21507520529837232
32 77 0.3695327305753431
33 103 0.905465039387968
33 104 0.22237147599381113
33 43 0.8174232858215053
34 102 0.6373384755956796
34 43 0.7146526980853464
34 98 0.10424526503927622
35 46 0.8735924134215297
35 66 0.17704379048423657
35 56 0.28013038972435
35 97 0.5215859027167702
35 109 0.5010034434915153
36 55 0.7599789043447439
36 94 0.7263982128722744
36 41 0.013707554743870753
37 117 0.7211233224283611
37 39 0.5979313730189674
37 73 0.1271724578982355
37 58 0.7654289566196919
37 79 0.0412870034981806
37 56 0.1708091013501265
37 99 0.8581784576536989
37 43 0.35910481747325484
37 45 0.3651234261039815
38 107 0.21053031833853297
38 119 0.4115636658304356
39 108 0.7329811678589391
39 100 0.6017582666581599
39 82 0.4939280312235955
39 119 0.19965085087725376
40 72 0.030985962225168473
40 82 0.8257539819126393
40 69 0.18720405233401183
41 75 0.08962338696099481
41 86 0.8338462228180026
42 77 0.8665319170996916
43 85 0.49869392732201756
44 105 0.11371655463344355
45 89 0.8790750535098437
46 100 0.34347593415039945
46 102 0.31069424221269426
46 113 0.6235121863096885
46 84 0.8050082600342926
48 76 0.40600000780173895
48 100 0.8727538188165869
49 64 0.11718783410352163
49 118 0.5626402254983982
50 61 0.5097986079941835
50 118 0.4724692613717447
50 115 0.6974379389632455
50 56 0.32994468776870955
51 70 0.6793292923822151
51 115 0.29236519108907877
51 95 0.11560754034005205
51 109 0.07319734441197479
52 83 0.33461531029283775
52 56 0.10663054906728764
52 108 0.5250777182791916
53 111 0.9095162724967878
53 104 0.124168063208148
53 109 0.1681157396725782
54 76 0.6379079760891401
54 106 0.049606310284396105
55 95 0.35603744568863327
55 65 0.5844756911285444
56 100 0.6124046237542945
58 69 0.27843900214741346
59 80 0.018939491222242366
59 81 0.17877792862752517
59 100 0.1249732503085994
60 89 0.5161753449793418
60 84 0.48218068581966644
60 72 0.1471414591715795
60 100 0.17023461256486605
61 107 0.5919265164397465
61 76 0.9797638299985723
62 74 0.513018808771565
62 97 0.47857359938497257
63 110 0.6173446140168167
64 111 0.4084182602890095
65 97 0.9819550045161705
66 68 0.814963616598176
66 112 0.6341404836264715
67 106 0.41845885808778893
67 117 0.9754499001358327
68 82 0.554098744608057
69 115 0.7841953127342027
70 110 0.9293012296206304
71 81 0.375923790935874
71 99 0.4013864845336992
71 110 0.9633289227711659
71 102 0.30322584980695244
72 116 0.20474519744724828
73 115 0.26230807387888955
74 78 0.2549379527617365
76 86 0.4094349864543829
76 89 0.5363409519330183
76 98 0.6198013843569055
77 108 0.10584644114448605
78 116 0.8076197768359479
78 79 0.6600769506448739
79 87 0.2673709937606743
79 102 0.5244197968340787
80 111 0.04401529584994479
80 81 0.518799264213493
80 85 0.7957894666445336
80 112 0.040832860768598045
82 106 0.5827622422073768
82 113 0.1859785428325189
83 102 0.19851334756476968
85 109 0.7625453817920882
87 102 0.8356567275442451
90 112 0.4246976488455566
91 95 0.5223097883688973
91 99 0.7357120440114564
91 100 0.9830738346836747
93 109 0.1892205416918098
97 102 0.4643653087865077
98 103 0.41160149543661684
101 111 0.8753629030638624
102 115 0.6262998352933031
104 119 0.08959651471204932
104 114 0.17921870577655374
108 112 0.4196710449720604
110 111 0.9343992090597658
111 119 0.7223851548507182
114 118 0.5022813146613617
