120 240 num_nodes 120
0 111 0.6957841530676192
0 26 0.28706050872515865
0 76 0.6004815847486666
0 47 0.6185366879408437
0 84 0.8654472949709618
1 93 0.9381582325299109
1 107 0.8095607039032173
1 109 0.39585279600106904
2 38 0.27703158193649435
2 95 0.6640781310368197
2 51 0.43522978671897017
2 40 0.8756427724602962
3 67 0.02734017476401196
3 25 0.08346967584789777
3 15 0.25437922159898163
4 55 0.540388139064983
4 51 0.7158265761668641
4 81 0.3287338251177667
4 84 0.37723339781118626
4 70 0.10547277706324432
4 47 0.5650371956783586
5 57 0.9613098028084581
5 60 0.374077759680825
5 37 0.09929482134153467
6 83 0.46716792896065384
6 92 0.30852491543262095
6 114 0.7970619269569199
7 32 0.5653245271585061
7 117 0.31823915126289015
7 108 0.25912910286547497
8 42 0.21847227450789053
8 43 0.12569861645786196
8 46 0.15699998508462198
9 102 0.7115341277802539
9 75 0.7462564317673314
10 80 0.8682331451675142
10 76 0.3164447877320071
10 92 0.28860403997190076
11 26 0.37235462618018234
11 69 0.6424858010099518
11 62 0.14154496110332415
11 44 0.7421912915832031
12 38 0.9738981083514382
13 69 0.08193193528028075
13 75 0.3931183300937954
13 52 0.1617822631444662
13 48 0.7816235226535715
14 47 0.10860412127185892
14 18 0.5621152111847508
14 17 0.0508780429285447
14 88 0.4505373194862352
15 96 0.4416244201116013
16 26 0.23638900809663255
16 80 0.9902612264055799
16 53 0.8910306154962065
17 79 0.6695820842938983
17 77 0.7735335121953322
18 33 0.5194473945772682
18 117 0.045459447879815706
18 53 0.7508067723794908
18 58 0.8637211238223572
18 66 0.49099996562547443
18 59 0.43397353742989697
18 69 0.9677518325203252
18 61 0.5009005815054297
19 92 0.6319291035684819
19 47 0.46703568826076314
20 115 0.2848659049403929
20 97 0.4481159968063926
20 61 0.5114715882745384
20 75 0.1955280548349997
20 76 0.47074031202014666
20 116 0.9432167844811702
21 111 0.6454529460109175
21 37 0.5481931116866482
21 119 0.6574702972409819
21 55 0.4899524669468941
21 109 0.0030049914190730664
21 67 0.8537626154186753
21 53 0.7195766452830387
21 28 0.6339003645097464
22 90 0.40662375441747156
22 102 0.9911996489827701
22 68 0.221871647627496
22 74 0.08269058621696912
22 107 0.9226873633074208
23 35 0.9781744028174532
23 26 0.8049794409644015
23 40 0.9838695448391671
23 90 0.3864668546544283
23 43 0.4862164771236708
23 83 0.9976598069089355
23 87 0.9400828425528961
24 61 0.2837374500834893
25 40 0.004914638239822744
25 88 0.24440089664057307
25 79 0.6540883896157967
25 107 0.3205463513251522
25 61 0.6778397934734997
26 30 0.033068738216971316
27 52 0.6723260555818397
27 99 0.4331043042796685
28 97 0.2877593232175194
28 63 0.6330922521822784
30 94 0.514997884277614
31 99 0.7616368462234148
31 48 0.3225507306729707
31 73 0.8877608198325841
31 118 0.8402708773791316
31 56 0.1269279041377509
32 79 0.42452746791966534
32 67 0.9825500595243168
32 105 0.12604746857885007
32 99 0.3845395411374224
32 53 0.9203214882551956
33 62 0.6734775551509266
33 94 0.9299330727693578
34 65 0.5443873870745785
34 92 0.8398050651164638
35 43 0.6030163760260738
35 61 0.17842067671967854
35 106 0.7984045724465192
35 59 0.6227733944415933
35 82 0.8105891717923792
35 109 0.654993593599046
36 104 0.5438192049988329
36 88 0.7237997697648719
36 118 0.6917511835358885
37 110 0.7781347156197899
37 53 0.4747859191440498
37 60 0.6320898025929423
37 91 0.6187247048776829
37 69 0.1657664635107694
37 74 0.6112784267306236
37 61 0.5646704876488242
38 104 0.36144878478714004
38 79 0.8107859814204545
38 63 0.7500000752578135
39 45 0.5394261282795995
39 104 0.3603525531533085
39 87 0.8150606694168213
39 40 0.4732988653413569
39 88 0.879726858169893
39 97 0.3632945638680827
39 62 0.7473025535529841
40 93 0.29857968808568847
41 85 0.21224111808866175
41 72 0.33818259741647316
41 80 0.4645065148025094
42 107 0.46648650027539473
42 46 0.3981116310766717
43 65 0.7785760005869692
43 83 0.6051195406324097
44 65 0.8381075486343494
44 76 0.4059648409584742
44 45 0.4216465804352004
44 94 0.2768996596180272
44 118 0.8964265186465675
44 48 0.6792189699538319
44 51 0.7561672378101514
45 94 0.8701793567244818
45 108 0.6516449069523722
45 114 0.0994673945819291
45 99 0.3414388588964916
45 104 0.6852303064554666
46 53 0.7106291141596741
46 78 0.9982312646374291
46 71 0.9222054503761253
46 119 0.9242037915452146
47 102 0.003633299615797947
47 68 0.01468864986197449
48 74 0.7086649304170741
48 105 0.21297485427915142
48 72 0.5111619315914877
48 90 0.5082011509637905
49 98 0.17864310588487298
49 114 0.4452248889025907
49 109 0.8293498174622427
51 115 0.3950891364554564
52 106 0.36568410576672994
52 110 0.7895131828951253
52 104 0.031439633360825225
53 119 0.8225615119402997
53 59 0.0407618061843007
54 55 0.582453778887747
56 79 0.9584415291516992
57 88 0.9054441596696007
58 83 0.8067859048534862
58 66 0.4547682481314498
59 107 0.2147965803921269
59 104 0.542714833065204
59 99 0.6609877814477932
60 111 0.7531234928683844
60 61 0.8332828770461098
60 70 0.5120787260301689
61 89 0.8148739827480966
61 109 0.4133815773972589
62 88 0.1484953864602203
63 102 0.30523001998971777
63 111 0.4345226687706937
64 111 0.7442507167280196
64 82 0.8825093878821628
66 85 0.8710964241768147
68 118 0.24623866853906773
69 112 0.36621165388430965
70 100 0.09825321377082774
70 99 0.37878575999359365
70 106 0.3305176461867849
70 78 0.3234212407570539
72 93 0.16757555257613277
72 82 0.4469332322779097
74 119 0.0057800271127155245
75 77 0.3199944345360697
75 88 0.43447709693894276
78 99 0.5683725908368071
78 84 0.7025140410764593
78 117 0.21802471029744785
79 118 0.17440591977523212
79 84 0.5935990606063369
80 86 0.655242238737728
80 119 0.1209771115789493
80 91 0.7781128739798727
81 110 0.959299388601506
83 118 0.6172214499404284
85 90 0.484687890110191
85 93 0.6110582785046006
86 90 0.3908113730233894
86 102 0.33623444060120167
88 101 0.346008299844174
88 98 0.2340137704991272
89 118 0.09328018814853822
91 115 0.4874798425023552
94 107 0.021796335414519197
95 99 0.11919867356350178
100 114 0.17350385405193192
100 101 0.8641212615393912
105 114 0.08256783568988635
110 111 0.8461112905443903
111 117 0.8354564709656404
112 114 0.21486756216703695
