60 120 num_nodes_edgedegree2 60
0 44 0.4985463984580083
0 56 0.7181965535936357
0 14 0.6044720225831945
0 24 0.7057948319108742
0 22 0.9726681208397522
0 28 0.32230992726884555
1 57 0.6542377063793909
1 20 0.929610545759346
1 46 0.5628754286007994
1 59 0.042875407059013604
1 30 0.366808979861569
1 51 0.9282973591974483
1 55 0.19796010866511504
2 30 0.7371559972946999
2 19 0.6217694842979048
2 16 0.8886613524410564
3 27 0.5047454698594415
4 48 0.8141690037016621
4 5 0.10850349818715355
4 18 0.6407057298240941
5 23 0.37877242502134956
5 55 0.3399414646101899
6 31 0.7382394445607091
6 57 0.6058186118838735
6 11 0.7548836871046738
6 32 0.4752170829194151
7 16 0.8229463483552684
7 47 0.021414074801824334
7 17 0.272682343094771
8 36 0.04670694009123155
8 51 0.06703708739021419
10 49 0.3009999999568478
10 41 0.8752324293540251
10 32 0.4872168528387971
10 42 0.12339648419913485
11 23 0.7182075833359273
11 35 0.8634782577036836
11 37 0.380828334826656
11 22 0.043705511025709076
12 42 0.20068642863894048
12 49 0.5292712966696449
12 35 0.9736617290276613
13 50 0.8267352367175872
13 27 0.8438019079443209
13 35 0.5704572784437855
14 37 0.8162697339698954
14 33 0.9043918652831001
14 22 0.9014139142804586
14 43 0.14303579188373272
14 48 0.5210217998880353
14 25 0.24752510672167516
14 40 0.00042376016111089765
15 47 0.4422618916705682
15 17 0.34942985959305317
16 33 0.713276050832856
17 28 0.10904258239453213
17 58 0.1254257190254111
18 29 0.5959049352647139
18 55 0.668338561105502
18 19 0.37729149519969607
21 57 0.02290452165803869
21 39 0.3305131816539322
22 32 0.3542398195874821
22 29 0.7499158566543026
22 26 0.5124917879274441
23 25 0.8839651524966233
23 36 0.9296035133185662
24 41 0.5372311633663233
24 53 0.32691074629644823
24 43 0.508010272138509
25 32 0.08226544977429107
25 51 0.1613593792034328
25 37 0.026917974191270955
26 53 0.3594131846554094
26 42 0.8184771966015204
26 32 0.9934036889436867
27 38 0.9414808780966143
27 32 0.19358506168585288
28 30 0.5554275859149723
28 48 0.6437416174701998
28 42 0.536813054544333
29 38 0.9503985700318387
30 55 0.24660430980972048
31 48 0.7314186942815696
31 35 0.04801726596720912
31 54 0.18165248095948516
31 46 0.2601356699858942
31 52 0.3375076211295611
32 59 0.24549137920444286
32 47 0.3198091697304042
33 53 0.08170264032865915
33 49 0.564843410561184
34 41 0.16879114111022187
34 58 0.15639068445411997
35 58 0.5165972238800178
35 56 0.5342783112716738
35 55 0.38899830657890644
35 42 0.44125712646634363
35 51 0.38159412334299325
36 54 0.2935758356954541
37 56 0.5422895814567886
37 54 0.01839168243772049
37 39 0.17433650402239786
38 46 0.9619775921780355
39 50 0.9156571698082078
39 51 0.09110700413195172
40 46 0.42992406722477383
41 59 0.2536862564017841
43 47 0.26749952900873264
43 53 0.8528768628532942
44 49 0.04374546776566879
45 46 0.5298666381995355
45 54 0.2098820730417057
46 51 0.6042173013551368
48 49 0.04602409195218027
50 54 0.8946091113719455
51 54 0.6668916327528288
52 56 0.7633077485430433
52 59 0.7976029552599007
53 58 0.9420600084067894
