60 120 num_nodes_edgedegree2 60
0 46 0.3555931476439286
0 24 0.6009984726923651
0 22 0.4183899469755954
1 55 0.1479809294903105
1 14 0.6584385500685628
1 43 0.5932960571028248
1 4 0.9609050074454981
1 58 0.45052345940784233
1 19 0.09392712290071126
1 28 0.9893609493138377
2 38 0.12296885111959543
2 57 0.8690885758502405
2 3 0.806303500400205
2 46 0.8457935520093365
2 37 0.9046052313294118
2 9 0.1116067715778839
2 47 0.6554599409943227
3 5 0.22739175177537885
3 6 0.17621493766529028
3 17 0.8536819320223805
3 56 0.5912752673244084
4 50 0.5259925382101925
5 23 0.8899057535799558
5 7 0.8016769791547999
5 42 0.16422738234629164
6 58 0.28210049532727954
6 53 0.6031422427499887
7 18 0.8155188184757686
8 11 0.11875280250827869
8 54 0.3735181067626231
8 52 0.5459848765588222
8 33 0.17431745164939116
9 45 0.9712647184787837
10 53 0.26993468802523624
10 27 0.18950127730536726
10 35 0.1582468033744614
10 28 0.8189139534620128
10 59 0.1730337469112131
11 15 0.010847491711080015
11 20 0.1344999436440053
11 57 0.7676575381683584
11 47 0.48138263541018034
12 47 0.9625979338016706
13 38 0.35108328349026696
13 31 0.9780298720221752
13 52 0.5639432152985661
14 20 0.6698073828917743
14 37 0.7602167668159873
14 30 0.08977012489143144
15 33 0.3110686347231143
15 17 0.08949409870681757
15 50 0.6834916351458782
16 19 0.444199336736829
16 23 0.7802994317405465
16 57 0.9178303447744486
17 32 0.5326911315222401
17 31 0.26220663799408783
17 39 0.8215431921886135
19 30 0.5257938579514829
19 51 0.6446631527048751
19 46 0.008887563390312048
20 59 0.44836955314098137
20 43 0.7580488904569831
21 52 0.606296186304721
21 31 0.4930338758344224
22 37 0.9710058694933599
22 42 0.5330048096458386
22 29 0.6333547906070752
23 34 0.8305693363827724
23 29 0.6697397959519746
23 32 0.83836763770584
23 50 0.45991320614708453
23 54 0.35892921576769576
24 58 0.05452495448943562
25 40 0.7201008766013776
25 48 0.8591475923148837
26 47 0.29587602227508325
26 37 0.32672666903121006
27 57 0.8875757479827422
28 59 0.3554402211770279
28 50 0.8111153157325904
28 35 0.7169872053973309
29 41 0.12471662399413685
29 56 0.6879654611669711
29 46 0.15315504889008702
31 59 0.26256723275941407
31 42 0.14540423109882694
32 55 0.5695892410694865
32 35 0.6948704688549726
32 33 0.5195578443148313
33 56 0.9666357372953334
33 58 0.24238032528181663
33 48 0.6437565358295914
33 44 0.44658472265246807
35 43 0.8582323878221451
35 58 0.9531017701084085
36 46 0.8438508298792813
36 41 0.27876647602208626
37 43 0.4771854407551287
38 49 0.13548509067766956
39 41 0.6822355333736215
39 56 0.5613260870009538
39 40 0.4593456352434355
39 55 0.5457226412121738
42 54 0.2990198184215275
43 59 0.8388181061503538
43 56 0.48009603944575674
44 52 0.6667778086123775
45 47 0.4332637730897245
45 53 0.0733100544515376
45 48 0.09715805505594488
46 51 0.6157423359750699
47 51 0.7714835488874916
48 58 0.19502724143292804
49 58 0.9161719092162521
50 53 0.5743929875466577
50 55 0.7057147218306564
52 58 0.636039590413623
54 55 0.677967350046927
56 58 0.017221207977290653
