60 120 num_nodes_edgedegree2 60
0 58 0.7847667457454721
0 42 0.40552710979483075
0 19 0.6921449372650171
0 21 0.888675107107435
1 52 0.6095943186568491
1 59 0.8811877077262908
1 9 0.9245572989756652
1 24 0.9296352435233541
1 37 0.6066168593351545
1 23 0.8505523765508791
2 37 0.25449652811447365
2 8 0.8239191861686604
2 38 0.9903766695564002
2 24 0.6931109107689628
2 15 0.17964797283233724
2 12 0.026143891774966677
2 55 0.5209402994521175
3 40 0.7738565682219724
3 43 0.9784558499665994
4 38 0.6732096610908123
4 49 0.49817684316057653
4 7 0.013328790933495815
4 51 0.04201710986930618
4 6 0.8066805400852626
5 22 0.10978824598149817
6 23 0.024746990783931166
6 36 0.43664468460537975
6 35 0.7864417586779145
7 55 0.8556373043042695
8 34 0.5481360550045826
8 56 0.14421505996720385
8 23 0.9051483103801021
8 40 0.5393266661335111
9 55 0.005323358938355782
9 44 0.17897323543942933
10 48 0.23636927170971833
10 44 0.16787274670285357
11 20 0.6091404569567731
11 23 0.3496157860165249
12 14 0.4088628801286791
13 31 0.2353412906327993
13 40 0.6299578394429329
14 40 0.6554832233115525
14 37 0.8912582508811927
15 37 0.6344164841413863
15 59 0.7489008740838862
16 35 0.9336456399239816
16 43 0.8582634502088384
16 39 0.7764308378054371
16 33 0.358938740950565
16 40 0.9715608234248461
17 55 0.5421355184700288
17 54 0.1377915379845096
17 18 0.34774897460729537
17 32 0.326194158422755
17 45 0.1989545167095359
18 27 0.05895413221496626
18 26 0.8611943301337468
19 49 0.5590720816476074
19 26 0.6875852661490194
19 27 0.8966670515186028
19 35 0.6729158325637362
19 29 0.7805554250821022
20 34 0.8833772429207017
20 21 0.056980618182773335
20 37 0.1889818373636527
21 57 0.615499864406228
21 35 0.8597561250709062
21 40 0.21147514310886018
22 34 0.8301405205560501
22 29 0.5041800408772916
22 38 0.7630766219153908
23 58 0.5598893295663916
24 47 0.48195955045259353
24 56 0.9995927804163396
24 36 0.40432470226376493
24 33 0.4226248544888791
25 40 0.9454298241100958
25 46 0.2144630775529407
26 37 0.49163269022157874
26 57 0.46752051608974976
26 49 0.8204993234409826
26 50 0.5921480088934199
27 58 0.42279890705222356
27 49 0.25388878740587306
27 40 0.1870650282749352
28 59 0.3369837737129392
29 55 0.6620120518026587
30 38 0.8485019969749082
30 53 0.8790968923723098
30 45 0.3125126332961474
30 35 0.218948056641891
30 54 0.7010837587980507
30 40 0.9482382147301794
31 47 0.2616548220933058
32 53 0.6853978080718649
33 59 0.35144372949196323
34 53 0.9745305094159216
34 38 0.7247096271935227
36 51 0.24739374923553015
36 57 0.4641968660673166
36 53 0.8165085106598196
37 40 0.47672600155263045
37 45 0.10778091387958855
37 39 0.6733466200881875
37 38 0.44523840190792163
38 42 0.35971034080515596
38 43 0.4754660102082149
39 48 0.1743909324359526
39 51 0.32777290874780673
40 54 0.8957392465151851
41 45 0.09774138035450042
41 55 0.36333330417244936
43 58 0.17578125484812424
44 55 0.7819398885890413
45 50 0.2964686536206651
45 46 0.2506243166739306
46 58 0.4622793431636172
55 57 0.18420111567489894
56 59 0.18568633834635073
