60 120 num_nodes_edgedegree2 60
0 58 0.6066726594635061
0 36 0.3295133467816249
1 4 0.6189252975215505
1 59 0.3145066138362298
1 2 0.4925003361528779
1 20 0.8648868387208818
2 51 0.05529507146370538
2 5 0.7484977072257977
2 23 0.5565908530117565
2 34 0.2391268666318258
2 7 0.7687469523879917
2 31 0.1818900220549713
2 12 0.6283607240473853
2 16 0.3405873786268159
3 14 0.3476769713002805
3 53 0.5401748327718998
3 7 0.4107037128763178
3 20 0.016217955309723697
4 26 0.8602135780665384
4 52 0.9253097046159978
5 9 0.8794336136868715
5 23 0.4729226291249926
5 17 0.8054815570597218
5 57 0.8304578413769675
6 46 0.8091506997289047
6 52 0.5569788422154379
6 20 0.6354677318367645
6 28 0.35650814470041314
7 21 0.48487265009200253
8 16 0.5379003172945741
9 21 0.6387574120965532
9 49 0.06537553038309796
9 38 0.608454530941841
9 16 0.19324133545685418
10 12 0.6978989870985347
10 28 0.9349456784642068
10 21 0.3637618977373064
10 29 0.7344438169566184
10 47 0.8893390977617802
11 49 0.4291319741031274
11 15 0.9175147739563219
11 22 0.09067202709016509
11 59 0.03552963669426734
12 26 0.4825376496348308
12 43 0.2907522254828113
12 58 0.5947504034544091
12 57 0.9195221331833837
12 30 0.02191905829453511
12 15 0.4015103229978121
13 16 0.6003195840775262
13 27 0.0017658988554487554
13 58 0.6609129070219835
13 31 0.2422582813234021
13 33 0.06963765697113888
14 19 0.13163808880766137
14 45 0.5603012015097836
14 26 0.02128883694930317
14 49 0.5242109471923773
15 19 0.14050744371064317
15 30 0.34788899452839184
15 55 0.03553159431777686
15 20 0.22415787232319473
15 28 0.9639322286430311
15 16 0.3307073528268354
16 51 5.323023048131592e-05
16 52 0.15208279387522627
17 23 0.2513108507236418
17 51 0.5651010948685345
17 33 0.9639716172065389
17 28 0.7471499669630907
17 48 0.9213598750184128
18 58 0.8556231217810729
18 19 0.9252981804164141
18 36 0.21664627784870905
18 27 0.5518012081800253
18 29 0.9157518813773208
18 47 0.8384371487166089
18 20 0.36752964173578284
18 39 0.9163937788697234
18 28 0.1585022030950496
18 49 0.88289904983439
19 53 0.05674641974855699
19 54 0.23745555633655924
20 37 0.4321203512908861
20 43 0.3168158746022183
21 42 0.1981008450824432
22 44 0.0863109459478395
23 50 0.32558331935092755
23 51 0.3013421082068586
24 32 0.33691114390667687
24 38 0.6020201636678889
25 30 0.9747481133613103
25 35 0.2710865507684793
26 41 0.04367124065727768
26 28 0.5562144599563447
26 55 0.37067558518368693
27 38 0.6380570393619556
27 47 0.6542211558376172
27 53 0.687877505813565
29 40 0.9428949795102785
30 44 0.6667230070457582
31 37 0.09041438884912423
32 48 0.35482647218453567
33 34 0.6525266581102089
33 53 0.311222395808358
34 41 0.47092620815791897
35 55 0.08138897687225399
35 40 0.4882663803870265
37 39 0.19762937443967243
38 54 0.1323583277884003
38 43 0.9007547158052754
39 43 0.49553099936442113
40 55 0.8384100393341051
41 53 0.06247803410592745
41 56 0.25336128402802405
45 56 0.3786530296199645
46 54 0.12269233239423283
48 51 0.2777520870882655
52 59 0.36997975022766394
54 56 0.08860503855580093
