60 120 num_nodes_edgedegree2 60
0 46 0.3296643264550777
0 55 0.6273609240044035
0 13 0.7889586187966101
0 38 0.07860661516563383
0 53 0.524128838511594
1 33 0.8596700393396607
1 19 0.6354561248975553
1 47 0.995551338973414
1 25 0.9655970664132383
2 28 0.04208704766742366
2 27 0.11294952312744999
2 25 0.5387147119420235
2 40 0.5658917807091078
3 41 0.883152294965923
3 16 0.8785767940336621
3 46 0.34208270453025613
3 58 0.6250239176140145
3 54 0.6384986580569528
4 51 0.48996515575149924
4 21 0.7538564760539846
5 13 0.023828985782947454
5 34 0.36889260158132675
5 40 0.24564754827852753
5 38 0.92286021039047
6 34 0.6517449383012889
6 37 0.13440011179519207
6 26 0.7760468439087381
7 23 0.8270754500210146
7 48 0.13325320405499652
7 9 0.12789982516316079
8 39 0.15909003499123586
8 13 0.9089977870799391
8 40 0.18306876549132178
9 16 0.6038930556760077
9 58 0.0719012215646021
9 46 0.17958989362262168
9 26 0.8845720858378043
9 23 0.38731839688048975
9 29 0.5335464723004031
10 57 0.4927594483159532
10 48 0.6198023918163996
10 55 0.34598946043563583
10 18 0.8092925410743593
10 59 0.01246758039765572
10 30 0.9453657752643466
10 27 0.1592598017131015
10 54 0.09345686806885023
11 17 0.8421457722268103
11 13 0.7766786879782788
11 20 0.5286759261119854
11 45 0.7236217737501868
11 51 0.9531327489565337
11 34 0.11146001553274942
11 21 0.06438150656630692
12 20 0.6349011558848289
12 44 0.28053374931589825
12 39 0.8388949314342987
13 26 0.21928325182130137
13 49 0.2306927153537679
15 49 0.7528209723643873
15 24 0.08724255733982977
15 36 0.2638404327977798
15 59 0.491775658209344
15 47 0.7337460211579855
16 39 0.2750868308420812
16 33 0.7994508144778003
16 52 0.8211359151645456
17 21 0.8071721011644652
17 30 0.24520501605158118
18 55 0.7881104565328889
18 26 0.1120873640293476
18 30 0.1470486403329161
19 52 0.06530645521842726
19 22 0.4523233921647587
19 43 0.395077596606457
19 20 0.4883402642056133
19 44 0.9757390485188402
20 46 0.9988020057381854
21 32 0.9945872752550732
21 53 0.029746189067757722
22 47 0.005351417008037318
22 54 0.7073892202695589
22 32 0.8428482236408601
22 57 0.4135255066742588
22 38 0.1670818482981158
23 26 0.991741194731062
23 51 0.053674227338173286
23 39 0.38687838730912294
24 49 0.23985972609791495
24 57 0.1951687445193625
24 37 0.23118681396348073
24 52 0.41684706410630956
25 57 0.08389884236506406
28 39 0.13436149728883506
29 53 0.3841769488607377
29 52 0.5248469239694097
29 49 0.3326744895099484
29 41 0.677711385981082
29 33 0.4123656959532138
30 55 0.489377298771832
30 44 0.9104062361305992
31 51 0.5874339741124694
31 44 0.029529618806290348
31 55 0.4723824405846102
34 56 0.11047328955532876
34 59 0.20337273087770968
35 50 0.5816806427832599
36 46 0.7789505872692822
37 38 0.8389897942184393
39 59 0.5665616592537348
40 43 0.05859837937552226
40 59 0.12147210913898232
41 59 0.4819226983690138
43 45 0.11079505720262972
44 50 0.4284918194386168
44 59 0.0020053137122288955
47 53 0.3490105397033394
47 49 0.8756195285802082
50 57 0.8463697040472751
55 58 0.16852449886999
