30 60 Varying_K 11
0 28 0.17164509088571667
0 22 0.5412757928733937
0 10 0.4855068967175932
0 23 0.8468169555786386
0 29 0.8989023709285795
1 15 0.5788355282254806
2 24 0.4994892845395784
2 11 0.7192098162676476
3 8 0.20878658524485683
3 15 0.7445465308601145
3 28 0.032459683733509714
3 5 0.535408107036649
3 23 0.3285308283717734
3 16 0.761978577885422
4 18 0.8195316941324398
5 11 0.543312482876917
5 24 0.39814550866198584
6 25 0.15211155661302633
6 13 0.22939149743936327
6 21 0.22369086755626288
7 18 0.7320607393567716
7 16 0.8907349003638579
7 11 0.9168936186583155
7 21 0.22818166250097804
7 24 0.18907624896629394
7 23 0.7187277302700467
8 14 0.1623863629144171
9 14 0.15060076365217756
9 27 0.20208273685282163
10 28 0.5229103207447292
12 20 0.6341678788018065
12 26 0.7701553269333078
12 21 0.8163444272495116
12 16 0.3359722790078902
12 25 0.24135345934260932
13 19 0.716534060095288
13 26 0.07519516647830138
13 16 0.4821294939756461
13 21 0.10960162573546284
14 15 0.15084446106854998
14 24 0.8180855702160755
14 21 0.6189680464218329
15 24 0.3244874989231852
15 17 0.2915714209832274
15 27 0.6264929812624318
16 29 0.4457078874364787
16 26 0.4333397277454959
17 20 0.811759375220699
17 29 0.15223375337030232
17 28 0.3525117357616524
18 28 0.7505376964707675
18 27 0.8244984782822662
20 29 0.40673227672912027
20 23 0.04947838215759193
21 23 0.1856698650004468
22 23 0.5083130747238455
22 24 0.19790580729633767
23 25 0.6581385314286446
25 27 0.38461317644877346
26 29 0.710053830989563
