30 60 Varying_K 11
0 27 0.07486467738928959
0 7 0.2943096800201176
1 2 0.060716308203607405
1 19 0.6608576567232135
1 28 0.07322154279220139
2 11 0.9670747348033646
4 5 0.8856795490047678
5 26 0.0008524478759013299
5 13 0.7952619468211842
5 17 0.4103451842904873
5 7 0.7516246585128663
5 10 0.041499440503082075
5 28 0.1573480120794839
5 14 0.5247098842629009
6 19 0.606449077664155
7 16 0.27628868023084163
7 10 0.25924434952922004
8 9 0.6391767738295815
8 16 0.32216184795938585
8 15 0.22487208536421444
8 19 0.31073640559297466
9 15 0.5853491424149831
9 25 0.544123431242735
10 29 0.35690880981066286
11 17 0.3937997975774612
11 14 0.21729920755331522
11 16 0.18056079048661589
11 25 0.020102357655019665
11 18 0.4476328034909508
11 27 0.7676497022339943
11 21 0.8456720860729325
12 20 0.3336236266417426
12 29 0.10157019786340438
12 24 0.9792481725485609
13 28 0.8612416713496188
13 23 0.6857603955075895
13 18 0.5679699804248418
14 29 0.23312953734277997
14 25 0.8988373992426523
14 20 0.5102379199559597
14 28 0.9599965130135854
14 23 0.4490103786986499
15 29 0.8568096468102849
15 21 0.5838014904521737
16 27 0.8193324993068113
16 28 0.5791686595154156
16 29 0.9048940333905936
16 17 0.2400985384181017
17 21 0.4399721820117589
17 29 0.46678177442160873
18 21 0.4803069988622295
18 23 0.36824109440961506
19 20 0.4159283431429386
21 27 0.12563326710708322
22 23 0.260357663817703
22 26 0.941997213125
23 25 0.868301351837484
24 29 0.3020435814369107
25 26 0.30333709212026305
28 29 0.06791162123989092
