30 60 Varying_K 11
0 29 0.9071632095339011
0 21 0.13578020954216374
0 26 0.7515742599335287
1 18 0.9784657627525041
1 4 0.44593400588975785
2 19 0.3290664433139603
2 24 0.08428815870783235
2 3 0.819838019504665
2 11 0.34299534917241026
2 25 0.5271456085472578
3 11 0.6852597609040022
3 18 0.6896244174063768
4 17 0.09556573259516121
4 27 0.36339703299056303
4 28 0.4751951654239076
5 24 0.0014073956199694981
5 22 0.8539318506816527
6 7 0.08610724888329424
6 15 0.994507947769259
6 20 0.5636844575440658
7 18 0.6827319789729185
7 20 0.6085341205125135
8 17 0.3376541446440683
8 27 0.5760234887595638
8 21 0.6508116155877536
8 9 0.8521000640600576
9 24 0.5126988063932526
9 13 0.5340820717870278
10 28 0.5167050420491034
10 17 0.40725612037979764
11 29 0.6334076771861078
11 17 0.51767104108421
12 20 0.10872577153303642
12 23 0.6732572529060001
12 28 0.755735220137519
12 18 0.4840553326882262
13 29 0.8387661795239221
13 24 0.8226285488802025
13 18 0.8030283658414183
14 29 0.6999432962696737
15 19 0.5550070892124159
15 26 0.4391881857681954
15 22 0.06525902479309309
15 17 0.7091216397282514
15 27 0.07045990648954414
15 20 0.19987313048773558
16 29 0.1139499627121443
16 26 0.2468777520828611
17 26 0.7495381219903464
18 20 0.5384319035952716
18 25 0.3975263837627918
18 28 0.9481772137640931
18 26 0.11157164138225373
19 21 0.9396409174872457
20 27 0.08096272420770623
20 22 0.8121706688150894
21 29 0.4315163087999897
22 25 0.8765948280799019
22 27 0.4695207893183174
23 29 0.2526327764358255
