30 60 Varying_K 11
0 2 0.06426785128338897
0 29 0.34550051478078303
1 7 0.16228771976984402
1 25 0.06710559481942224
1 2 0.7248137076868143
1 26 0.5446419613420701
2 4 0.008208398838958075
2 11 0.246484402129169
2 8 0.24140485395812994
2 13 0.4783927280296024
3 23 0.9123642525641593
3 26 0.43246116008287017
3 10 0.9150070744206624
4 10 0.9089955297990944
5 24 0.8989121397078143
5 6 0.8736165228040235
5 7 0.2932754111116226
5 14 0.5334574003790181
5 11 0.17543423303161654
6 8 0.3109557428907459
6 13 0.7316672306682901
6 21 0.5193756487054857
6 29 0.45951877568353106
6 28 0.49489521146409077
7 9 0.5976721912184298
7 15 0.47183030829884653
7 22 0.9151940415437884
8 11 0.42416138191858155
8 25 0.49081089022998625
8 26 0.8329843007680497
8 16 0.22481789670226715
8 14 0.14714748672773925
8 24 0.486499889030682
9 29 0.6866147868076838
9 26 0.9929380736455177
9 18 0.441017750333882
9 27 0.2861355005616628
9 13 0.33212427576055126
10 21 0.03750217777986875
10 18 0.3819603183534207
12 15 0.7586141518844097
12 17 0.2053128525182294
12 16 0.8810156294244726
13 19 0.6664307815755683
13 23 0.9447393948980322
14 20 0.5134412220518131
15 22 0.12150474682523804
16 17 0.26830113659972077
16 24 0.8826001562096351
17 27 0.07865731721205149
17 20 0.9903757872297366
18 19 0.1058293953307119
19 27 0.956015980899157
20 26 0.5184528108428065
20 27 0.06239263760183
22 28 0.4952341381905876
23 27 0.9642115251970037
24 25 0.8124161447280147
26 29 0.6345268236275807
27 28 0.8697213940407834
