30 60 Varying_K 11
0 16 0.7604103937215126
0 23 0.13069694040018454
0 27 0.7710539928140142
0 6 0.2303603780553276
0 9 0.3239106465794973
0 19 0.820255096605737
0 12 0.3319212454780488
0 26 0.5148286902121595
1 20 0.06581846499452337
1 8 0.31665874722778153
1 14 0.6243816277530305
2 25 0.10126914663443776
2 10 0.03682183340265821
3 11 0.39371289905434104
3 17 0.8035735599077639
3 24 0.4967551009171117
4 19 0.6496197100267482
4 8 0.9532891830274818
5 28 0.6775062899644995
5 8 0.7889118118389202
5 24 0.9035731009856254
5 27 0.11681224920836408
5 9 0.9588746072103227
5 6 0.6543929416620113
5 29 0.030973350251655596
5 10 0.33487847518145897
5 22 0.2767879463812154
6 13 0.002257420096806073
6 24 0.9553256799507558
6 10 0.2146654380325851
6 22 0.8388677154170111
6 19 0.7459418342501669
7 24 0.17532741483269587
7 12 0.8430024975566647
7 18 0.3786127473116879
7 29 0.009719636041810253
8 19 0.8375842023563631
9 26 0.6971293283443548
9 11 0.08655810402451425
11 23 0.46241774914963185
11 13 0.1734056771418847
11 27 0.7391925460149835
11 16 0.03490750263602538
11 28 0.733937265331332
12 24 0.4028072528198414
12 28 0.5170645919182265
12 18 0.31561451472791324
14 26 0.9788815885209993
14 19 0.9176621036410024
15 27 0.4736852353346547
15 22 0.49134132390462426
17 28 0.08448231888788782
17 25 0.517803948492867
18 19 0.2877785275380499
20 29 0.5537479208436646
20 21 0.7905481943175143
21 22 0.3318549090913526
22 25 0.7870804709394376
23 26 0.32563807257489985
27 29 0.12349507680328553
