25 50 num_nodes 25
0 15 0.3385407078076471
0 24 0.07271716917668747
0 20 0.8976233253635678
0 17 0.010662430685394741
0 23 0.7851502554633576
0 13 0.8931021017774372
1 15 0.5565097511798835
2 24 0.13645696047647904
2 11 0.6693481684426983
3 8 0.5045403743606244
3 6 0.8322761428679418
3 10 0.0578821880121233
3 5 0.6932239140897583
3 9 0.6966513807791698
3 16 0.3348124512171289
4 18 0.1272723662601598
5 21 0.21877135353281474
5 24 0.485050857221739
6 13 0.7746218020678542
6 9 0.9817222479602301
7 18 0.5916231703821296
7 16 0.5448676454153555
7 11 0.13326542397009256
7 21 0.5188415644079263
7 24 0.03693429044575547
7 23 0.09251013916023043
8 23 0.3628121369874877
9 14 0.6046884572177694
9 18 0.6544933236831351
10 23 0.06340330222497426
11 17 0.5397272902775554
12 20 0.6312690484510038
12 13 0.3865140194226975
12 21 0.07333626738417709
12 18 0.7193621182695079
13 16 0.05067691002425012
14 15 0.22183442776778106
14 22 0.7973894395357425
14 24 0.1600819323372885
14 21 0.2629841655476264
15 24 0.3854842162299975
15 17 0.12499279620423887
15 16 0.7178205326535245
16 21 0.9486165239104262
17 20 0.09581009314487954
19 24 0.2280700352874726
20 23 0.2413209879630115
21 23 0.7400411000414303
22 23 0.9130579346069075
22 24 0.9136262065945016
