25 50 num_nodes 25
0 1 0.625508271813005
0 7 0.30606406732743163
1 2 0.15766396068011046
1 18 0.5671925072616135
2 11 0.027016092538487135
2 10 0.8876766318836963
4 5 0.2607790498541124
5 23 0.18247622477297265
5 21 0.3742342598835654
5 17 0.8279988788103871
5 7 0.8081021188239594
5 10 0.5095106960859637
5 14 0.1633074608048033
5 19 0.5159404014188536
6 19 0.323494947169217
6 15 0.7481968979402512
7 16 0.7008926158750174
7 21 0.8364443488184421
8 19 0.8228832333635865
8 16 0.3544499686893373
8 15 0.9277053345382806
8 24 0.8881484805205981
9 21 0.374586765873441
9 15 0.995629311287894
9 22 0.19400169960763058
9 23 0.15323388010537387
10 12 0.78555094128743
10 22 0.18080866245460492
11 16 0.7314725517142338
11 14 0.8676733780539857
11 18 0.24953899208413866
12 23 0.39641407302612797
12 24 0.5410358299141413
13 20 0.4119709797499489
13 16 0.6476768204372992
13 23 0.17996791143048319
13 18 0.3112848655854018
14 17 0.2760224947277854
14 20 0.9975712336643586
14 21 0.7607021653940254
14 15 0.4802185684098481
15 16 0.17337009858003727
16 24 0.9096711823462967
16 17 0.20799937921538636
17 21 0.7386682931252512
17 23 0.30198578179172975
18 23 0.4338948468394661
19 20 0.16475942153646206
19 21 0.9516505126551261
22 23 0.7860464709361907
