90 135 num_nodes 90
0 77 0.9
0 49 0.7
0 68 0.7
1 48 0.7
1 29 0.5
1 35 0.3
1 16 0.1
2 3 0.1
2 53 0.7
2 57 0.5
2 28 0.7
2 50 0.7
2 63 0.9
3 62 0.9
3 40 0.1
3 54 0.9
3 60 0.1
3 29 0.3
3 14 0.7
3 50 0.9
4 61 0.1
4 86 0.1
4 18 0.7
4 71 0.3
4 65 0.3
5 39 0.9
6 39 0.5
7 61 0.1
7 38 0.5
8 32 0.3
8 37 0.3
9 10 0.1
11 56 0.1
11 23 0.7
12 26 0.7
12 23 0.7
12 44 0.3
13 75 0.3
13 20 0.9
13 32 0.3
13 63 0.3
14 79 0.7
15 63 0.1
15 42 0.7
16 65 0.7
16 27 0.9
17 72 0.7
20 21 0.5
20 57 0.7
20 53 0.3
21 82 0.7
21 64 0.5
21 84 0.3
21 79 0.7
22 46 0.1
22 81 0.1
23 44 0.7
24 38 0.9
24 33 0.1
24 75 0.3
25 69 0.5
25 70 0.3
25 48 0.7
26 54 0.9
26 65 0.7
26 73 0.3
27 87 0.7
27 75 0.1
28 67 0.9
28 86 0.9
28 80 0.7
28 57 0.5
29 34 0.1
29 70 0.7
29 44 0.5
31 51 0.5
31 34 0.7
32 70 0.3
32 67 0.1
32 72 0.5
34 84 0.3
34 82 0.1
36 75 0.1
37 58 0.1
37 80 0.3
37 64 0.7
38 39 0.9
39 49 0.3
41 89 0.9
41 84 0.7
41 78 0.3
42 78 0.1
43 53 0.3
44 73 0.3
44 53 0.1
45 58 0.5
45 62 0.3
46 72 0.5
47 86 0.1
47 62 0.5
48 83 0.7
49 55 0.1
49 85 0.9
50 75 0.5
50 66 0.5
50 74 0.7
51 65 0.1
52 64 0.7
53 85 0.9
54 64 0.5
54 69 0.1
54 80 0.1
55 77 0.1
55 86 0.5
56 63 0.7
57 60 0.1
57 89 0.3
58 76 0.3
58 72 0.5
60 63 0.5
63 64 0.5
64 85 0.3
64 86 0.7
65 84 0.1
66 71 0.9
66 88 0.1
67 83 0.5
69 83 0.3
69 79 0.3
70 89 0.9
70 77 0.7
70 74 0.3
71 82 0.1
73 86 0.7
75 78 0.9
