50 100 num_nodes 50
0 46 0.1
0 44 0.3
0 22 0.5
1 2 0.9
1 14 0.1
1 43 0.1
1 4 0.9
1 23 0.5
1 19 0.7
1 6 0.3
1 44 0.3
2 37 0.1
2 3 0.9
2 46 0.3
2 15 0.7
2 9 0.5
2 47 0.9
3 5 0.9
3 6 0.3
3 17 0.9
3 27 0.5
4 21 0.9
5 23 0.7
5 7 0.1
5 42 0.5
6 43 0.3
7 18 0.3
8 11 0.3
8 17 0.1
8 16 0.9
8 28 0.3
9 45 0.3
9 20 0.3
10 47 0.3
10 43 0.7
10 35 0.9
10 28 0.1
10 39 0.9
11 15 0.5
11 20 0.1
11 28 0.1
11 33 0.5
12 47 0.5
13 38 0.9
13 31 0.1
13 15 0.3
14 42 0.9
14 37 0.7
14 30 0.3
15 33 0.3
16 38 0.5
16 48 0.7
16 21 0.1
17 32 0.7
17 31 0.3
17 49 0.3
19 42 0.9
19 30 0.5
19 45 0.3
19 46 0.9
20 24 0.9
20 44 0.5
20 43 0.1
21 31 0.1
22 23 0.1
22 32 0.9
22 29 0.9
23 32 0.1
23 29 0.1
23 37 0.9
24 37 0.1
25 46 0.9
25 48 0.7
25 39 0.1
25 49 0.3
26 47 0.3
26 37 0.1
26 41 0.7
27 40 0.1
27 33 0.9
28 34 0.7
28 35 0.9
29 41 0.1
29 42 0.3
29 31 0.5
31 32 0.3
32 35 0.1
32 33 0.3
33 48 0.3
33 37 0.9
35 43 0.9
35 46 0.1
36 46 0.3
36 41 0.1
38 49 0.7
39 41 0.1
39 43 0.7
39 40 0.5
45 47 0.9
45 48 0.7
