120 240 num_nodes 120
0 39 0.3
0 61 0.5
0 62 0.9
0 109 0.3
1 116 0.9
1 85 0.3
1 43 0.7
1 61 0.1
2 19 0.1
2 48 0.3
2 75 0.9
2 47 0.3
2 84 0.5
3 105 0.7
3 118 0.1
3 72 0.1
4 17 0.9
4 30 0.9
4 25 0.7
4 67 0.3
4 52 0.1
4 28 0.7
4 5 0.7
4 109 0.7
5 75 0.3
5 77 0.7
5 48 0.7
5 111 0.1
5 16 0.3
6 73 0.7
6 52 0.3
6 96 0.3
6 54 0.3
6 15 0.3
7 81 0.5
7 86 0.5
7 100 0.1
7 99 0.3
8 77 0.5
8 99 0.1
8 15 0.7
8 102 0.5
8 110 0.9
8 61 0.5
9 13 0.5
9 44 0.9
10 43 0.1
10 82 0.7
11 44 0.9
11 91 0.5
12 46 0.7
12 13 0.1
13 72 0.3
13 71 0.9
13 48 0.5
14 43 0.7
15 111 0.3
15 100 0.7
15 36 0.1
15 95 0.7
15 25 0.1
15 104 0.3
16 69 0.9
16 39 0.3
16 53 0.9
16 32 0.9
16 103 0.7
17 112 0.9
17 46 0.7
17 80 0.3
19 110 0.3
19 111 0.3
19 88 0.1
19 25 0.3
20 97 0.7
20 89 0.1
20 40 0.3
21 109 0.3
21 64 0.5
21 30 0.9
22 40 0.9
23 46 0.7
23 41 0.5
23 110 0.1
24 29 0.5
24 40 0.9
24 33 0.5
25 118 0.5
27 63 0.5
27 81 0.1
27 113 0.7
28 64 0.3
28 106 0.7
28 34 0.9
28 45 0.5
29 81 0.9
29 74 0.5
29 113 0.3
30 75 0.1
30 119 0.1
30 34 0.5
30 38 0.5
31 103 0.1
31 34 0.5
32 80 0.3
33 70 0.5
33 86 0.7
33 78 0.3
33 66 0.3
33 76 0.7
34 110 0.1
34 36 0.7
34 64 0.1
34 59 0.3
34 79 0.9
35 109 0.5
35 64 0.9
35 90 0.7
35 43 0.5
35 101 0.5
36 66 0.1
37 54 0.1
37 52 0.7
37 66 0.7
37 53 0.5
38 99 0.7
38 53 0.7
38 55 0.3
38 70 0.1
38 58 0.3
38 100 0.7
38 46 0.3
40 43 0.7
40 74 0.9
40 97 0.5
40 62 0.3
41 69 0.3
41 76 0.1
41 60 0.9
42 70 0.9
42 80 0.9
42 86 0.3
43 115 0.5
43 69 0.9
44 68 0.1
44 75 0.9
44 81 0.1
45 59 0.3
45 77 0.7
47 117 0.3
47 108 0.7
49 94 0.3
49 112 0.9
49 73 0.1
49 66 0.3
49 82 0.3
49 75 0.9
50 81 0.9
50 93 0.9
51 110 0.9
52 74 0.5
52 114 0.9
52 117 0.3
53 98 0.5
53 100 0.5
53 72 0.1
54 117 0.1
55 99 0.7
55 81 0.3
55 86 0.3
55 71 0.3
55 115 0.5
56 119 0.5
56 103 0.1
57 72 0.7
58 111 0.3
58 95 0.5
60 77 0.7
60 107 0.1
60 91 0.7
60 70 0.1
60 76 0.9
61 109 0.5
61 81 0.3
61 103 0.3
62 94 0.1
64 106 0.5
64 65 0.1
65 79 0.3
65 88 0.7
66 118 0.7
66 67 0.3
67 68 0.5
68 76 0.1
68 113 0.5
69 107 0.7
69 110 0.5
73 102 0.3
73 115 0.7
73 106 0.3
73 107 0.7
73 80 0.1
74 80 0.1
75 91 0.9
75 78 0.3
75 76 0.5
75 109 0.7
76 87 0.3
77 85 0.1
78 97 0.3
78 116 0.5
79 103 0.5
80 109 0.5
82 110 0.7
83 91 0.7
83 102 0.7
83 89 0.3
83 94 0.7
84 95 0.7
86 117 0.5
87 117 0.9
87 94 0.5
89 110 0.9
91 100 0.3
91 92 0.3
91 118 0.9
92 117 0.9
96 107 0.1
98 104 0.7
99 104 0.1
101 108 0.7
102 115 0.1
103 107 0.7
103 105 0.7
105 117 0.3
106 112 0.7
110 114 0.1
112 118 0.3
113 114 0.5
113 117 0.3
