90 180 num_nodes 90
0 37 0.1
0 27 0.3
0 69 0.5
0 21 0.5
0 86 0.3
1 73 0.9
1 78 0.3
1 66 0.7
2 51 0.7
2 41 0.3
3 82 0.5
3 58 0.1
3 10 0.9
4 15 0.5
4 62 0.5
4 24 0.7
4 32 0.3
4 89 0.3
5 10 0.7
5 59 0.5
5 45 0.3
5 46 0.3
5 69 0.1
5 83 0.1
5 24 0.3
5 17 0.3
6 41 0.1
6 25 0.5
6 78 0.1
7 28 0.7
7 29 0.9
7 21 0.9
7 85 0.7
8 11 0.7
8 25 0.3
8 80 0.5
9 37 0.3
9 35 0.1
9 10 0.7
9 14 0.9
9 67 0.5
10 89 0.9
10 46 0.3
11 77 0.5
11 35 0.7
11 55 0.1
12 41 0.5
12 56 0.3
12 51 0.3
13 50 0.9
13 22 0.3
14 26 0.3
14 72 0.9
14 32 0.7
14 76 0.1
14 62 0.7
15 42 0.5
15 54 0.7
15 69 0.7
16 34 0.3
17 32 0.9
18 86 0.9
18 33 0.3
18 50 0.5
19 61 0.5
19 41 0.9
19 77 0.3
19 22 0.3
20 29 0.1
20 42 0.9
20 27 0.9
20 85 0.1
20 47 0.3
21 24 0.1
21 58 0.1
21 43 0.7
21 88 0.3
21 71 0.9
22 31 0.5
22 37 0.3
23 45 0.3
23 80 0.9
24 65 0.9
24 79 0.5
25 52 0.9
25 71 0.1
25 61 0.5
25 30 0.9
25 81 0.9
26 54 0.3
26 67 0.3
26 73 0.7
26 48 0.7
27 33 0.9
27 63 0.1
27 67 0.7
28 53 0.9
28 70 0.5
29 53 0.5
29 62 0.3
29 45 0.7
30 38 0.7
30 78 0.3
31 60 0.1
31 41 0.1
31 56 0.9
31 32 0.1
31 66 0.7
32 77 0.1
32 76 0.9
33 34 0.5
33 39 0.1
33 43 0.1
34 43 0.9
35 46 0.9
35 80 0.9
35 56 0.9
35 74 0.7
36 76 0.3
36 86 0.3
36 41 0.5
37 70 0.5
37 39 0.5
37 56 0.3
37 73 0.3
37 67 0.7
37 84 0.5
37 52 0.1
38 70 0.3
38 44 0.3
38 61 0.9
39 73 0.3
39 49 0.3
39 82 0.5
39 64 0.1
40 72 0.7
40 53 0.9
40 69 0.5
41 81 0.5
41 63 0.9
42 77 0.1
43 85 0.1
43 89 0.3
46 79 0.3
46 84 0.9
47 80 0.7
48 76 0.7
48 50 0.9
49 64 0.9
49 63 0.1
49 51 0.3
50 63 0.1
50 79 0.3
51 83 0.7
52 54 0.3
52 83 0.5
52 56 0.1
53 56 0.3
54 82 0.5
55 57 0.1
55 75 0.9
55 65 0.3
56 67 0.1
56 78 0.1
56 79 0.9
58 69 0.3
59 81 0.1
59 72 0.1
60 82 0.3
60 72 0.1
60 71 0.7
61 76 0.3
62 74 0.7
62 71 0.1
66 68 0.1
76 86 0.5
79 87 0.7
80 81 0.5
80 85 0.9
83 87 0.5
