50 100 num_nodes 50
0 46 0.5
0 8 0.1
0 13 0.5
0 37 0.3
0 28 0.5
1 29 0.7
1 23 0.3
1 47 0.7
1 35 0.5
2 45 0.9
2 27 0.5
2 25 0.9
2 40 0.1
3 41 0.7
3 16 0.9
3 5 0.3
3 9 0.5
3 26 0.5
4 8 0.9
4 21 0.5
4 19 0.7
5 13 0.9
5 34 0.1
5 11 0.1
6 34 0.7
6 37 0.9
6 26 0.7
7 10 0.3
7 12 0.3
7 9 0.7
8 28 0.5
8 13 0.7
8 40 0.5
9 16 0.7
9 21 0.3
9 40 0.7
9 23 0.1
9 18 0.5
10 48 0.3
10 26 0.1
10 46 0.3
10 27 0.9
10 33 0.3
11 17 0.7
11 13 0.9
11 20 0.3
11 45 0.7
11 39 0.5
11 40 0.5
12 34 0.9
12 44 0.5
13 26 0.7
13 49 0.1
15 49 0.9
15 24 0.7
15 36 0.9
15 48 0.1
15 47 0.9
16 39 0.7
16 33 0.3
16 29 0.9
17 44 0.5
17 18 0.5
18 20 0.5
18 23 0.3
19 24 0.1
19 38 0.5
19 22 0.5
19 43 0.5
19 20 0.1
19 30 0.1
20 30 0.5
21 45 0.5
21 32 0.3
21 31 0.9
22 47 0.9
22 25 0.1
22 29 0.9
22 32 0.7
22 38 0.1
23 30 0.1
23 26 0.9
23 39 0.1
24 49 0.9
24 37 0.1
24 34 0.9
25 30 0.9
26 41 0.7
29 49 0.9
29 39 0.5
29 31 0.5
30 44 0.9
33 41 0.3
34 38 0.5
36 46 0.7
38 43 0.7
40 43 0.3
44 47 0.3
44 46 0.3
47 49 0.3
