30 60 Varying_K 11
0 27 0.39242349783401664
0 7 0.1591534846354402
1 2 0.7001755944796988
1 19 0.6229073556902001
1 28 0.3435799297969666
2 11 0.4415649490821122
4 5 0.8005769170969407
5 26 0.4089517389663291
5 13 0.054722545011539725
5 17 0.594347335235519
5 7 0.22861009545129762
5 10 0.16241464813055073
5 28 0.9927736738384051
5 14 0.776045851530762
6 19 0.517736164219991
7 16 0.7217856753272397
7 10 0.519038495890396
8 9 0.9621345527638924
8 16 0.41917030743533223
8 15 0.6462544744052504
8 19 0.9333274982828661
9 15 0.2328194270079198
9 25 0.7075520330114173
10 29 0.19268651870544407
11 17 0.3419612516950291
11 14 0.5369192154160077
11 16 0.45443983745177974
11 25 0.8880566460197729
11 18 0.5578607144556524
11 27 0.43041323105304186
11 21 0.18472549172387331
12 20 0.1015564481236495
12 29 0.34650325889376166
12 24 0.31318562807756234
13 28 0.6104018899514064
13 23 0.006468099720909448
13 18 0.987255415013331
14 29 0.7333731644560916
14 25 0.8160621829613962
14 20 0.4177659595977019
14 28 0.8763023354650503
14 23 0.4462063228513926
15 29 0.8578928581498865
15 21 0.07346856861670281
16 27 0.06725671456970439
16 28 0.553824256771185
16 29 0.28380630996970957
16 17 0.7829206184481206
17 21 0.7515303154843874
17 29 0.7997698907492334
18 21 0.4511388172877413
18 23 0.18449720098761102
19 20 0.2969899872567936
21 27 0.194387868927556
22 23 0.7993742245729409
22 26 0.33672421315185586
23 25 0.9670934356457197
24 29 0.11357391332584743
25 26 0.8173606039870156
28 29 0.12509235236266214
