30 120 edge_degree 4.0
0 28 0.3366338612074684
0 22 0.6687674039983863
0 10 0.8434308078425776
0 23 0.5712643992920815
0 29 0.9677149135743588
0 15 0.5804324783029217
0 7 0.5227372226104727
0 12 0.44159272271184724
0 11 0.14116499824234097
0 25 0.5900913215668531
0 27 0.5983617666652068
0 14 0.9250567006242878
0 9 0.3770439443239476
0 26 0.4573573499958671
1 15 0.2520820316878547
1 9 0.2042824687603758
1 13 0.9418761289795137
1 8 0.050924273740021064
1 23 0.99856540482397
2 24 0.8882891101113289
2 11 0.6776418613120929
2 27 0.6035997717856751
2 9 0.5525089711277157
3 8 0.5764385649521214
3 15 0.817770271093815
3 28 0.4145048755603823
3 5 0.9581481543372742
3 23 0.6634990500658264
3 16 0.8743826166412041
4 18 0.24975840913952518
4 25 0.23743597200875277
4 12 0.7333340434486257
5 11 0.11329437118545604
5 24 0.44894132957767463
5 20 0.12142233939688962
5 16 0.23615872610807187
5 17 0.8473584904327071
5 18 0.6942058486493586
5 21 0.014247261914635212
5 14 0.5819537824451209
6 25 0.1342179885179271
6 13 0.5225266659473573
6 21 0.317284709961672
6 24 0.29721527063572173
6 17 0.0882900172379748
6 8 0.3312051652006113
6 16 0.5867111511614829
7 18 0.9028829114971372
7 16 0.7929280167676821
7 11 0.5454429510201511
7 21 0.9642817330686317
7 24 0.8806057236047892
7 23 0.9793479044975444
7 12 0.41523237670564106
7 20 0.28949027848098463
7 8 0.0772893944343983
8 14 0.6692389440327737
8 29 0.2454383041777266
8 16 0.8346420096752172
8 20 0.9530603762171487
9 14 0.6976467193041089
9 27 0.7499874866871437
9 22 0.9495349685961317
10 28 0.4199013893919613
10 19 0.5851706043528111
10 15 0.8653608793487141
10 12 0.7857995217641294
11 12 0.8552790536241688
11 16 0.04208962828319751
11 14 0.9730654399246804
11 18 0.3407971573435028
11 13 0.77438178068655
12 20 0.9661836734370607
12 26 0.4748023104140655
12 21 0.011932127893279354
12 16 0.9230052631991755
12 25 0.04391208510831568
12 18 0.24709059244746434
13 19 0.3601307348182161
13 26 0.6675239366888174
13 16 0.28263235244451146
13 21 0.5251881310533149
13 25 0.3143371321673204
14 15 0.8999878343530965
14 24 0.4356911628415441
14 21 0.6890901952371243
14 19 0.9364092920799962
14 22 0.0008807275802215075
15 24 0.3716759211168047
15 17 0.08969331134642367
15 27 0.6699594347905569
15 23 0.06824651891693234
15 26 0.8469241471921265
16 29 0.4862278945968034
16 26 0.18326943894539682
16 23 0.14972992890775005
16 24 0.2659741583920803
17 20 0.8326860734366393
17 29 0.8851488047606183
17 28 0.4286083908395376
17 27 0.03289108216078096
17 21 0.5650321021752238
17 25 0.4915054362476897
18 28 0.5693871886594098
18 27 0.3524119239701494
18 19 0.5084782948085382
19 23 0.2046110813222477
19 25 0.14893928744917306
20 29 0.19508261777783997
20 23 0.988437856653955
21 23 0.17333771572654177
21 26 0.906123589386656
22 23 0.699924077752781
22 24 0.702300313494999
22 27 0.2636336977895739
23 25 0.26053590118799597
23 28 0.8520790166898677
25 27 0.08035942288483278
26 29 0.9178343008418056
26 28 0.7283429123289802
