30 66 edge_degree 2.2
0 27 0.38188004184649005
0 7 0.09312054378253332
1 2 0.3849390159884216
1 19 0.2536883427097515
1 28 0.8920725413760504
2 11 0.17698057597837136
2 25 0.2672697767563055
4 5 0.08976165503890299
5 26 0.7765394158793316
5 13 0.5117242914339211
5 17 0.000524672410775473
5 7 0.35797057339523186
5 10 0.3413132422316413
5 28 0.07898185673884317
5 14 0.8561373712899831
6 19 0.9105740164004804
6 15 0.1391266629829434
7 16 0.49558343758884615
7 10 0.5104126193388011
8 9 0.3511191982799312
8 16 0.26700396077221755
8 15 0.5498616152563334
8 19 0.43787296844914503
9 15 0.8066767936250157
9 25 0.3461498624690682
9 23 0.6394545313465836
10 29 0.5889856883721778
10 26 0.8585430579434039
11 17 0.45934879644830884
11 14 0.9821063494689635
11 16 0.5004520738175442
11 25 0.8921743086700742
11 18 0.8578614949264407
11 27 0.5020411022291832
11 21 0.7859266789919255
12 20 0.6479207201186378
12 29 0.571719557416143
12 24 0.05728800241769649
13 28 0.2638406314150521
13 23 0.9548451941878948
13 18 0.9307324428584484
14 29 0.45146598173696595
14 25 0.27214201681668015
14 20 0.5401462020769892
14 28 0.3420547106349846
14 23 0.13438336540385876
15 29 0.5027658564469298
15 21 0.35531465469117185
16 27 0.5811044128945626
16 28 0.8768797638594575
16 29 0.40198522465901765
16 17 0.8312665266144211
17 21 0.5905360094000237
17 29 0.8221220321947993
18 21 0.1575841082066629
18 23 0.6937470940749818
19 20 0.2393484491142005
19 28 0.530508650989084
21 27 0.11038116749491822
21 29 0.4582971164566455
22 23 0.6075199132522281
22 26 0.04258042313491173
23 25 0.06196027950979821
24 29 0.047138041350002546
25 26 0.7868948435374173
28 29 0.732222017048939
