30 120 edge_degree 4.0
0 29 0.3824082147740375
0 21 0.7046686660593942
0 26 0.42360043271589654
0 4 0.965326121938062
0 9 0.6553388789090329
0 10 0.08623258397320266
0 12 0.8553315840315654
0 18 0.4708615078490357
0 11 0.4804762600241873
1 18 0.33549064523947025
1 4 0.5821268023613352
1 19 0.860904068089485
1 12 0.24122204939683856
1 7 0.8400955565983008
1 6 0.45193168613866097
1 27 0.2192358473517384
1 20 0.5257871131437232
1 21 0.15556755204077455
2 19 0.27938389527029217
2 24 0.672005437723323
2 3 0.017808171468304823
2 11 0.8095843857184378
2 25 0.8314598794984779
3 11 0.18289086730883253
3 18 0.8263357239046386
3 27 0.25446666599432555
3 17 0.6250168912947835
3 12 0.9054889066241203
4 17 0.44848727690996226
4 27 0.9489780845475603
4 28 0.5486275831857049
4 22 0.9833962296170798
4 11 0.24110856770199784
4 20 0.6110694321011172
4 9 0.5302986736414573
5 24 0.13078933507282198
5 22 0.2585980730340054
5 10 0.45676054153045365
5 11 0.3473249249380098
6 7 0.7138077882867981
6 15 0.8190756911306162
6 20 0.24588354973415505
7 18 0.23760775729822914
7 20 0.6144580026866984
7 29 0.41499184602717887
7 16 0.9157515377911969
7 8 0.6165691974793182
7 26 0.2765696426738815
8 17 0.928865456040602
8 27 0.2924332149290768
8 21 0.3528056390713252
8 9 0.09247891384677476
8 16 0.3332859694623953
8 19 0.48118301849691303
8 22 0.5621762401771802
8 20 0.7506145612142016
9 24 0.049491666701649506
9 13 0.8480577611550361
9 17 0.8003162297456269
9 14 0.31993390553185963
9 25 0.6453176919178438
10 28 0.06231392600009855
10 17 0.8516511828174023
10 18 0.9001668797490472
10 20 0.39748425930895936
10 24 0.5202495876571174
10 19 0.013354245212396587
10 21 0.19825527186101355
11 29 0.8605271436772503
11 17 0.5696141953644408
11 14 0.7481951509867925
11 19 0.5443992591344989
11 27 0.3374493395051459
12 20 0.012398863075264721
12 23 0.36704970440620166
12 28 0.05991615382575022
12 18 0.8283828743096903
12 16 0.8909893431142326
13 29 0.044669974379526134
13 24 0.06943164997274787
13 18 0.295051777871706
13 28 0.6758096493131426
13 20 0.684421761452206
13 25 0.5719974591192456
13 21 0.5276631825415945
14 29 0.27677515675066544
14 27 0.6468688520531026
14 25 0.6307233509626027
15 19 0.6401902941255058
15 26 0.0869463201722741
15 22 0.8605179148392776
15 17 0.7677243236859406
15 27 0.20066603432376762
15 20 0.6669571923432062
15 23 0.4251354712377935
16 29 0.7714471294996994
16 26 0.090868172421807
17 26 0.7478222309202774
17 19 0.852375588116601
18 20 0.49098806881650026
18 25 0.6276552921484638
18 28 0.21385806640514704
18 26 0.450566163543038
18 22 0.35506488659137436
18 19 0.28038073960572096
19 21 0.08817145942509574
19 24 0.8406336104132486
19 25 0.9709839533876822
20 27 0.019907479821019702
20 22 0.9677940308386863
20 25 0.9337468065019251
21 29 0.7651145584435181
21 23 0.7985666403383559
22 25 0.46722502079108974
22 27 0.468739067947861
22 23 0.528657074738542
23 29 0.46745809291087514
24 26 0.6955867602658772
27 28 0.6133273055095008
28 29 0.2338272691198907
