30 66 edge_degree 2.2
0 2 0.01906563719483345
0 29 0.27977828540407623
0 1 0.6001029230823743
1 7 0.22013536645542897
1 25 0.43199589291951856
1 2 0.13646198321327896
1 26 0.8452050422285016
2 4 0.44814677541474746
2 11 0.7872307427943599
2 8 0.776509579991276
2 13 0.9476369224516001
2 28 0.8356692437112414
3 23 0.7582249835278217
3 26 0.8490306100858833
3 10 0.8100583338982879
4 10 0.0220309325175424
5 24 0.8810106087675914
5 6 0.09021187677819698
5 7 0.6734005433149971
5 14 0.6406143192465447
5 11 0.9968449023244634
5 29 0.006110223584885555
6 8 0.3507532035348606
6 13 0.07248463444919662
6 21 0.9127115729431347
6 29 0.014352995835848814
6 28 0.5095657348603013
7 9 0.21474642681208922
7 15 0.03880719433980506
7 22 0.06062044944233036
7 27 0.8570210751664159
8 11 0.5966648301779872
8 25 0.46579938500948437
8 26 0.5149158976989463
8 16 0.817097141358949
8 14 0.002012128298795157
8 24 0.875658798238599
9 29 0.15339959858363883
9 26 0.015835380819325118
9 18 0.17125762771052278
9 27 0.9352421034091005
9 13 0.346103021231983
9 14 0.6857052145596424
10 21 0.5064498955875366
10 18 0.7279687632607703
11 22 0.7759957448393636
12 15 0.6616441592103639
12 17 0.9281522085232573
12 16 0.44525006877533635
13 19 0.832354345824668
13 23 0.8639228169025452
14 20 0.9341862183074128
15 22 0.7130159488912372
16 17 0.1573947002874675
16 24 0.9835374556921115
17 27 0.7006738189083624
17 20 0.4233870793587753
18 19 0.3737805496929357
19 27 0.7096760523587065
20 26 0.7618681140703265
20 27 0.9659199824246538
22 28 0.37085415605451477
23 27 0.08194667196128913
24 25 0.6610626742132993
26 29 0.2665773981398206
27 28 0.2585674060285248
