30 66 edge_degree 2.2
0 16 0.008789966836559415
0 23 0.19524354577626912
0 27 0.49412509323861575
0 6 0.7243431329789943
0 9 0.920274072671311
0 19 0.91963290455171
0 12 0.015584756141865275
0 26 0.27750836771816845
1 20 0.9585171512267879
1 8 0.06768462033487388
1 14 0.9054237784191697
2 25 0.5071848899284487
2 10 0.15229469860965072
3 11 0.11209871677986594
3 17 0.6213332169623923
3 24 0.8250497785410685
3 18 0.38316359562336455
4 19 0.030287146205641435
4 8 0.5418831209709245
5 28 0.7131883116286992
5 8 0.6243014550018312
5 24 0.6751846718890036
5 27 0.6174608004693484
5 9 0.6506120746370617
5 6 0.3351708460973727
5 29 0.8745102671226923
5 10 0.5558408240354243
5 22 0.6378823992171946
6 13 0.7834248674201756
6 24 0.13476817424755672
6 10 0.10852618606086173
6 22 0.5269762879326472
6 19 0.13794489694448153
7 24 0.3459532705028904
7 12 0.6470840433791756
7 18 0.233508430409483
7 29 0.2998259192341203
8 19 0.10377254732253216
8 16 0.5448714335990668
9 26 0.41348954673002025
9 11 0.2358850446824241
9 27 0.3882819757891891
11 23 0.23874133629689787
11 13 0.047086555913660844
11 27 0.1872023209190573
11 16 0.226921675373847
11 28 0.5936880030639625
11 25 0.9582327162505093
12 24 0.24671263926025977
12 28 0.04681336390309321
12 18 0.14756510850608595
14 26 0.1550579400767923
14 19 0.5181984030403551
14 24 0.2672520324930814
15 27 0.14023802511200656
15 22 0.2636331339344219
17 28 0.770239348298229
17 25 0.43909954113421923
18 19 0.5497332071434675
20 29 0.007380608492539298
20 21 0.2539339836808915
21 22 0.8036569467690059
22 25 0.9119730464836743
23 26 0.4145749190929022
23 24 0.47065296775640286
27 29 0.22863303440784843
