80 160 Varying K 11
0 9 0.1
0 61 0.1
0 62 0.3
0 41 0.5
1 60 0.5
1 8 0.9
1 43 0.9
1 61 0.9
2 37 0.7
2 40 0.5
2 75 0.9
2 7 0.9
2 30 0.7
3 34 0.7
3 35 0.9
3 13 0.5
4 17 0.3
4 39 0.3
4 68 0.1
4 67 0.7
4 52 0.1
4 28 0.1
4 65 0.1
4 61 0.1
5 38 0.5
5 15 0.3
5 48 0.5
5 43 0.7
5 31 0.7
6 73 0.3
6 52 0.9
6 34 0.1
6 60 0.7
6 8 0.5
7 42 0.7
7 61 0.5
7 16 0.1
8 77 0.5
8 61 0.7
8 44 0.1
8 75 0.7
9 40 0.5
10 43 0.5
10 79 0.9
11 61 0.3
11 65 0.1
12 46 0.3
12 13 0.7
13 27 0.7
13 76 0.9
13 79 0.9
14 78 0.1
15 36 0.9
15 28 0.1
15 21 0.3
15 25 0.9
15 68 0.9
16 69 0.9
16 72 0.1
16 53 0.1
16 43 0.1
16 35 0.3
17 56 0.5
17 48 0.7
17 75 0.9
19 50 0.3
19 29 0.7
19 52 0.1
19 33 0.9
19 25 0.7
20 75 0.1
20 77 0.7
20 40 0.3
21 56 0.7
21 30 0.7
22 40 0.7
23 46 0.7
23 55 0.1
23 73 0.1
24 29 0.7
24 40 0.1
24 33 0.7
25 52 0.7
25 55 0.5
27 63 0.1
27 72 0.3
28 34 0.5
28 42 0.5
28 45 0.1
29 43 0.9
30 75 0.5
30 64 0.3
30 55 0.3
30 41 0.9
31 34 0.5
32 47 0.7
32 69 0.1
33 70 0.7
33 55 0.9
33 66 0.3
33 76 0.3
34 73 0.7
34 64 0.1
34 57 0.5
34 59 0.7
35 70 0.7
35 62 0.7
35 43 0.3
36 69 0.7
37 78 0.3
37 66 0.1
37 53 0.1
38 53 0.7
38 55 0.5
38 70 0.7
38 58 0.5
38 48 0.5
38 64 0.1
38 46 0.1
39 64 0.9
40 46 0.9
40 47 0.7
41 69 0.9
41 76 0.7
42 75 0.7
44 73 0.9
44 75 0.1
44 53 0.5
44 49 0.5
45 59 0.3
45 77 0.3
47 77 0.9
48 58 0.7
48 78 0.9
49 66 0.5
49 54 0.9
49 64 0.7
49 75 0.3
50 73 0.7
51 73 0.9
52 74 0.1
52 72 0.7
53 54 0.3
53 74 0.3
54 66 0.1
55 71 0.9
58 66 0.7
60 74 0.9
60 69 0.5
60 70 0.5
60 76 0.9
62 64 0.9
65 79 0.7
67 68 0.1
67 79 0.1
68 74 0.7
71 76 0.7
72 73 0.5
75 76 0.7
77 78 0.9
