80 160 Varying K 11
0 38 0.7
0 27 0.3
0 69 0.7
0 21 0.5
0 6 0.5
1 73 0.9
1 78 0.5
1 66 0.3
2 51 0.9
2 41 0.1
3 33 0.1
3 58 0.5
3 56 0.7
4 41 0.3
4 62 0.9
4 10 0.9
5 33 0.9
5 10 0.5
5 45 0.1
5 46 0.1
5 77 0.3
5 63 0.9
5 50 0.1
5 17 0.5
6 40 0.7
6 25 0.7
7 28 0.5
7 29 0.5
7 21 0.5
7 34 0.1
8 11 0.3
8 52 0.1
8 25 0.3
9 37 0.9
9 63 0.1
9 10 0.7
9 14 0.7
9 66 0.9
10 36 0.7
10 46 0.7
11 77 0.3
11 70 0.9
11 49 0.5
12 41 0.1
12 56 0.9
12 51 0.5
13 50 0.5
13 22 0.9
14 26 0.7
14 72 0.1
14 32 0.1
14 76 0.1
14 69 0.7
15 42 0.5
15 67 0.3
15 54 0.5
15 39 0.1
16 79 0.7
17 32 0.3
18 25 0.9
18 41 0.3
18 32 0.9
19 61 0.9
19 41 0.9
19 76 0.7
19 22 0.5
20 57 0.7
20 42 0.1
20 27 0.1
20 77 0.3
20 47 0.7
21 39 0.5
21 58 0.9
21 73 0.3
21 59 0.5
21 71 0.9
22 31 0.3
22 37 0.1
23 35 0.3
23 29 0.7
24 34 0.1
24 52 0.5
24 79 0.1
24 63 0.5
24 35 0.5
25 56 0.3
25 71 0.3
25 61 0.3
25 30 0.5
26 54 0.9
26 29 0.5
26 55 0.9
26 48 0.5
27 33 0.5
27 54 0.5
27 34 0.5
28 53 0.3
28 70 0.3
29 39 0.9
29 62 0.9
30 38 0.3
30 78 0.7
31 64 0.9
31 74 0.9
31 56 0.5
31 67 0.5
31 52 0.1
32 77 0.1
33 53 0.7
33 43 0.7
35 46 0.5
35 60 0.7
35 59 0.5
35 74 0.9
36 55 0.3
36 41 0.7
37 70 0.5
37 47 0.9
37 73 0.5
37 56 0.1
37 52 0.9
37 43 0.3
37 45 0.7
38 44 0.7
38 61 0.5
39 65 0.7
39 49 0.7
39 72 0.9
40 60 0.5
40 78 0.3
41 75 0.3
41 63 0.5
42 71 0.7
43 49 0.9
43 60 0.5
43 50 0.5
45 55 0.5
46 79 0.3
48 76 0.5
48 50 0.7
49 51 0.7
50 56 0.7
51 72 0.1
52 79 0.7
52 56 0.9
53 67 0.1
53 56 0.9
54 76 0.9
55 65 0.7
56 64 0.9
58 69 0.7
59 69 0.9
60 72 0.3
60 67 0.7
61 67 0.5
62 69 0.9
62 71 0.7
62 76 0.5
66 68 0.1
78 79 0.1
