80 160 Varying K 11
0 76 0.1
0 47 0.1
0 44 0.3
1 27 0.3
1 57 0.3
1 74 0.1
2 38 0.7
2 32 0.3
2 70 0.5
2 40 0.9
3 59 0.5
3 34 0.9
4 37 0.7
4 30 0.9
4 7 0.9
4 39 0.7
4 53 0.7
4 47 0.1
5 23 0.5
5 60 0.9
6 31 0.1
6 20 0.5
6 17 0.1
7 22 0.9
7 53 0.1
8 33 0.9
8 43 0.1
8 46 0.1
9 20 0.1
9 75 0.9
10 19 0.1
10 76 0.9
10 53 0.1
11 55 0.9
11 69 0.3
11 62 0.9
11 77 0.9
12 38 0.7
13 69 0.1
13 59 0.7
13 52 0.9
13 48 0.7
14 20 0.7
14 18 0.9
14 40 0.5
14 70 0.5
15 31 0.9
16 26 0.7
16 72 0.1
16 45 0.9
17 79 0.1
17 25 0.3
18 21 0.1
18 46 0.7
18 53 0.7
18 37 0.5
18 66 0.1
18 20 0.9
18 41 0.7
19 47 0.5
20 25 0.3
20 76 0.1
21 55 0.9
21 66 0.7
21 67 0.1
21 78 0.7
21 28 0.3
22 39 0.1
22 63 0.5
22 43 0.9
22 57 0.7
23 49 0.5
23 26 0.3
23 40 0.9
23 43 0.7
23 79 0.7
23 28 0.5
23 61 0.7
24 70 0.5
25 69 0.3
25 49 0.5
25 79 0.7
25 46 0.9
26 27 0.1
26 43 0.9
26 30 0.5
28 63 0.1
31 48 0.9
31 73 0.5
32 79 0.7
32 67 0.7
32 58 0.7
32 41 0.7
32 53 0.3
33 37 0.9
33 76 0.3
34 65 0.3
35 52 0.7
35 43 0.5
35 37 0.9
35 62 0.7
35 59 0.3
35 44 0.5
36 64 0.3
36 61 0.1
37 40 0.7
37 69 0.1
37 74 0.3
37 61 0.7
38 42 0.3
38 53 0.1
38 63 0.9
39 45 0.1
39 61 0.5
39 40 0.9
39 62 0.7
40 61 0.1
41 72 0.9
42 63 0.9
42 46 0.3
43 65 0.3
44 59 0.5
44 76 0.3
44 45 0.7
44 52 0.1
44 51 0.5
45 67 0.5
45 51 0.3
45 65 0.7
45 75 0.9
46 53 0.9
46 71 0.9
47 60 0.3
47 75 0.9
47 59 0.1
48 74 0.1
48 68 0.1
48 78 0.5
48 76 0.3
48 72 0.1
48 49 0.5
51 68 0.1
51 60 0.7
52 53 0.3
54 55 0.3
56 79 0.9
56 75 0.1
58 79 0.1
58 62 0.1
60 61 0.5
60 70 0.3
61 72 0.1
64 70 0.9
65 78 0.7
66 74 0.9
68 72 0.1
69 78 0.7
70 79 0.5
70 78 0.1
75 77 0.1
