80 160 Varying K 11
0 57 0.009412024571184174
0 49 0.44137443609045857
0 68 0.41290731429351313
1 69 0.561893076465959
1 25 0.2592079287648362
1 35 0.09001462598205401
1 16 0.8296022608913832
1 78 0.5190323170911874
1 11 0.2057336091353541
2 3 0.569602870816371
2 37 0.7808269594281039
2 57 0.3941871784877201
2 55 0.6215745078486663
2 28 0.7455777913493212
2 63 0.8069020181227814
2 20 0.10951980332441202
3 49 0.37615155922928456
3 40 0.06702669442036013
3 54 0.04519292399925401
3 60 0.361151936278409
3 29 0.08549081770315059
3 39 0.11213776184573676
3 67 0.9661997506808266
4 61 0.34971179669362873
4 32 0.8271613615561252
4 20 0.6585650841420572
4 71 0.7201360212618484
4 65 0.14016781290771263
5 39 0.04319435329798693
5 8 0.1011777979518177
5 52 0.3715887167806925
5 37 0.8066618739935535
5 24 0.887380373060991
6 39 0.25818140977590487
7 61 0.7248407661382273
7 38 0.10642579788966067
8 32 0.9721680234342046
8 37 0.7938392433921629
9 10 0.6290419046057355
9 48 0.20136493135171507
10 17 0.8155772863959725
10 34 0.13974274250279473
11 47 0.3364549142610457
11 70 0.1379734349749966
12 62 0.35824652836727533
12 23 0.29439642083879736
12 44 0.18478957029871768
12 48 0.9507605120445886
13 75 0.492892056239837
13 20 0.6654033402059556
13 33 0.8531148733477866
13 49 0.054042058029526885
13 41 0.35981236772957104
13 35 0.38165777576087345
14 79 0.04953293524318325
14 60 0.3330178055784636
14 37 0.08467144943556171
14 43 0.3615556315286348
14 58 0.1666524685662477
14 52 0.06203464266529868
14 57 0.19371327256470772
15 63 0.6461155964907057
15 37 0.10209329014646285
16 65 0.521150847471527
16 27 0.3349621088617686
16 18 0.13532225232351458
17 72 0.44619650488439166
17 62 0.5161319165761626
18 50 0.5985861815024723
20 21 0.003858071088024717
20 53 0.4378335598188746
21 34 0.6377594212259633
21 79 0.7659303172380817
22 53 0.6723651371864041
22 70 0.4967168027652271
23 74 0.5063558608642981
23 44 0.4728239586051698
24 38 0.49230554417566563
24 53 0.694054392033021
24 63 0.15143140242556907
25 70 0.8124412053381465
25 48 0.1522068504312023
25 41 0.16885163002455095
26 48 0.06514279361471431
26 54 0.36560527114586017
26 77 0.5191771962557012
26 73 0.32120466003750725
27 48 0.9854710731303573
27 75 0.8385089560765815
27 34 0.09664365028738453
27 68 0.42476392345077363
28 67 0.8793871919895472
28 58 0.9220685597539833
28 66 0.8933449591199336
28 57 0.3259974752107142
28 72 0.3376900577055739
29 34 0.8641780042575604
29 70 0.15411207903194424
29 44 0.30477115615620987
29 64 0.17944798149012053
29 51 0.49268101509959383
30 68 0.7259081128270652
30 77 0.18168383157929613
30 75 0.004823953743609
31 51 0.7035224696309523
31 34 0.31265937149267564
32 67 0.627868022400109
32 65 0.9591816545310528
32 72 0.9266713895585426
32 47 0.0900474967239765
34 58 0.6356155837605979
34 42 0.3129206709074712
36 75 0.8704024964561208
36 51 0.5834210970498888
37 58 0.6350090152263247
37 64 0.8788308094235503
37 46 0.12445512635609135
38 39 0.5456751472396013
41 63 0.6083327234300707
41 54 0.49691908826557696
41 78 0.3706223264773494
42 64 0.5500100979239116
42 78 0.33202281218571716
43 49 0.7850298357162825
43 54 0.8482997287332188
44 65 0.8046117064208852
44 53 0.2069222413862437
44 70 0.028039220284051036
45 73 0.7358449503154364
45 62 0.9856060725510938
46 70 0.3799364621136261
46 72 0.8358593134076496
47 62 0.5755841598144698
50 75 0.11371145417938167
50 66 0.7458037804859996
50 74 0.7429824577863108
50 73 0.018471462804027006
52 64 0.6664984682298082
53 71 0.46148678186887326
54 64 0.6218392374482694
54 69 0.23119403228130386
55 77 0.0673476025360702
55 75 0.7269828099019073
56 63 0.5158590548017319
56 65 0.6694970113931253
57 60 0.17170365796390374
57 64 0.2929109989242923
58 76 0.7208784021436067
58 72 0.13700754152443317
62 68 0.6847390793470582
63 64 0.14902015938771984
64 76 0.01441555991035881
66 71 0.4398117627461884
68 72 0.6533484699913557
69 70 0.9759361760501872
69 79 0.9158370555803912
70 77 0.908387652420211
70 74 0.9668344529313663
70 73 0.15551432275641208
75 78 0.10264982302620618
