80 160 Varying K 11
0 49 0.6691654895995861
0 4 0.8222595192289661
0 67 0.7163080199850567
0 9 0.8028427863629561
1 24 0.7632789158295415
2 5 0.20059302908490628
2 71 0.9238857466759188
2 12 0.7527257818707784
2 74 0.6088092045978306
2 46 0.5686638525978149
2 39 0.48068860971968586
2 25 0.713295225759396
3 46 0.9191676703047947
3 22 0.014391363270658042
3 31 0.1592542479482303
3 8 0.06975706964947392
3 39 0.6742035138708915
3 13 0.29802655147001866
3 66 0.24328573394873632
3 36 0.8036627983920968
3 79 0.9973376224099747
4 74 0.21680397908776372
4 34 0.6549451843219926
4 54 0.7679437373276919
4 32 0.07449014500653728
4 65 0.18737983897348232
4 19 0.5474464397794172
4 11 0.7127791370721502
5 75 0.6929783348641335
5 77 0.7970893537700185
5 60 0.6193004742106993
6 73 0.4762478830434792
6 75 0.5044166441842385
7 11 0.5571338640747577
7 13 0.5903747230274631
7 26 0.026036161670851654
7 46 0.32767248890288003
7 17 0.6172180668356837
7 57 0.8742582688056261
8 53 0.7511581112700713
9 43 0.9623360971858012
9 56 0.6843318625800793
9 28 0.8250720413799403
9 12 0.20930311234100984
10 46 0.9626662951569201
10 14 0.9594527845557909
10 32 0.9719608680043597
10 78 0.09617663851440339
10 54 0.6706530651633898
11 40 0.3318925502265466
11 65 0.07042903356292651
12 21 0.6297793565438563
12 61 0.19292416631653964
12 52 0.981610253601841
13 29 0.04155813356896798
13 30 0.28696398219346353
13 27 0.9533778768086508
13 39 0.898676137407776
14 36 0.5673611558112674
14 20 0.47909120653665827
14 73 0.7609319447942673
15 66 0.43652021267911767
15 32 0.37357031561845855
16 20 0.09972685995882358
16 57 0.6971734115883101
16 37 0.39480870246805844
17 65 0.934333095848785
17 66 0.14872919758442615
17 59 0.5919789147275277
18 43 0.9817953459374302
18 47 0.7716264674907979
18 69 0.9417868137937512
19 31 0.9961877686610462
19 79 0.7026587410891575
20 55 0.783355910255445
20 57 0.3653938574420903
20 29 0.8087829634612564
21 39 0.9882282649747732
21 67 0.7866474352712878
21 41 0.6774140568180512
22 71 0.9190150531480508
22 41 0.47689157592332865
22 46 0.09866422831485389
22 45 0.5573974049267106
23 57 0.8948205597084434
23 66 0.14522316875139574
23 29 0.9314343595060995
23 74 0.974622834523352
24 62 0.31738544153056336
26 39 0.3705971133548489
26 55 0.034788307946964414
26 59 0.9652256853431328
27 77 0.4333169309008651
27 48 0.2117132986245751
28 62 0.41605253425552613
28 60 0.6397516665737462
29 30 0.16459650624281208
29 58 0.9209589161657256
29 31 0.692807912813889
29 75 0.35420751985869225
31 67 0.6365333440135896
31 34 0.5301103307738975
32 77 0.29501637054014807
32 47 0.9259641032026715
32 46 0.4832979199876182
33 51 0.8362611893299364
33 70 0.8102283818639175
34 78 0.046628063154473764
34 75 0.6753397280171624
34 61 0.37198296534794584
35 62 0.898409211419389
35 54 0.31631798606587835
37 47 0.8239250182449126
37 63 0.6103193816680603
37 50 0.708940835625708
38 64 0.2814236862166436
39 61 0.9282605365159208
39 68 0.966396713570392
39 47 0.7289999045079415
40 59 0.14763015576849425
41 65 0.9047756238815727
42 50 0.015527773377982057
43 62 0.7799449668309133
44 72 0.024424723238596235
44 78 0.288039636760395
44 50 0.454129271794562
45 46 0.9207405090277757
45 65 0.2556705175205314
45 58 0.20138989310731636
46 65 0.7621844910624498
46 75 0.4727936965504138
46 79 0.6937908377180869
46 78 0.6353201150422315
47 69 0.36661236045279777
47 50 0.6325277304486217
48 54 0.9982366399872862
49 52 0.12120349666705454
50 65 0.09106619670815264
50 62 0.7770216580515759
51 59 0.8145446609484247
52 75 0.9404615456702018
52 62 0.39798976019882126
53 67 0.30848811183967084
53 77 0.8735156236270398
53 62 0.7414429862712223
54 65 0.4099493432440551
56 64 0.9108456482270683
57 70 0.20107278587755884
58 59 0.09250870485839191
58 71 0.9704656301001554
61 67 0.8557024249127818
62 65 0.4361524933727269
62 76 0.127831948719204
63 64 0.230001460908538
64 78 0.8922650512130714
65 71 0.7083570270317698
66 71 0.8761853823325653
66 74 0.9547139554097501
73 74 0.8718062977679836
75 78 0.5080076251365333
