80 160 Varying K 11
0 9 0.05195106887996204
0 61 0.781821581828878
0 62 0.7156423397201913
0 41 0.6354235069561155
1 60 0.057168400535028585
1 8 0.004446176398369306
1 43 0.02320235895016398
1 61 0.48393357510209145
2 37 0.7802025253585879
2 40 0.2238777787653392
2 75 0.921133463285274
2 7 0.09837399851696826
2 30 0.3319755904277639
3 34 0.5277805928347965
3 35 0.8903773833625793
3 13 0.17430957197860208
4 17 0.4815321481085776
4 39 0.08763489562395188
4 68 0.8492355454274809
4 67 0.6774065794191942
4 52 0.9453703322067466
4 28 0.35855457076599906
4 65 0.7788602769038522
4 61 0.030271372180219247
5 38 0.11872081542029822
5 15 0.8828401905929423
5 48 0.6208849159606826
5 43 0.4448158744524776
5 31 0.6406887369129232
6 73 0.9694540331413991
6 52 0.7290360959092167
6 34 0.25712759417800213
6 60 0.2584580423786078
6 8 0.5537585818444818
7 42 0.9802557069273693
7 61 0.6078607196297665
7 16 0.15150971833774396
8 77 0.8577437132761926
8 61 0.9717614886227572
8 44 0.733615063925636
8 75 0.5812579747596871
9 40 0.5763567040738865
10 43 0.4964829422611625
10 79 0.6456267296222548
11 61 0.19899882954280834
11 65 0.4819625493359567
12 46 0.8113164744656219
12 13 0.08464026588227636
13 27 0.6047611825710951
13 76 0.2920833372689937
13 79 0.21008254264669757
14 78 0.6920179073148474
15 36 0.39135316245052787
15 28 0.7988234326660419
15 21 0.30801017062548397
15 25 0.6836738071526584
15 68 0.582590344326845
16 69 0.4276404031623019
16 72 0.11037051011136112
16 53 0.588879863387748
16 43 0.5100154540519679
16 35 0.13327660244452588
17 56 0.6448001112387587
17 48 0.4810939831208674
17 75 0.14795251720726377
19 50 0.5415360133843292
19 29 0.8441329406549573
19 52 0.5652156930928153
19 33 0.7771728278978591
19 25 0.16653380892438963
20 75 0.7809346716574173
20 77 0.08323971573480571
20 40 0.19475679136274204
21 56 0.18918542222233736
21 30 0.613809798598495
22 40 0.4016015771721738
23 46 0.6752094856400194
23 55 0.6753465359431999
23 73 0.9013351483104148
24 29 0.4007020128352572
24 40 0.7724125167231899
24 33 0.5338374436565009
25 52 0.5763738309475146
25 55 0.2745089213619364
27 63 0.162245291736954
27 72 0.9689200726864123
28 34 0.7504773336469371
28 42 0.5291042078538125
28 45 0.9855202461854273
29 43 0.7362072106410189
30 75 0.5296450657707605
30 64 0.0547805026939262
30 55 0.4163828997040909
30 41 0.7054545589031951
31 34 0.4093005568391209
32 47 0.1655865277846963
32 69 0.6764892177434221
33 70 0.6835085128757727
33 55 0.40603291190015545
33 66 0.8540278194701058
33 76 0.29217056458098056
34 73 0.7426904322645692
34 64 0.6009675982857
34 57 0.6411166189970506
34 59 0.2563770853660299
35 70 0.33257535756908574
35 62 0.7109415205349116
35 43 0.3209516256204059
36 69 0.05010588246099934
37 78 0.014360899118862958
37 66 0.08328612019701054
37 53 0.22242871068324732
38 53 0.38581699225742483
38 55 0.8096962554257461
38 70 0.5167346752982588
38 58 0.021408512492504084
38 48 0.21336498501696444
38 64 0.9377335843306748
38 46 0.7782631402935617
39 64 0.7121895475281023
40 46 0.08434592974930166
40 47 0.8664073317257124
41 69 0.8789642975248089
41 76 0.05690992638809722
42 75 0.0763600545037697
44 73 0.9804480530368702
44 75 0.7463958748974956
44 53 0.3673271818824302
44 49 0.587142853376093
45 59 0.6110168268360578
45 77 0.0258436325301149
47 77 0.07232158340699424
48 58 0.5221356584758068
48 78 0.34917648895252695
49 66 0.3250745160390779
49 54 0.9140654050160184
49 64 0.730184897054961
49 75 0.7567843806942846
50 73 0.5303157961023575
51 73 0.043700015649458135
52 74 0.05217592731830656
52 72 0.5757330831604495
53 54 0.5185210403797502
53 74 0.9532785239558806
54 66 0.0026702682358167307
55 71 0.14759057548497378
58 66 0.7843764510353348
60 74 0.11258935907373868
60 69 0.6141775957721956
60 70 0.9047456206286919
60 76 0.8125173563998466
62 64 0.7540870919302546
65 79 0.46942401746826856
67 68 0.2202587963763356
67 79 0.6207663376175306
68 74 0.8748586564626974
71 76 0.2510473069102026
72 73 0.9274764215220962
75 76 0.24294606021634957
77 78 0.6076867418067485
