80 160 Varying K 11
0 38 0.43015428400687716
0 27 0.7228303678143161
0 69 0.6334423857216592
0 21 0.4497285453703146
0 6 0.5410471427272854
1 73 0.5270575888745517
1 78 0.6686717239134459
1 66 0.9558562241834667
2 51 0.7089420117496937
2 41 0.25251652413973236
3 33 0.22847843331849838
3 58 0.7872250086732872
3 56 0.6746621451282995
4 41 0.8215921122118962
4 62 0.10308845673119682
4 10 0.6590292699281862
5 33 0.900493450149543
5 10 0.24131296534138225
5 45 0.31571829714634136
5 46 0.4597166790678009
5 77 0.3363096589207152
5 63 0.282158364941575
5 50 0.050088689855565915
5 17 0.295541649801628
6 40 0.041896554668357955
6 25 0.21655875515814083
7 28 0.8679874900432291
7 29 0.9338496116217457
7 21 0.6062844491397168
7 34 0.23930127178632354
8 11 0.800479024336938
8 52 0.4573543884736532
8 25 0.9674229194627805
9 37 0.6617570620948634
9 63 0.04942682894467587
9 10 0.41894680175279275
9 14 0.5173596181955685
9 66 0.6338249760488784
10 36 0.1016424871516598
10 46 0.17297870631784107
11 77 0.21452687195345943
11 70 0.6615458444005493
11 49 0.4534781805245153
12 41 0.595399136353359
12 56 0.20314201112046038
12 51 0.24292362295767767
13 50 0.338277930287326
13 22 0.24054194300904452
14 26 0.6539552239362474
14 72 0.3354708928004567
14 32 0.11471670407030043
14 76 0.14713029676314737
14 69 0.6572739405894996
15 42 0.8041902540825742
15 67 0.23264147780849842
15 54 0.9887846556480459
15 39 0.18443103259781712
16 79 0.06255017105588467
17 32 0.8508945104004985
18 25 0.02359969041023935
18 41 0.3632057224151911
18 32 0.41049451839943973
19 61 0.5982532745297843
19 41 0.3777537717975331
19 76 0.38192018816883255
19 22 0.325897171163152
20 57 0.5664477989702766
20 42 0.32473073693792465
20 27 0.8084367111419535
20 77 0.14839737159893296
20 47 0.4361306051243713
21 39 0.73192339423608
21 58 0.2220450283758879
21 73 0.922185673523569
21 59 0.033969082175263954
21 71 0.5910861188243046
22 31 0.22409830932457242
22 37 0.31403924507554404
23 35 0.1169986343440571
23 29 0.7921536526757796
24 34 0.5905210633627179
24 52 0.16734522561396437
24 79 0.28094195146617373
24 63 0.14704306264385614
24 35 0.07379116560898602
25 56 0.47510332507451447
25 71 0.38796796191293415
25 61 0.8467393671811323
25 30 0.875602476883613
26 54 0.8696494651241897
26 29 0.5251645849363338
26 55 0.07370591067566168
26 48 0.5332235090669043
27 33 0.23573665191282045
27 54 0.6592435156850612
27 34 0.6514305058802724
28 53 0.12541593236539061
28 70 0.7646801370507154
29 39 0.280849742615369
29 62 0.26867569728326446
30 38 0.688027159954475
30 78 0.4483891630165703
31 64 0.8968957398674592
31 74 0.5331937410028507
31 56 0.7258210722102665
31 67 0.04296394302166273
31 52 0.5115757456256838
32 77 0.701676173951039
33 53 0.5974139748960648
33 43 0.6007996867166026
35 46 0.2778015520677536
35 60 0.21146032685979532
35 59 0.4238367602258115
35 74 0.8521996643069398
36 55 0.20357195071309186
36 41 0.9488359947730862
37 70 0.4852420255800507
37 47 0.7791953968922047
37 73 0.12524618825257583
37 56 0.09006074043992451
37 52 0.6374953519941862
37 43 0.43805201537315774
37 45 0.12306710261363973
38 44 0.42223585004575326
38 61 0.21053677375655044
39 65 0.39315548693664815
39 49 0.13661589127218732
39 72 0.15692515310452626
40 60 0.8136638523642222
40 78 0.908930767587704
41 75 0.20172980197265056
41 63 0.1029104718538556
42 71 0.24782798855905097
43 49 0.9871904244562378
43 60 0.9977193897334903
43 50 0.6956605125507073
45 55 0.007947175550439334
46 79 0.33717773519833494
48 76 0.7945808966520811
48 50 0.38051491202434296
49 51 0.7363786156470856
50 56 0.6719822419560357
51 72 0.26200391291493663
52 79 0.7700831860889716
52 56 0.3951050158230275
53 67 0.10295997719667349
53 56 0.6235781889066893
54 76 0.8649688473731657
55 65 0.7812209882237875
56 64 0.18350090846963807
58 69 0.7798042603288204
59 69 0.3568842569152191
60 72 0.4003342161052529
60 67 0.760101516092999
61 67 0.5239947658307346
62 69 0.3028575325562268
62 71 0.7858099210697503
62 76 0.914681888567877
66 68 0.3250697835296269
78 79 0.7742954483662036
