80 160 Varying K 11
0 76 0.3343069237031918
0 47 0.8319467076564122
0 44 0.9055716084553012
1 27 0.16227582774999072
1 57 0.4940965754411535
1 74 0.7269176858615729
2 38 0.675517885696616
2 32 0.9235643342562528
2 70 0.7706871094437274
2 40 0.43136354030015556
3 59 0.6272115362940351
3 34 0.9463448643657798
4 37 0.3603143264191302
4 30 0.9764104699974874
4 7 0.17852314314312123
4 39 0.9863701402290874
4 53 0.9683128059498943
4 47 0.6816030264041012
5 23 0.4669287453243274
5 60 0.6787987074645341
6 31 0.03828736493710627
6 20 0.5165679272405086
6 17 0.6723368669008417
7 22 0.7065165450797661
7 53 0.7156258738378725
8 33 0.03175122685892495
8 43 0.27985683305200104
8 46 0.5532269665825033
9 20 0.010713505438568416
9 75 0.6975415758205236
10 19 0.782380564470918
10 76 0.6878533853886912
10 53 0.8727351888842805
11 55 0.7041696504548361
11 69 0.8420663008542736
11 62 0.37858790039459134
11 77 0.7444878998552655
12 38 0.7016032884483824
13 69 0.21548985142207056
13 59 0.06600257711443724
13 52 0.5730350839366376
13 48 0.29672495544649236
14 20 0.9322819260431909
14 18 0.6935640596692058
14 40 0.21505472012559923
14 70 0.6780456958557005
15 31 0.1618220187941174
16 26 0.6770260728216079
16 72 0.31835739367021254
16 45 0.5734011461785522
17 79 0.8238229111232311
17 25 0.08958449662899126
18 21 0.8379510516666424
18 46 0.40006634641555816
18 53 0.08682583451191195
18 37 0.14614221399618788
18 66 0.5477928838142159
18 20 0.4627858899246039
18 41 0.6524809444273405
19 47 0.45333884404231384
20 25 0.6859925752468766
20 76 0.9683109948683255
21 55 0.401291199292496
21 66 0.0905175089062844
21 67 0.20038166790373557
21 78 0.9155415745070938
21 28 0.9023633047371512
22 39 0.5379479133283868
22 63 0.8835879058628658
22 43 0.7333044121747152
22 57 0.8353724990231686
23 49 0.9781934545788195
23 26 0.07104371033938206
23 40 0.5360491925547732
23 43 0.7165162128290922
23 79 0.6436398434079564
23 28 0.31828275499825687
23 61 0.23913499147372042
24 70 0.9408223955414855
25 69 0.9114359419553844
25 49 0.9983234509808407
25 79 0.8363265527426829
25 46 0.1837655001973132
26 27 0.9917937063654418
26 43 0.8868117617194191
26 30 0.30516196991286293
28 63 0.022558601026317904
31 48 0.3234465207891215
31 73 0.27249330235415337
32 79 0.8402714435152092
32 67 0.24307535215611809
32 58 0.5943533631861546
32 41 0.9303783000452762
32 53 0.25128066146787764
33 37 0.17138300001899442
33 76 0.7110028154361033
34 65 0.5017231729328449
35 52 0.00950584947126587
35 43 0.21731809019428483
35 37 0.4838627483086323
35 62 0.21579538508372098
35 59 0.527731775308768
35 44 0.1534702352998364
36 64 0.14153359979749558
36 61 0.4252380481760094
37 40 0.6059656178829382
37 69 0.12279790531371493
37 74 0.350839919325565
37 61 0.5609717608675366
38 42 0.8022033578859689
38 53 0.305184629907858
38 63 0.12886096550119586
39 45 0.5318699733561335
39 61 0.21505381585321126
39 40 0.5535926124056219
39 62 0.38436399772571594
40 61 0.6169561262088976
41 72 0.3211205050767567
42 63 0.47707908607798255
42 46 0.8605448576515183
43 65 0.2508193574675083
44 59 0.12302922645307646
44 76 0.5159952666469699
44 45 0.3643591021427458
44 52 0.08801104400638127
44 51 0.45556604325256345
45 67 0.12892349766250688
45 51 0.457425334792406
45 65 0.8284867201268966
45 75 0.04895542427804267
46 53 0.40952131358136523
46 71 0.3987983469125336
47 60 0.7756809692747904
47 75 0.33592381794576076
47 59 0.06356342420814254
48 74 0.904599651666755
48 68 0.7865525659033352
48 78 0.0021437569650329946
48 76 0.9045542774860517
48 72 0.5451214768768744
48 49 0.34727812576586214
51 68 0.8721272290628269
51 60 0.665674343820907
52 53 0.0833868851941395
54 55 0.3108572547607511
56 79 0.4263784818829587
56 75 0.5557518723468775
58 79 0.21587047758294597
58 62 0.5775049297751728
60 61 0.23291970453936583
60 70 0.5279779606239223
61 72 0.8145325808282855
64 70 0.4826194236879533
65 78 0.5235470456792284
66 74 0.6874355157115678
68 72 0.7222873934782714
69 78 0.46174066303114003
70 79 0.07589336703821781
70 78 0.926954363152462
75 77 0.9270129677684519
