30 60 Varying_K 11
0 28 0.1
0 22 0.3
0 10 0.9
0 23 0.1
0 29 0.1
1 15 0.5
2 24 0.7
2 11 0.7
3 8 0.1
3 15 0.1
3 28 0.1
3 5 0.1
3 23 0.9
3 16 0.5
4 18 0.7
5 11 0.9
5 24 0.5
6 25 0.7
6 13 0.7
6 21 0.1
7 18 0.3
7 16 0.9
7 11 0.1
7 21 0.1
7 24 0.9
7 23 0.3
8 14 0.3
9 14 0.5
9 27 0.3
10 28 0.7
12 20 0.1
12 26 0.1
12 21 0.5
12 16 0.5
12 25 0.5
13 19 0.9
13 26 0.3
13 16 0.7
13 21 0.9
14 15 0.7
14 24 0.7
14 21 0.3
15 24 0.5
15 17 0.3
15 27 0.3
16 29 0.1
16 26 0.7
17 20 0.5
17 29 0.7
17 28 0.9
18 28 0.3
18 27 0.3
20 29 0.1
20 23 0.9
21 23 0.1
22 23 0.1
22 24 0.5
23 25 0.5
25 27 0.7
26 29 0.5
