30 60 Varying_K 11
0 29 0.9
0 21 0.7
0 26 0.5
1 18 0.3
1 4 0.5
2 19 0.7
2 24 0.1
2 3 0.5
2 11 0.3
2 25 0.7
3 11 0.3
3 18 0.5
4 17 0.7
4 27 0.9
4 28 0.7
5 24 0.5
5 22 0.7
6 7 0.5
6 15 0.1
6 20 0.1
7 18 0.5
7 20 0.3
8 17 0.9
8 27 0.9
8 21 0.5
8 9 0.3
9 24 0.5
9 13 0.3
10 28 0.1
10 17 0.9
11 29 0.7
11 17 0.1
12 20 0.3
12 23 0.3
12 28 0.7
12 18 0.7
13 29 0.3
13 24 0.7
13 18 0.9
14 29 0.5
15 19 0.9
15 26 0.9
15 22 0.7
15 17 0.7
15 27 0.3
15 20 0.7
16 29 0.9
16 26 0.7
17 26 0.3
18 20 0.5
18 25 0.9
18 28 0.9
18 26 0.1
19 21 0.5
20 27 0.7
20 22 0.5
21 29 0.7
22 25 0.3
22 27 0.7
23 29 0.5
