30 60 Varying_K 11
0 16 0.5
0 23 0.9
0 27 0.9
0 6 0.7
0 9 0.7
0 19 0.7
0 12 0.9
0 26 0.5
1 20 0.3
1 8 0.5
1 14 0.3
2 25 0.5
2 10 0.1
3 11 0.3
3 17 0.5
3 24 0.1
4 19 0.3
4 8 0.9
5 28 0.1
5 8 0.1
5 24 0.1
5 27 0.1
5 9 0.9
5 6 0.1
5 29 0.1
5 10 0.7
5 22 0.9
6 13 0.5
6 24 0.1
6 10 0.3
6 22 0.5
6 19 0.7
7 24 0.7
7 12 0.1
7 18 0.9
7 29 0.9
8 19 0.5
9 26 0.5
9 11 0.9
11 23 0.5
11 13 0.9
11 27 0.1
11 16 0.9
11 28 0.3
12 24 0.3
12 28 0.7
12 18 0.5
14 26 0.7
14 19 0.9
15 27 0.5
15 22 0.5
17 28 0.7
17 25 0.3
18 19 0.3
20 29 0.9
20 21 0.5
21 22 0.1
22 25 0.9
23 26 0.3
27 29 0.1
