30 60 Varying_K 11
0 27 0.5
0 7 0.1
1 2 0.1
1 19 0.1
1 28 0.7
2 11 0.1
4 5 0.7
5 26 0.5
5 13 0.1
5 17 0.1
5 7 0.9
5 10 0.3
5 28 0.7
5 14 0.1
6 19 0.5
7 16 0.7
7 10 0.5
8 9 0.9
8 16 0.1
8 15 0.9
8 19 0.1
9 15 0.1
9 25 0.7
10 29 0.9
11 17 0.7
11 14 0.3
11 16 0.5
11 25 0.7
11 18 0.7
11 27 0.5
11 21 0.9
12 20 0.9
12 29 0.7
12 24 0.9
13 28 0.3
13 23 0.7
13 18 0.1
14 29 0.9
14 25 0.5
14 20 0.7
14 28 0.7
14 23 0.9
15 29 0.9
15 21 0.3
16 27 0.9
16 28 0.5
16 29 0.7
16 17 0.9
17 21 0.3
17 29 0.7
18 21 0.1
18 23 0.7
19 20 0.5
21 27 0.3
22 23 0.1
22 26 0.3
23 25 0.7
24 29 0.5
25 26 0.3
28 29 0.7
