30 60 Varying_K 11
0 29 0.7
0 21 0.5
0 26 0.7
1 18 0.5
1 4 0.1
2 19 0.7
2 24 0.1
2 3 0.5
2 11 0.5
2 25 0.1
3 11 0.9
3 18 0.1
4 17 0.9
4 27 0.9
4 28 0.7
5 24 0.1
5 22 0.3
6 7 0.9
6 15 0.3
6 20 0.7
7 18 0.7
7 20 0.3
8 17 0.3
8 27 0.5
8 21 0.7
8 9 0.7
9 24 0.9
9 13 0.5
10 28 0.9
10 17 0.5
11 29 0.5
11 17 0.3
12 20 0.9
12 23 0.9
12 28 0.1
12 18 0.7
13 29 0.3
13 24 0.1
13 18 0.9
14 29 0.9
15 19 0.9
15 26 0.1
15 22 0.1
15 17 0.9
15 27 0.5
15 20 0.9
16 29 0.3
16 26 0.9
17 26 0.9
18 20 0.9
18 25 0.7
18 28 0.9
18 26 0.5
19 21 0.1
20 27 0.7
20 22 0.5
21 29 0.5
22 25 0.5
22 27 0.3
23 29 0.9
