30 60 Varying_K 11
0 2 0.9
0 29 0.3
1 7 0.9
1 25 0.9
1 2 0.3
1 26 0.5
2 4 0.5
2 11 0.5
2 8 0.9
2 13 0.1
3 23 0.5
3 26 0.9
3 10 0.3
4 10 0.3
5 24 0.9
5 6 0.5
5 7 0.5
5 14 0.9
5 11 0.3
6 8 0.7
6 13 0.9
6 21 0.1
6 29 0.9
6 28 0.7
7 9 0.9
7 15 0.5
7 22 0.5
8 11 0.7
8 25 0.1
8 26 0.7
8 16 0.1
8 14 0.7
8 24 0.1
9 29 0.5
9 26 0.7
9 18 0.5
9 27 0.7
9 13 0.7
10 21 0.9
10 18 0.5
12 15 0.5
12 17 0.3
12 16 0.5
13 19 0.1
13 23 0.7
14 20 0.9
15 22 0.1
16 17 0.9
16 24 0.7
17 27 0.7
17 20 0.3
18 19 0.9
19 27 0.1
20 26 0.1
20 27 0.7
22 28 0.1
23 27 0.7
24 25 0.9
26 29 0.7
27 28 0.5
