30 60 Varying_K 11
0 16 0.7
0 23 0.9
0 27 0.1
0 6 0.3
0 9 0.3
0 19 0.3
0 12 0.5
0 26 0.5
1 20 0.7
1 8 0.7
1 14 0.5
2 25 0.9
2 10 0.7
3 11 0.3
3 17 0.3
3 24 0.3
4 19 0.7
4 8 0.1
5 28 0.9
5 8 0.7
5 24 0.9
5 27 0.7
5 9 0.9
5 6 0.9
5 29 0.5
5 10 0.9
5 22 0.3
6 13 0.3
6 24 0.9
6 10 0.7
6 22 0.7
6 19 0.5
7 24 0.1
7 12 0.3
7 18 0.3
7 29 0.5
8 19 0.1
9 26 0.1
9 11 0.1
11 23 0.9
11 13 0.7
11 27 0.7
11 16 0.9
11 28 0.9
12 24 0.9
12 28 0.5
12 18 0.1
14 26 0.7
14 19 0.7
15 27 0.9
15 22 0.3
17 28 0.1
17 25 0.7
18 19 0.7
20 29 0.1
20 21 0.7
21 22 0.7
22 25 0.3
23 26 0.7
27 29 0.3
