num_nodes_f_dist
num_nodes_f_dist
50.000000 0.203956
50.000000 0.154236
50.000000 0.124036
50.000000 0.186935
50.000000 0.116137
100.000000 0.662207
100.000000 0.455078
100.000000 0.855338
100.000000 0.277258
100.000000 0.571554
200.000000 5.898063
200.000000 1.361996
200.000000 1.038205
200.000000 3.141478
200.000000 1.388554
400.000000 10.298351
400.000000 2.584703
400.000000 7.077576
400.000000 12.177075
400.000000 4.872441
800.000000 155.546901
800.000000 39.535326
800.000000 10.626726
800.000000 5.763529
800.000000 125.267903
1600.000000 203.855533
1600.000000 225.894660
1600.000000 312.691407
1600.000000 884.281377
1600.000000 109.421837
3200.000000 916.589159
3200.000000 609.730934
3200.000000 205.165873
3200.000000 2776.450846
3200.000000 334.768469
