45 90 num_nodes 45
0 38 0.7445354181595805
0 24 0.9772320084277394
0 14 0.09420713491342336
0 34 0.5244268588325579
0 17 0.826990172673661
1 31 0.6207827397956394
1 20 0.42177509518578205
1 27 0.6279652478840658
1 26 0.32285623319803447
1 30 0.5672405798235158
1 14 0.05409312357236118
1 28 0.5657558708714844
1 7 0.568009604595834
2 30 0.7753309239121222
2 19 0.4219465532813642
2 43 0.36779451660065576
3 30 0.38307997664078897
4 16 0.5598135538872558
4 5 0.27725228937564717
4 18 0.2990572416291596
5 28 0.37042310629356756
5 11 0.6847541076279765
6 13 0.7201245486019652
6 37 0.620171911708006
6 11 0.6608904949748026
6 10 0.4716989620832952
7 31 0.9533246085745974
7 21 0.02145523642331182
7 39 0.49828718202631683
8 36 0.4765035455786154
8 32 0.25678766667006236
10 41 0.45504701728370434
10 32 0.3693156728796938
10 42 0.7961453509041931
11 23 0.06331241459544046
11 40 0.7273246345347578
11 22 0.005099351311051659
12 19 0.26478369947532576
12 34 0.8990567494006585
12 35 0.5059562081219053
13 43 0.7865225543597614
13 27 0.4442293261427497
14 17 0.12241897654756206
14 33 0.7806630663413704
14 35 0.5516862098289905
14 22 0.1338892182424427
14 43 0.4665956218407272
15 25 0.5024790898917
15 17 0.03919611268282708
16 35 0.5459759246901984
16 33 0.8345148848323105
17 42 0.8716537730374317
17 41 0.6613936577559831
18 29 0.2054149481848334
18 40 0.8662364130217768
18 37 0.8514057865320297
19 24 0.9040301620831187
20 44 0.10887557112748836
21 39 0.012648603915311307
21 26 0.9820939226260025
22 36 0.444758576099784
22 29 0.7993248021898239
22 31 0.19250999841445737
22 26 0.8106120980152832
23 43 0.7052654779496254
23 31 0.3660008370627743
23 36 0.2115515784682065
24 41 0.25080521337236594
24 27 0.20576516215965923
25 37 0.22179761449132707
25 33 0.2437419970447825
25 32 0.6519924715943889
26 42 0.9043438892704729
26 32 0.2792096433223529
27 32 0.22958163614954252
28 30 0.5437003423542847
28 44 0.5420780031975176
28 31 0.16887809520398855
29 38 0.19357633963344145
30 31 0.21909225302164115
31 32 0.6869065158633217
32 42 0.162972790511982
33 35 0.7340452983376561
34 41 0.18826500145253255
34 39 0.25950505271130175
35 41 0.3319850728441226
35 44 0.985494848895037
35 38 0.7901580634493722
35 37 0.3923417167960188
37 39 0.9889681826315044
