110 220 num_nodes 110
0 88 0.7450511595320658
0 4 0.6331921385188564
0 19 0.06976462953552431
0 36 0.04691871517738422
1 92 0.8431012993796141
2 93 0.5365594916980795
2 83 0.3597847817392863
2 12 0.770873179303756
2 65 0.4608004151755436
2 66 0.239422365250599
2 39 0.21281184944912146
2 103 0.70346573976389
3 46 0.14840834629094246
3 22 0.5836640590665624
3 10 0.9427165119638982
3 5 0.3318368025592796
3 62 0.5804750765788987
3 13 0.27685835926252855
3 27 0.9273185017614051
3 47 0.7374153052800121
3 79 0.9176890690412327
4 74 0.5280108389234268
4 34 0.5395377283053202
4 97 0.6296629872160442
4 16 0.6804689671359172
4 31 0.6693337432063844
4 49 0.15832629496214456
5 101 0.80490463873142
5 33 0.8728891012430522
5 99 0.8262296803147775
6 83 0.9932134892050563
6 53 0.49860218889922947
7 108 0.601107769677051
7 73 0.40945084068770987
7 26 0.8483470870251634
7 46 0.6094645120477632
7 32 0.8761596821244227
7 57 0.033995575742846396
8 14 0.9010813254711134
9 100 0.5425607805290997
9 56 0.8450829620931775
9 78 0.7225596338181216
9 28 0.6328745852897002
9 45 0.02037245130057963
10 11 0.3995981848870246
10 32 0.18876314060266453
10 15 0.557464632202944
10 74 0.7429496683283926
11 28 0.6913741287870588
11 92 0.9503637220878373
12 58 0.7518835117610804
12 23 0.371380332564366
12 13 0.8381367397028064
12 73 0.5552351961104457
13 95 0.21095811022970667
13 96 0.26864456782790014
13 30 0.10517098696811578
13 29 0.8715982353403371
13 88 0.6612905685996336
14 95 0.23295399576150222
14 65 0.7610685399570121
14 24 0.08623155141120475
15 78 0.9135392490036854
15 50 0.684533750102609
15 32 0.7587145869117469
16 104 0.08782600260345608
16 66 0.31113703236358314
17 65 0.2886786977246505
17 66 0.27998789652712475
17 85 0.95914316140274
17 59 0.5406132418675906
18 43 0.06571973827599564
18 102 0.9366999187944273
18 103 0.7314041840810792
19 31 0.2896208116131441
19 60 0.17143154065723154
20 87 0.6219514235955994
20 57 0.7150879508744891
20 94 0.27668604509449024
20 21 0.4539508436122861
20 52 0.7562037600210093
20 29 0.053097128057472576
21 94 0.6692414823108
21 67 0.5399875456776243
21 78 0.6935857816372814
22 71 0.3207621502363439
22 41 0.5353834978232592
22 46 0.28342069655436053
22 69 0.16793424038477633
23 71 0.39142101453403044
23 66 0.6458736192093963
23 96 0.30186627860431614
24 104 0.5265366437311976
25 39 0.4493598359333323
26 62 0.28357296217621797
26 97 0.6833157945214777
26 75 0.1550080601603101
27 77 0.15484408313694076
27 87 0.7900366976765777
27 50 0.2973748082653642
28 84 0.21011918359608373
29 30 0.911711100016336
29 87 0.6780140563700126
29 81 0.3819557189086299
29 91 0.22062333487323982
29 75 0.7390875278387482
31 67 0.6724505572724194
31 105 0.6152950207045593
31 86 0.8237185459754602
32 77 0.29863267032072127
32 47 0.727971642973652
32 87 0.13357564711737657
33 70 0.04107029565913045
34 98 0.07431376794381661
34 75 0.22071069139964639
34 109 0.8844881368405774
34 47 0.9180383801558585
35 62 0.34042000004372186
35 54 0.47748117850848415
36 43 0.2176797256508638
37 46 0.7508422008990978
37 63 0.05086814953297858
37 50 0.7924093745785622
38 102 0.32576805724644997
39 109 0.6478995196085817
39 61 0.9298140870045669
39 93 0.953947498160774
39 57 0.2115946813834345
39 68 0.8771898068797387
39 92 0.6612139393233599
40 59 0.9127031720250944
40 107 0.2105538578396967
41 104 0.32910358180180077
41 65 0.22840708956253075
42 82 0.9773752461315617
43 105 0.838821577403364
44 59 0.50234976162962
44 78 0.1750957991458708
44 96 0.2618562966083927
45 75 0.9946372769116455
45 101 0.49291301244773134
45 58 0.720991967577069
46 106 0.18520853865236386
46 65 0.281695572385276
46 101 0.9709426755752573
46 109 0.7098854239277235
46 90 0.6747340714163845
46 61 0.9466426476950772
47 69 0.758127119907525
47 88 0.1671768519226693
47 73 0.2701724577621164
48 54 0.7673151836505674
48 82 0.9493329749945769
49 75 0.6812999388628297
50 102 0.9904011504315857
50 62 0.3192379021779226
50 91 0.8007370960853418
51 96 0.06995456829201052
52 75 0.9613316969735943
52 87 0.8006600051422382
52 81 0.5147006314247494
53 94 0.90498180015781
53 77 0.12192421291357525
53 62 0.27401508872819613
54 91 0.5373642087887258
54 55 0.4993850603252822
54 89 0.2582364618713747
55 81 0.8215337809399568
56 64 0.06227234490575706
57 101 0.481695338723933
57 100 0.6637757883716244
58 84 0.22559057456393095
58 62 0.03660584915155385
58 59 0.6672249069885409
59 83 0.13997290995222722
59 62 0.17400051147794104
60 84 0.26687747527831496
61 67 0.461134701249834
61 92 0.5084268963061984
62 96 0.6282413983735418
62 76 0.2366326518326528
63 64 0.38390305983445616
64 71 0.4510023578003928
64 66 0.11867607248518508
65 92 0.4373197692054268
65 86 0.41635027349272136
65 106 0.4339681356028745
65 90 0.7858116145553729
66 85 0.2447639761389756
67 97 0.6685137883829272
67 96 0.23331570189523265
67 74 0.237042257579269
70 98 0.5295959050801589
71 92 0.6540442606709013
71 89 0.6857392139248257
72 92 0.6033644266750943
74 99 0.751717006714655
74 75 0.4786012375867088
77 94 0.694952994441446
78 83 0.6578258440743705
78 108 0.5516878519577088
79 87 0.0009531742456073689
79 90 0.5569163339265725
79 101 0.23636471560057393
79 102 0.597057687035144
80 95 0.7250228402642803
84 87 0.40003220711491416
84 102 0.8993578871678184
85 103 0.6085286426371135
86 105 0.1309900489148792
86 89 0.7044552665610712
87 107 0.32937012169878166
89 106 0.2480839328266703
90 106 0.2916860047387628
90 92 0.5655980174153904
91 94 0.8168011099020986
93 103 0.0872324698198571
93 102 0.39192185742861285
93 104 0.5080850026752098
99 107 0.4911666769298666
