80 160 num_nodes 80
0 9 0.8530239145736608
0 61 0.6028259102271288
0 62 0.050268055650023125
0 41 0.2321376763167644
1 60 0.7096024195469999
1 8 0.5964849906234959
1 43 0.7118854795053197
1 61 0.9105354129438809
2 37 0.5518357277083474
2 40 0.720411048517813
2 75 0.8936477732695006
2 7 0.9830817412452048
2 30 0.09528427392097105
3 34 0.6414157555008287
3 35 0.7365958316657878
3 13 0.9826850605747156
4 17 0.9208172052536698
4 39 0.4400142775572984
4 68 0.9208564828101603
4 67 0.6577771761643312
4 52 0.551271782629989
4 28 0.10241454734976163
4 65 0.23625127029296322
4 61 0.3136718295381411
5 38 0.3981159390627331
5 15 0.6626931412723185
5 48 0.7518830585330878
5 43 0.32415849517264395
5 31 0.06824266662399636
6 73 0.9219485566724418
6 52 0.29421429541082533
6 34 0.8422043793426157
6 60 0.9598766657212553
6 8 0.6523653017272865
7 42 0.7470577240371487
7 61 0.7672278182946147
7 16 0.9550850193338719
8 77 0.16540627771196792
8 61 0.5215140187290989
8 44 0.6099490391924034
8 75 0.6483854307860827
9 40 0.29935532026675393
10 43 0.4758727157950038
10 79 0.2507177043368235
11 61 0.26664057478016034
11 65 0.24405337019831141
12 46 0.26622294849878825
12 13 0.4513124417289922
13 27 0.2855154536795901
13 76 0.2996841903167099
13 79 0.4285514841548137
14 78 0.3361517338701875
15 36 0.33301152287609004
15 28 0.7876757881812471
15 21 0.8446828117108294
15 25 0.8831507882738633
15 68 0.2370875007591775
16 69 0.48560249774326103
16 72 0.4541834202617655
16 53 0.5755630243580808
16 43 0.44204894102981296
16 35 0.7754872303748136
17 56 0.18414004814305873
17 48 0.7013531736677258
17 75 0.06449811064243904
19 50 0.42654643354806865
19 29 0.12833884526842032
19 52 0.7080340697547134
19 33 0.27447170874719873
19 25 0.9152921391574388
20 75 0.5652638467047154
20 77 0.6653699944092311
20 40 0.4295141138688955
21 56 0.7731969309382137
21 30 0.4913813753681755
22 40 0.6719874280009139
23 46 0.9544714807506366
23 55 0.8141863806362558
23 73 0.09228967871433502
24 29 0.22447506257398064
24 40 0.95282288487735
24 33 0.8222803897437784
25 52 0.10485762667517406
25 55 0.9683640450874493
27 63 0.4173399815525124
27 72 0.7741967473910292
28 34 0.5566263016314428
28 42 0.7716915294980916
28 45 0.33461203958034447
29 43 0.6957670169641562
30 75 0.14844438327810927
30 64 0.10960616182514504
30 55 0.8841288017777001
30 41 0.6548944899494471
31 34 0.9017722611208958
32 47 0.08024220383009872
32 69 0.771167421618466
33 70 0.3251683028138749
33 55 0.1774481912134589
33 66 0.5631551323415911
33 76 0.7264395774146276
34 73 0.8458978351579199
34 64 0.6775743294431896
34 57 0.6094903726717869
34 59 0.5045864870779923
35 70 0.09968839847599309
35 62 0.03567712053314387
35 43 0.06453221892635508
36 69 0.7314506655467535
37 78 0.14909011466628086
37 66 0.7227562856290215
37 53 0.9954802489266292
38 53 0.27681861928534435
38 55 0.4775184934779627
38 70 0.7719870687293235
38 58 0.2596339022465174
38 48 0.9345087092803211
38 64 0.5418014438776242
38 46 0.9718165215435328
39 64 0.3237547379508139
40 46 0.8903042779665434
40 47 0.26107333452901405
41 69 0.4593476916290752
41 76 0.9129480364689923
42 75 0.30392284909316425
44 73 0.3821521602372634
44 75 0.8657142111504348
44 53 0.9060424917269554
44 49 0.1316848637912511
45 59 0.9930154381120093
45 77 0.02824139886506638
47 77 0.5186028139465514
48 58 0.9781185240995582
48 78 0.29572051503157626
49 66 0.036317684947964946
49 54 0.678225043744609
49 64 0.1816842554625525
49 75 0.30252412631313585
50 73 0.6130960760105936
51 73 0.3194618873115025
52 74 0.6708842781442316
52 72 0.6745460012752826
53 54 0.4176423330510306
53 74 0.6428669086463874
54 66 0.8618589773881082
55 71 0.6970196389685991
58 66 0.7881026795873513
60 74 0.45432426113110036
60 69 0.38844529035007325
60 70 0.6915453122279075
60 76 0.17720547624598615
62 64 0.24947166394732356
65 79 0.5667718954206323
67 68 0.7572911405284861
67 79 0.4630238531236288
68 74 0.9165949670994934
71 76 0.7857865785766958
72 73 0.060042916537656255
75 76 0.7653704906314104
77 78 0.9138423999340438
