80 120 num_nodes 80
0 38 0.6912020403070788
0 27 0.04840970475666784
1 73 0.21058416864097806
1 78 0.842324664668951
2 51 0.37361722060664837
2 41 0.7191814908937328
3 33 0.783624049491622
3 58 0.7435672506232661
3 56 0.5642177272973032
4 41 0.17854548556995986
4 62 0.2596281438481812
4 10 0.5957349212184128
5 33 0.8202941061842505
5 10 0.5609660674430855
5 45 0.02436956200191276
5 46 0.3224469693188522
5 77 0.8438486796201554
5 63 0.604139713420415
5 50 0.4720946320252518
6 40 0.7187828710023062
6 25 0.4364142969667202
7 28 0.16916477278889053
7 29 0.5035368740292939
7 21 0.4850329803936323
7 34 0.5707234909390566
8 11 0.21895490957143027
8 52 0.024859347558155664
9 37 0.6144467909579314
9 63 0.6753402460584353
10 36 0.5113912551720233
11 77 0.5207832894570349
11 70 0.7046590169577489
11 49 0.7246997954495901
12 41 0.8800332243929461
12 56 0.5277972054114485
13 50 0.2151874575685342
13 22 0.4014706260236346
14 26 0.060807380276822975
14 72 0.27294505922644097
14 32 0.1347428856334677
14 76 0.1957925519337662
15 42 0.11426653797738551
15 67 0.4215081678131428
16 79 0.9064152359317207
17 32 0.830609500804882
18 25 0.07681344456728778
18 41 0.6651707177330537
19 61 0.9501247110898795
19 41 0.8591184145398731
19 76 0.7580910076017613
20 57 0.9230107415127798
20 42 0.2779503255453236
20 27 0.34509066669238886
20 77 0.3471619721067749
21 39 0.6530715886676397
21 58 0.11388186728567629
21 73 0.8434769653501581
21 59 0.7238256107010679
22 31 0.09953982654764604
22 37 0.16539144534577277
23 35 0.04825802709766547
24 34 0.6541237303986958
24 52 0.9906133285863659
24 79 0.28836696906280923
24 63 0.351141612785002
24 35 0.5874823036740763
25 56 0.03917513713336762
25 71 0.4008871896672105
25 61 0.7338342793974935
25 30 0.8354016654697476
26 54 0.9111670005230539
26 29 0.7449284119141306
26 55 0.028856252212363986
27 33 0.03524113448355992
27 54 0.2602383423976522
27 34 0.5678147340115771
28 53 0.5243454061134213
28 70 0.5300159773621782
29 39 0.006076618657266719
30 38 0.2769559122142138
30 78 0.10638290133902739
31 64 0.4554939043456615
31 74 0.9001092207453322
31 56 0.6232488493924045
31 67 0.8679595187216544
32 77 0.9106995817447264
33 53 0.805343293578161
35 46 0.21578039216789735
35 60 0.379569609967753
35 59 0.9159553367599722
35 74 0.17898623862545227
36 55 0.2635632422379195
36 41 0.21088372759145702
37 70 0.7669741160154415
37 47 0.10040066425460459
37 73 0.37004466152382653
37 56 0.9034303025839928
37 52 0.47574137673856765
37 43 0.01750571984456817
39 65 0.5396831903002166
40 60 0.23480893342053732
41 75 0.38847465257939806
42 71 0.8424147950257088
43 49 0.9426965754247981
43 60 0.9134105490933135
43 50 0.9506272186377245
45 55 0.029021417098353153
48 76 0.5045967417426467
48 50 0.8895189876796535
49 51 0.5706712389947899
51 72 0.7355734415028806
52 79 0.4980145429477979
52 56 0.6640653803289409
53 67 0.8057353892382098
54 76 0.5656602008529816
60 72 0.23747183522946647
60 67 0.9083688281655481
62 69 0.5809289375237068
62 71 0.46823250297497754
66 68 0.8077790016837469
