110 220 num_nodes 110
0 16 0.11785881418351152
0 26 0.5384401137137179
0 76 0.6472998064708271
0 47 0.8205028737406039
0 84 0.005531415083236513
1 31 0.3692263160683835
1 107 0.9154273137971574
1 60 0.7248188709055348
2 46 0.20605505474505337
2 95 0.6791410273175756
2 51 0.09716217172696784
2 40 0.7815223591412979
3 107 0.8300417948012517
3 25 0.5368117936962296
3 61 0.3228058568403691
4 37 0.07656680592936971
4 51 0.3005981268873379
4 102 0.32996721150782216
4 97 0.48994520044603207
4 53 0.5167858941262943
4 70 0.5089366052511568
5 57 0.8738786303042895
5 60 0.8031626519577698
6 20 0.30468782050562715
6 10 0.8798819069835998
6 17 0.4478071168430906
7 32 0.4311112084219715
7 81 0.7392039406078471
7 108 0.6555215076168125
8 42 0.49536041788527374
8 43 0.5149646644973961
8 100 0.6850528121555373
9 17 0.2463444427728848
9 78 0.20870379812348072
10 102 0.5139856588807831
10 88 0.5553842804304036
11 55 0.8682628736914507
11 39 0.46254207074810283
11 62 0.22855718568931682
11 77 0.026555811601225443
12 37 0.057684808335018656
13 73 0.04105222421807353
13 75 0.9763068455588602
13 52 0.6872685093090926
13 48 0.7479530770241154
14 47 0.6072658991639237
14 18 0.22942956940956982
14 40 0.6262958377788854
14 52 0.6441831794290357
15 96 0.6136513472638453
15 84 0.6264524639319372
16 56 0.9047870388140054
16 93 0.6602824111591856
16 72 0.6052117324681777
16 104 0.635854269873465
17 25 0.8933083318301426
18 33 0.7377387071519342
18 46 0.6074352603744967
18 53 0.8046653262493304
18 58 0.32916676525623
18 66 0.15127792172841026
18 20 0.5575532375507288
18 41 0.39107897912645073
18 36 0.005854853169655616
19 80 0.6287327409175966
19 47 0.14720891108660838
20 49 0.7420226606348108
20 92 0.9950490045595577
20 75 0.2354746043207251
20 109 0.03322968224397471
21 53 0.4735536181365839
21 55 0.4976491633144492
21 66 0.7033677099630414
21 67 0.14342614332700132
21 78 0.5023248699217681
21 28 0.23949487083687448
22 90 0.6260249979517144
22 39 0.9629419869707709
22 68 0.803587181454482
22 83 0.48021904339102106
22 107 0.7967997952798045
23 98 0.2909305696537865
23 26 0.6213743247877692
23 40 0.5065934170365614
23 90 0.2481563963639507
23 43 0.45395798828752365
23 83 0.7405473749424932
23 87 0.6160317379296205
23 61 0.07725695695028034
24 70 0.388270714879571
25 69 0.010706543272174907
25 88 0.888816690191891
25 79 0.8583566787126397
25 107 0.025663303426490924
26 43 0.13192661917382842
26 107 0.7208741783837566
26 75 0.9944314050150431
27 93 0.9673689828711747
27 99 0.7122450912059196
28 97 0.11664629394478387
28 55 0.5511817411307394
30 94 0.3903494030177507
30 91 0.07140689976307424
31 83 0.6023105869445659
31 60 0.4296245524662555
31 104 0.38384107144610724
31 37 0.9117831793175525
32 79 0.435667633319219
32 67 0.5808401185363274
32 105 0.5491956266967979
32 41 0.7337264862622459
32 53 0.14697198270627887
33 98 0.25689005507231855
33 94 0.1907897239104095
34 65 0.6706133475690412
34 92 0.41160309539840934
35 52 0.43748340446837086
35 43 0.9522366779674478
35 37 0.7554708768583122
35 85 0.6181493497905022
35 44 0.1262403521459574
35 109 0.9737706484285852
36 59 0.18223837393109943
36 61 0.6755523866636564
37 40 0.7857243482690648
37 53 0.8928765619511355
37 43 0.8698575550671744
37 45 0.561447169616571
37 63 0.9341651074045907
38 49 0.3764998636937392
38 104 0.5411649828364323
38 53 0.7143413917335883
38 78 0.5757358851400117
38 63 0.4276535785743194
39 45 0.4308518212801954
39 104 0.533663213437897
39 61 0.6393563048803053
39 46 0.31197710687545
39 62 0.6369027350878188
40 87 0.7867141184236934
40 61 0.5975101381820966
41 72 0.1827025649426387
42 63 0.2519934876952815
42 46 0.75971546048376
43 74 0.24402775375853747
44 59 0.5240799957844763
44 76 0.8918724303845493
44 82 0.7207960359518821
44 52 0.4096633815848304
44 51 0.27040332868347505
44 105 0.1669484333977881
45 94 0.4514781323563155
45 108 0.6782734483058576
45 65 0.2785413016113948
45 88 0.3656405761838014
45 102 0.8198309224514063
46 53 0.7214971821999827
46 64 0.6582411674863616
46 109 0.887630003712738
47 102 0.998851458877261
47 70 0.9240220609576707
47 59 0.8436523174006186
48 69 0.9622250144390925
48 74 0.69026002886408
48 105 0.6663833695746101
48 84 0.7464313848141014
48 76 0.03629847685698684
48 54 0.36845615793750364
48 49 0.30261761768423223
51 60 0.8389033624463618
52 53 0.608819103243614
53 93 0.9864205509043249
56 79 0.15437189275556218
57 88 0.9645066950564084
58 83 0.5232749474077463
58 62 0.5984855246454996
59 99 0.9056372504764976
60 61 0.5823688375498132
61 89 0.34506198167137947
61 72 0.6053563413780464
61 90 0.6653969713316288
62 106 0.05510595306795674
63 80 0.7701139615791578
64 104 0.24013518391712274
65 78 0.36516003468817126
65 69 0.5084974370549249
66 85 0.6299820511067193
67 83 0.7434711286184622
68 76 0.7354292375434884
68 82 0.6793784022788834
69 89 0.10436761603423284
69 78 0.15847757241264882
70 100 0.35017548528128506
70 99 0.7999390316100153
70 79 0.22120543541666227
71 90 0.015578170727662433
72 104 0.6747927197787624
72 80 0.55699573628814
74 109 0.20050314408023184
74 99 0.13870623011976646
75 77 0.7483120870528299
75 84 0.8504768526776111
79 109 0.2715011006227158
80 86 0.052838067725100246
80 100 0.6429269551636145
80 91 0.8396575103612053
81 99 0.050196871752502537
82 86 0.555133226142686
85 92 0.002511065536323853
86 90 0.3798534080189241
88 101 0.9171889447283117
88 92 0.8316100079705291
88 93 0.3362752812225914
88 91 0.038958856819256815
88 106 0.924675097469789
94 107 0.7139477919753879
94 106 0.3620558081921841
95 99 0.9548285657407786
97 102 0.23738767006571426
99 101 0.4283379267213562
