30 60 num_nodes 30
0 27 0.44468368501261
0 7 0.1750974819830282
1 2 0.8887082640236508
1 19 0.9038780835239125
1 28 0.44674837043939386
2 11 0.9882064108832931
4 5 0.5195670997044557
5 26 0.4604887176337503
5 13 0.49823753962837514
5 17 0.26122568187159845
5 7 0.36612641544084845
5 10 0.8505812687832885
5 28 0.6038813068439186
5 14 0.27417498113062677
6 19 0.7772549656734311
7 16 0.042522706731221493
7 10 0.3543063282222735
8 9 0.3725382479170666
8 16 0.3753312050825345
8 15 0.12846162171486109
8 19 0.8692404124179367
9 15 0.9180585066247106
9 25 0.8190710971726307
10 29 0.842602241921964
11 17 0.1170324841171958
11 14 0.861678380605711
11 16 0.6264075486224512
11 25 0.3504734487414892
11 18 0.40997584141602506
11 27 0.49203424582994126
11 21 0.0801493481115143
12 20 0.4618349940573746
12 29 0.05787148177904888
12 24 0.4089388984318272
13 28 0.04092081744891163
13 23 0.4817630394670698
13 18 0.8538483425764924
14 29 0.7172663324450698
14 25 0.41995782300062057
14 20 0.1604136113062532
14 28 0.3465929700231454
14 23 0.6211864041607822
15 29 0.8579905657413409
15 21 0.4767868853865075
16 27 0.9614815234825995
16 28 0.9505210064483477
16 29 0.25045620125807955
16 17 0.26449567896278026
17 21 0.886924515856717
17 29 0.37315719889731547
18 21 0.746072894919103
18 23 0.52379554276341
19 20 0.9781080534977499
21 27 0.4808618391291072
22 23 0.4669658981357334
22 26 0.566327730548665
23 25 0.10710146825904898
24 29 0.1746814419765168
25 26 0.0291710374420584
28 29 0.747993464396632
