30 60 num_nodes 30
0 29 0.44483336779082017
0 21 0.35533536284836675
0 26 0.9662906128038974
1 18 0.13048566431639919
1 4 0.1348490480433967
2 19 0.40292955990122437
2 24 0.469130757692685
2 3 0.060561946364508956
2 11 0.7866110702493873
2 25 0.045857514880375594
3 11 0.06504107796431913
3 18 0.6706591882806647
4 17 0.9763117568225297
4 27 0.9499978211605603
4 28 0.6536963161006579
5 24 0.8815113210763591
5 22 0.8153734149363182
6 7 0.5329487549465246
6 15 0.3087764334554528
6 20 0.5461465251688506
7 18 0.06320188465335563
7 20 0.4428704863069224
8 17 0.7064366903154697
8 27 0.48695901864975244
8 21 0.9980060759692857
8 9 0.8636822978702772
9 24 0.7091028096546297
9 13 0.2319802494537898
10 28 0.38216370691251766
10 17 0.5642761221250168
11 29 0.46118069456475674
11 17 0.7446347442842849
12 20 0.5362320846089536
12 23 0.20317446358552627
12 28 0.21854853465629154
12 18 0.9260938672351057
13 29 0.961701332413506
13 24 0.21556729406366648
13 18 0.2614000365070275
14 29 0.5749049556850938
15 19 0.6735375998856369
15 26 0.8797150433528906
15 22 0.31510324816674806
15 17 0.8336440010152719
15 27 0.4250090895723936
15 20 0.02103174542757058
16 29 0.22219367014886937
16 26 0.42016913758962016
17 26 0.5612503376530621
18 20 0.9668277751212886
18 25 0.3179402702002472
18 28 0.09319328955688821
18 26 0.9755780905463911
19 21 0.567803404876442
20 27 0.03930801852498644
20 22 0.6220279111536681
21 29 0.9786391992384951
22 25 0.988942376443267
22 27 0.6613889964146751
23 29 0.6864510025397145
