30 60 Varying_K 11
0 28 0.858258144764365
0 22 0.7740075283831662
0 10 0.02486112404074381
0 23 0.565063776752553
0 29 0.8155944414264573
1 15 0.09554238486028477
2 24 0.09894665580110418
2 11 0.3404887439301223
3 8 0.9655727783515506
3 15 0.5166775332363533
3 28 0.37595397404667286
3 5 0.5772501759613081
3 23 0.9461417012617921
3 16 0.6753156063130225
4 18 0.17222306800449727
5 11 0.24967689484047062
5 24 0.4826633726081674
6 25 0.5056960148285808
6 13 0.4703564501905554
6 21 0.3302485390636648
7 18 0.9549249183206099
7 16 0.6782292467288734
7 11 0.08572754164237806
7 21 0.020665405998776976
7 24 0.10689630466829958
7 23 0.7859682942706889
8 14 0.04175977868127767
9 14 0.20602596676643226
9 27 0.1973585287202484
10 28 0.9886207295370192
12 20 0.5334782882649681
12 26 0.3886481052328631
12 21 0.06907091959578793
12 16 0.7058773346019731
12 25 0.5803994871429978
13 19 0.30879347743038454
13 26 0.2713274157476936
13 16 0.4875778172214994
13 21 0.4718469771010031
14 15 0.06432819330091999
14 24 0.0018134366179799466
14 21 0.1576629205134873
15 24 0.7262264755119111
15 17 0.6321978515009197
15 27 0.9745764202600956
16 29 0.4287546137505527
16 26 0.756266056693301
17 20 0.4506937778194753
17 29 0.3053634318457782
17 28 0.6721897930011381
18 28 0.2573150076018246
18 27 0.7025539262431186
20 29 0.2336407232251425
20 23 0.2494791216493859
21 23 0.706166351502555
22 23 0.36733023340054627
22 24 0.5911661867413943
23 25 0.17323346989759414
25 27 0.6253381668276546
26 29 0.7084646085294688
