30 60 Varying_K 11
0 27 0.6630498491903873
0 7 0.6283367207735545
1 2 0.5863241730053538
1 19 0.0665616230815338
1 28 0.7872265540181738
2 11 0.9689830710099313
4 5 0.7792671236995472
5 26 0.6420585896281304
5 13 0.8667440875192797
5 17 0.6384245788232786
5 7 0.6291392374424164
5 10 0.7573503209688165
5 28 0.8352450615332006
5 14 0.843414790656551
6 19 0.7658968754659723
7 16 0.17971779508730734
7 10 0.9525614172712197
8 9 0.34750991261155584
8 16 0.972738409025216
8 15 0.8643398573923335
8 19 0.9804127403710502
9 15 0.8368442703923602
9 25 0.548399609139587
10 29 0.7775151678979431
11 17 0.45213011063961894
11 14 0.47515626998794414
11 16 0.08371137213655278
11 25 0.5866340966371728
11 18 0.6759771968267775
11 27 0.21187016672283154
11 21 0.8256222817367372
12 20 0.6660465793848149
12 29 0.33389602002868246
12 24 0.829632673223511
13 28 0.8131239615717101
13 23 0.553315131974077
13 18 0.997350615402431
14 29 0.9838694234933957
14 25 0.6358425786599676
14 20 0.9482962296994267
14 28 0.26647679915913525
14 23 0.6370145504595528
15 29 0.9483058114001524
15 21 0.7509292761396029
16 27 0.05969019982012691
16 28 0.19831916678211137
16 29 0.9045574829521884
16 17 0.8549064854726477
17 21 0.6606593971025111
17 29 0.72787199087832
18 21 0.09610436525532007
18 23 0.07092499221084692
19 20 0.047296130581944706
21 27 0.15725255307671882
22 23 0.22884442406437067
22 26 0.8125552388664694
23 25 0.9702710612354
24 29 0.6875179621436085
25 26 0.863895725407821
28 29 0.16943892997590593
