30 60 Varying_K 11
0 29 0.7112507382264183
0 21 0.7567418207101826
0 26 0.023013968014667374
1 18 0.924337321534335
1 4 0.7580023358312102
2 19 0.18942388959720746
2 24 0.16286918219490365
2 3 0.13440274460380786
2 11 0.28164640647278527
2 25 0.9832002933954012
3 11 0.43781946340376765
3 18 0.9961004682811768
4 17 0.5918403146795347
4 27 0.5388623271337597
4 28 0.45563862859350446
5 24 0.9164074870568324
5 22 0.4464651852965512
6 7 0.7451325299842537
6 15 0.8215042409672112
6 20 0.7300148207801301
7 18 0.3702046832805894
7 20 0.2271722304049616
8 17 0.6882073584863169
8 27 0.09150312012440376
8 21 0.4019680468785112
8 9 0.5590894066811197
9 24 0.733575575326619
9 13 0.7817426487071699
10 28 0.9777511554140074
10 17 0.9795972926676674
11 29 0.4459290605556342
11 17 0.17861139681448646
12 20 0.2718483290892144
12 23 0.30849056429944965
12 28 0.8392436453465261
12 18 0.2916475525423229
13 29 0.6755810602733016
13 24 0.868483703828761
13 18 0.13599181695081486
14 29 0.9114541646123455
15 19 0.12810158639957459
15 26 0.48958684521404483
15 22 0.7334889387718458
15 17 0.032830815447787765
15 27 0.7327297730642448
15 20 0.38324003626936975
16 29 0.2754111552075519
16 26 0.28342623587313964
17 26 0.8882621406610178
18 20 0.7055603295941458
18 25 0.18330044409671964
18 28 0.023086948259839035
18 26 0.23147239722246093
19 21 0.8529907682078353
20 27 0.5670254382739432
20 22 0.9808537837425312
21 29 0.9970438076797806
22 25 0.6007822655717396
22 27 0.7951823725638233
23 29 0.6512316380151189
