30 60 Varying_K 11
0 2 0.04929423348701434
0 29 0.03196687244909202
1 7 0.791172971356102
1 25 0.22771611293650085
1 2 0.6271076419614433
1 26 0.08449816443909741
2 4 0.46548626381502534
2 11 0.804571685457461
2 8 0.7525201419793881
2 13 0.7308893617999559
3 23 0.4576035643636367
3 26 0.5291594264044123
3 10 0.31475229071865896
4 10 0.5985417075938211
5 24 0.763393300026991
5 6 0.30155794498769106
5 7 0.45098856801053344
5 14 0.9905509279887239
5 11 0.9920230951276044
6 8 0.6639616994907657
6 13 0.03781008305392253
6 21 0.7886815122461369
6 29 0.3057417132741945
6 28 0.09492005021984118
7 9 0.29437574736088745
7 15 0.7949400374222703
7 22 0.09259710555445932
8 11 0.9487799476930686
8 25 0.660655955449088
8 26 0.5295620968779695
8 16 0.133451549580468
8 14 0.28164662113504857
8 24 0.3050751296481973
9 29 0.7256145515611601
9 26 0.7564404198179124
9 18 0.3368559485912669
9 27 0.7801191992495113
9 13 0.08250914555538402
10 21 0.8327371865748993
10 18 0.8700605959345167
12 15 0.930061681784214
12 17 0.6746206437283817
12 16 0.8841246625088917
13 19 0.563385174059248
13 23 0.0747753873519369
14 20 0.9550966783953251
15 22 0.609116504805899
16 17 0.5869765758270687
16 24 0.7806151913803694
17 27 0.5250075055234855
17 20 0.6961618523407823
18 19 0.6076003795166609
19 27 0.8867530951287705
20 26 0.5372930190252371
20 27 0.8092917242370667
22 28 0.566395304362762
23 27 0.1617270350795914
24 25 0.5380208813513659
26 29 0.3860154602540632
27 28 0.4003859102130529
