30 60 Varying_K 11
0 16 0.35902839591474944
0 23 0.32052108620278275
0 27 0.08694969266307251
0 6 0.6424107661990066
0 9 0.44748264617987976
0 19 0.047199388357646144
0 12 0.3047623531268494
0 26 0.1446268901923493
1 20 0.7663584994572066
1 8 0.21769097991025554
1 14 0.04295120026261745
2 25 0.9643235854773374
2 10 0.7484248254333187
3 11 0.3501486322163647
3 17 0.49420457403254614
3 24 0.8924857929435054
4 19 0.9271913083831409
4 8 0.16645877716980018
5 28 0.7159842255905462
5 8 0.4317295829076755
5 24 0.1307402006295737
5 27 0.09844820742435456
5 9 0.9677677518234219
5 6 0.5943926975842587
5 29 0.7974402658344244
5 10 0.1918756073747151
5 22 0.6305786616922506
6 13 0.1391588199210192
6 24 0.31256158848306803
6 10 0.5751230734197621
6 22 0.8683396872590259
6 19 0.1683715443760222
7 24 0.44429686626354203
7 12 0.04019306677506396
7 18 0.35089596250773225
7 29 0.3453216996274264
8 19 0.6118759103085547
9 26 0.3076987337306012
9 11 0.9290169231890834
11 23 0.35036671316866586
11 13 0.4298314040313559
11 27 0.18672487442020747
11 16 0.16854235344453727
11 28 0.5124213291533422
12 24 0.24109731510174692
12 28 0.9237146861274214
12 18 0.04860067956822156
14 26 0.43492810351297717
14 19 0.3121250611643229
15 27 0.5032034138761683
15 22 0.10154757326836006
17 28 0.008432329144427375
17 25 0.34188049574757695
18 19 0.9938667283039462
20 29 0.4010408197475087
20 21 0.015221483348730191
21 22 0.3534412656075212
22 25 0.28476825886027257
23 26 0.5515984042417881
27 29 0.8112025583245377
