30 60 Varying_K 11
0 28 0.565267933525294
0 22 0.8248161548553525
0 10 0.975800193803624
0 23 0.09682188351921606
0 29 0.787834274982879
1 15 0.042570699645444465
2 24 0.26055197634315563
2 11 0.8406019008399872
3 8 0.09597637731878239
3 15 0.24083257944430136
3 28 0.7801180900525206
3 5 0.7842491346076317
3 23 0.9704900850397831
3 16 0.24266419249816584
4 18 0.3701624428046474
5 11 0.3222234851666437
5 24 0.2584911446258723
6 25 0.9507472125087522
6 13 0.8148502543369376
6 21 0.59247170998193
7 18 0.633689529362217
7 16 0.5693745247292489
7 11 0.009825747405316276
7 21 0.46839118676249036
7 24 0.2449815138585898
7 23 0.20821730998606847
8 14 0.7091121447097193
9 14 0.7626548569591017
9 27 0.74686974934742
10 28 0.19442147442701208
12 20 0.23644836789479806
12 26 0.19883589594697082
12 21 0.17655571807432868
12 16 0.6306071652085903
12 25 0.47131671380504203
13 19 0.3798333258001505
13 26 0.4173033174305151
13 16 0.5174048298051294
13 21 0.7883992853937011
14 15 0.8861051045133855
14 24 0.5541138275815266
14 21 0.3672722588250914
15 24 0.6777330436811355
15 17 0.10561944333160067
15 27 0.13299354587365342
16 29 0.9323423132553635
16 26 0.7529774071974594
17 20 0.32067443462197276
17 29 0.5540863613276785
17 28 0.5799763463354805
18 28 0.15093045102996216
18 27 0.3974974569434516
20 29 0.3990010783330671
20 23 0.14349276034766945
21 23 0.19366085846911985
22 23 0.044878262351566334
22 24 0.022049838096010688
23 25 0.9993960951999524
25 27 0.9663502539123012
26 29 0.9019949134527339
