30 60 Varying_K 11
0 27 0.38485186029352636
0 7 0.19826928437111124
1 2 0.2200587269608213
1 19 0.17521513759775942
1 28 0.44850108797921884
2 11 0.9370936567824434
4 5 0.9303234854169876
5 26 0.9588686800299348
5 13 0.30758515416643706
5 17 0.5355828706462686
5 7 0.5888657499557476
5 10 0.5346868193905489
5 28 0.877359939694706
5 14 0.2915319075589945
6 19 0.8383866743522794
7 16 0.3706544555458199
7 10 0.820116488238912
8 9 0.5383623229043222
8 16 0.0713032880511606
8 15 0.7949127066333871
8 19 0.5788090560583486
9 15 0.36137797353555634
9 25 0.02906296893878768
10 29 0.5908989602228288
11 17 0.6806183603527074
11 14 0.3787253745869473
11 16 0.7301641431183038
11 25 0.22796695280860857
11 18 0.12931753129584667
11 27 0.3577075052501105
11 21 0.3510133006652073
12 20 0.5312943926181458
12 29 0.08841953030253369
12 24 0.40747056749566246
13 28 0.1486056628209489
13 23 0.08579918713163903
13 18 0.6721095413067971
14 29 0.43578654708014064
14 25 0.27174628135280765
14 20 0.8717242944028633
14 28 0.41817926758271184
14 23 0.35359811538722696
15 29 0.7769368529725607
15 21 0.39952367690203094
16 27 0.5783490982282091
16 28 0.25088646587425256
16 29 0.07589555443462892
16 17 0.7680389908535704
17 21 0.5121930761826952
17 29 0.5370797161790455
18 21 0.02056775334034988
18 23 0.00736951641908723
19 20 0.20241251744422373
21 27 0.08958809809144241
22 23 0.5415563158174725
22 26 0.5419531494643217
23 25 0.4488770498601359
24 29 0.06893988446588983
25 26 0.270315331604034
28 29 0.9879931075270731
