30 60 Varying_K 11
0 29 0.4141019673563746
0 21 0.8041562953271357
0 26 0.6181667214025842
1 18 0.0704710676619763
1 4 0.06829410469703578
2 19 0.03158486153233775
2 24 0.9539029529985396
2 3 0.9773186062851797
2 11 0.3043916184449288
2 25 0.6569777419486503
3 11 0.6218265994156306
3 18 0.6025228914555143
4 17 0.7155457341720766
4 27 0.8393983284826657
4 28 0.5328568922444977
5 24 0.38516906798674366
5 22 0.865615749403476
6 7 0.4484178589125217
6 15 0.14380096409673482
6 20 0.9343870798426499
7 18 0.2542486380561304
7 20 0.1665462582180266
8 17 0.9248814027902822
8 27 0.5945828496778148
8 21 0.6190722807328033
8 9 0.715943957143339
9 24 0.9230707210132175
9 13 0.954827374333221
10 28 0.07425952810853298
10 17 0.32972556797989094
11 29 0.5715534223585292
11 17 0.43792938120179437
12 20 0.760448140931198
12 23 0.9789800799560489
12 28 0.8332893050747553
12 18 0.5342235806214456
13 29 0.6108507526478846
13 24 0.5126990901899796
13 18 0.03036877678656391
14 29 0.6425399305596362
15 19 0.7665449497029996
15 26 0.31106365834263605
15 22 0.7472500668166113
15 17 0.27109990882230117
15 27 0.046000803110230026
15 20 0.34157468566683213
16 29 0.1364426413799643
16 26 0.29008230825070913
17 26 0.4893770548188471
18 20 0.05719287753929714
18 25 0.0025111373920967406
18 28 0.9322036467626308
18 26 0.16993771153219528
19 21 0.7488561784514242
20 27 0.42401775539447006
20 22 0.25519899808373225
21 29 0.7403673752304887
22 25 0.3188053987979045
22 27 0.9409567366196543
23 29 0.20673806131606465
