30 60 Varying_K 11
0 2 0.23861611246302528
0 29 0.9761280325937458
1 7 0.043591294270538206
1 25 0.8223749862965098
1 2 0.07594550769733066
1 26 0.29217336155392937
2 4 0.6316394822090327
2 11 0.5982037087356138
2 8 0.7577422475285687
2 13 0.7770014529974407
3 23 0.9078690322946671
3 26 0.9723942104631192
3 10 0.3894460388158565
4 10 0.21985776065603257
5 24 0.5096496530749003
5 6 0.8339430862590739
5 7 0.2724872655851962
5 14 0.929309987325404
5 11 0.12973633363983783
6 8 0.6493832278677977
6 13 0.7762067055258925
6 21 0.33274648034724186
6 29 0.3528489906714247
6 28 0.7259491896273024
7 9 0.767365104980231
7 15 0.4061197788962104
7 22 0.19528236594606474
8 11 0.7515709815161208
8 25 0.13456117998721062
8 26 0.4074664049297245
8 16 0.12730082221044947
8 14 0.5297940524707764
8 24 0.5782120830419524
9 29 0.24739165014107867
9 26 0.4981956630639842
9 18 0.1949993607324627
9 27 0.31555085064495747
9 13 0.6490660606278625
10 21 0.9069329617813389
10 18 0.360325887546766
12 15 0.06983224672820565
12 17 0.45261004554886175
12 16 0.8826268670544859
13 19 0.7668331995146426
13 23 0.977207367349006
14 20 0.7317138020360613
15 22 0.9891767456318481
16 17 0.22250850160639646
16 24 0.19162012576113951
17 27 0.5807256716461412
17 20 0.32273141357476987
18 19 0.5479167362267803
19 27 0.2659239835262722
20 26 0.4160931329772627
20 27 0.9725875136256646
22 28 0.7672270160452536
23 27 0.6624230915784558
24 25 0.9538070287278676
26 29 0.8534016688040695
27 28 0.38139814647471615
