30 60 Varying_K 11
0 16 0.6840386444859295
0 23 0.47264299999405435
0 27 0.05328495633889829
0 6 0.020213729285132764
0 9 0.9334784007249363
0 19 0.4229485357136852
0 12 0.08022060595016234
0 26 0.4828047641363745
1 20 0.08657931079006831
1 8 0.8179873707257199
1 14 0.9085831799259996
2 25 0.4634755984989568
2 10 0.3586078135912023
3 11 0.35246111826557436
3 17 0.392189245276625
3 24 0.22443010215704584
4 19 0.8743815020596175
4 8 0.1096209979897308
5 28 0.9930311794538207
5 8 0.7115236784668965
5 24 0.2110911541499868
5 27 0.4435499800148419
5 9 0.2900939140613258
5 6 0.8265022155211438
5 29 0.31892650782714993
5 10 0.9262822968514212
5 22 0.8274473048637686
6 13 0.7674298538644116
6 24 0.2468283539962488
6 10 0.4195786534985727
6 22 0.8175693122121738
6 19 0.507741013936511
7 24 0.4533860101152971
7 12 0.7895729299301486
7 18 0.8431072970102769
7 29 0.4902776907319283
8 19 0.42815721255459116
9 26 0.5259490544001759
9 11 0.715841047574418
11 23 0.6457337148637899
11 13 0.829873356961625
11 27 0.3349752803628282
11 16 0.4201146626793717
11 28 0.49981612063485337
12 24 0.8142480374445206
12 28 0.4339896788192098
12 18 0.5800076743373883
14 26 0.8130236084784329
14 19 0.17006410513516723
15 27 0.4513734413488537
15 22 0.4567363046823829
17 28 0.9334680060475318
17 25 0.27750198415718297
18 19 0.6351080551957444
20 29 0.25607509281916996
20 21 0.7521870460201336
21 22 0.8569997324240481
22 25 0.7728449568715793
23 26 0.8287032821892122
27 29 0.6383790423979672
