30 135 edge_degree 4.5
0 28 0.8107536825635131
0 22 0.02022254999813
0 10 0.17054259118959458
0 23 0.0839419197149367
0 29 0.6945625590603991
0 15 0.1720587537973357
0 7 0.974566393236584
0 12 0.9778713644621704
0 11 0.6289979369468226
0 25 0.7782490101465165
0 27 0.5485751000975011
0 14 0.6422990491926652
0 9 0.1017123744926961
0 26 0.5888322223044686
0 20 0.05210012435420075
0 17 0.32421139175379166
1 15 0.9504825265119478
1 9 0.44642278821477344
1 13 0.5502630490840101
1 8 0.10947515031317434
1 23 0.07518866804572755
2 24 0.957549986077832
2 11 0.729011587154447
2 27 0.9619794219297132
2 9 0.32978139392816586
3 8 0.6955643332592373
3 15 0.3258060160722207
3 28 0.23778300566249633
3 5 0.37411800365292935
3 23 0.4154601861696854
3 16 0.36107104597350637
4 18 0.7500937103188886
4 25 0.25496289828791585
4 12 0.013672179751121227
4 9 0.16753882370390372
4 8 0.849776187117499
5 11 0.9518471175452422
5 24 0.5025582532858563
5 20 0.7159130571134188
5 16 0.48929835543207645
5 17 0.196287456407515
5 18 0.33063176337255973
5 21 0.9383740218231058
5 14 0.27251312589067034
5 23 0.32649810814850977
6 25 0.503691913682381
6 13 0.05405012638082329
6 21 0.0983700857794203
6 24 0.40947904236252597
6 17 0.07058887373773337
6 8 0.11302450957082288
6 16 0.8508653509648705
6 28 0.44261988899435256
7 18 0.30647486757195475
7 16 0.6880631176625603
7 11 0.8579967327580399
7 21 0.1530464314075206
7 24 0.6118832379889861
7 23 0.8675954937036547
7 12 0.7191505680345063
7 20 0.19431410635156443
7 8 0.7994281776464411
8 14 0.08158143607969381
8 29 0.5230221505322185
8 16 0.6636737625228242
8 20 0.8404572186324508
9 14 0.9639682683379497
9 27 0.7520591030734979
9 22 0.2332552553095485
9 29 0.10791864897229686
10 28 0.09593276449046217
10 19 0.1227882231297317
10 15 0.3515260549277902
10 12 0.2444901064268571
10 21 0.759408285484624
11 12 0.9569368523113572
11 16 0.15315293725739965
11 14 0.30029805029858236
11 18 0.20140697628351456
11 13 0.46868938968838736
12 20 0.38531572583635143
12 26 0.3432394546653731
12 21 0.7331503048111392
12 16 0.2835745777629235
12 25 0.22074212038159668
12 18 0.2762831391720699
13 19 0.042949750459203684
13 26 0.8329034844976125
13 16 0.0917271425889663
13 21 0.020384019219942262
13 25 0.5041186491974339
13 20 0.3381668797579631
13 18 0.9725531830990453
14 15 0.7124671858171603
14 24 0.16724621383831373
14 21 0.45769353247191247
14 19 0.832242333302183
14 22 0.2768386593151895
14 16 0.9460035181252383
15 24 0.41377477997524337
15 17 0.4756106256574084
15 27 0.657783248551251
15 23 0.1372102625437076
15 26 0.8567705139546349
16 29 0.9042379391501789
16 26 0.8086229313414522
16 23 0.6809371003172296
16 24 0.06594268059448005
16 22 0.3784498871215869
17 20 0.035265720168011994
17 29 0.5658536554234294
17 28 0.031188799058517347
17 27 0.8843062343321858
17 21 0.9588313645992665
17 25 0.18249433056936992
17 26 0.8194745367122296
18 28 0.5892223361582071
18 27 0.11551993261541227
18 19 0.5029128515605027
18 25 0.3656428749070526
19 23 0.6827768927379646
19 25 0.927371775217403
20 29 0.8554400491109915
20 23 0.9100510114564551
21 23 0.5927143273648982
21 26 0.32622691683884364
22 23 0.6575982286706109
22 24 0.5385249860049525
22 27 0.8816122855763533
22 25 0.6670419202661818
23 25 0.8354655771929284
23 28 0.0743123436293136
25 27 0.0980794857655729
26 29 0.2743457807751909
26 28 0.161659214127148
