80 320 edge_degree 4.0
0 49 0.5360556588283216
0 4 0.15734007077296297
0 67 0.7524805609940537
0 9 0.710805630848802
0 44 0.3904438205019035
0 59 0.6975062635716537
0 66 0.08658090984149125
0 16 0.44924386204446953
1 24 0.9778973144059555
1 40 0.12392079437039161
1 17 0.2032055175067211
1 19 0.023548681147112283
1 55 0.338743229513771
1 58 0.9097976092806459
2 5 0.6499465215531872
2 71 0.07646103884338651
2 12 0.957028061812507
2 74 0.7434159319651215
2 46 0.05349753214316266
2 39 0.05492647086668678
2 25 0.772858617283794
3 46 0.9785698981529397
3 22 0.303924628385562
3 31 0.6834435022687515
3 8 0.11995245365373841
3 39 0.47477878863874756
3 13 0.6313367359131075
3 66 0.631306904321978
3 36 0.23105332015087365
3 79 0.8420943933466932
3 56 0.7871269942115514
3 10 0.43598983940976177
3 17 0.5061310540898079
4 74 0.7181626300202877
4 34 0.13967984813027723
4 54 0.06118162918706216
4 32 0.5974298721164993
4 65 0.7749832704867939
4 19 0.4649596447507528
4 11 0.697138464838575
4 46 0.8569885186186842
5 75 0.9089378499946662
5 77 0.1664409380234826
5 60 0.21754859403435334
5 39 0.7974468773414957
5 43 0.7902988441347113
5 57 0.5272952406467768
6 73 0.6115704262606146
6 75 0.7843779502618212
6 65 0.3977065448338798
6 20 0.2099226705018672
6 50 0.8188520548920255
6 59 0.1744275394592788
6 7 0.9962360938856945
6 78 0.5833583048362169
7 11 0.19969935410342077
7 13 0.29990527678375956
7 26 0.24617105329629418
7 46 0.1421551256107726
7 17 0.4925531371387598
7 57 0.3647253201235837
7 14 0.15807767574480858
7 18 0.0836169632660736
8 53 0.6107311668047068
8 75 0.42445366080616587
8 22 0.2813228313443369
8 61 0.03834338012312488
9 43 0.22147836131210663
9 56 0.619499880640604
9 28 0.2812769462622122
9 12 0.15792268268339882
9 26 0.8117203439446261
9 38 0.2932757768038091
9 42 0.4932411498504714
9 79 0.05569047224114376
9 45 0.5793098147680362
9 22 0.8365774190683678
10 46 0.7225373289365663
10 14 0.8069180828157356
10 32 0.8239961900549807
10 78 0.6181586027710796
10 54 0.3962852345603779
10 42 0.42263802018910523
11 40 0.5373324577455705
11 65 0.6809276284269382
11 66 0.08692059859474699
11 64 0.3732721894124429
11 61 0.5749182617506156
11 43 0.7372425647573794
11 76 0.20053367480895823
12 21 0.5336071685173898
12 61 0.7192508082727572
12 52 0.2310454667732842
12 54 0.6535007201656964
12 49 0.10556359352241496
12 20 0.4854045055780085
12 63 0.4207133071677298
13 29 0.27826842084765024
13 30 0.6012712954364569
13 27 0.3345891878491485
13 39 0.6616636426641744
13 57 0.3707163653049175
13 32 0.738959135888518
13 31 0.561716264074461
14 36 0.23104171498839288
14 20 0.6086478689476679
14 73 0.85919545317506
14 48 0.8522523551168363
14 69 0.9419269880546229
15 66 0.09441630764433273
15 32 0.3669540441661324
15 64 0.8251599688377398
16 20 0.2471774952249226
16 57 0.7160979479058422
16 37 0.9662963215043068
16 48 0.12336811716189833
16 34 0.8089402945313907
16 75 0.14931543478952547
17 65 0.1434347929785943
17 66 0.7328669309326782
17 59 0.3589585536463211
17 32 0.3679481667475033
17 63 0.9463940959321094
17 71 0.37992131942187
17 30 0.9189197663235702
18 43 0.7467816600232713
18 47 0.33897544249972167
18 69 0.6092390663613284
18 59 0.33867290632298996
18 26 0.14233690940552346
18 53 0.2330285974166587
18 54 0.37636674104649803
19 31 0.9093743465567187
19 79 0.6963928708692104
19 69 0.3973830612763254
19 67 0.04157059646684258
19 46 0.6343877224962502
20 55 0.7325426887778942
20 57 0.9742601288013172
20 29 0.0999711569123719
20 59 0.07508802807335613
21 39 0.9436118336017207
21 67 0.6920414875338237
21 41 0.13966332695854744
21 32 0.7035627264157319
21 63 0.2704978481745296
21 44 0.7380720815401347
21 52 0.44604091788662525
22 71 0.29464260488563865
22 41 0.22426431997683627
22 46 0.2793988757226732
22 45 0.9750692012675708
22 67 0.8044201455251734
22 59 0.8832345208415481
22 51 0.2997137843041402
22 33 0.07347706632226703
23 57 0.24114281776091906
23 66 0.48076748900141053
23 29 0.04448811940621844
23 74 0.32868058739757733
23 50 0.6083745410233795
23 45 0.3048853037591652
23 40 0.20972125608815995
24 62 0.575930650831193
24 79 0.22340172195456443
24 74 0.5120816592748711
24 47 0.7366317796897307
24 31 0.3384833851244273
25 71 0.274118274438124
25 40 0.9646411546211525
25 69 0.0142682057418696
26 39 0.253848183946772
26 55 0.719000356686975
26 59 0.0955126389455333
26 65 0.582963699259372
27 77 0.4678234137660203
27 48 0.39889952222106007
27 51 0.30987075286609667
27 49 0.15630659719494577
27 46 0.688655179907629
27 56 0.4269540930521547
27 59 0.658370427126528
28 62 0.6941893854283637
28 60 0.060404264942575114
28 68 0.040379075492936845
28 44 0.3149702068722632
29 30 0.9439900979219834
29 58 0.5544800163855159
29 31 0.4519897658369266
29 75 0.19728517031296589
29 49 0.8375052105203398
29 71 0.2746584639536158
29 34 0.9328158942816366
29 50 0.6204792718144652
30 51 0.5475819878426756
30 60 0.0756969945693321
30 76 0.43844999328170475
30 78 0.3770038047190041
31 67 0.3849910333216633
31 34 0.6686930760810947
31 65 0.5252518999186667
32 77 0.9247929089467242
32 47 0.5914800468241181
32 46 0.015018373754162151
32 51 0.9381656107255167
32 61 0.2494527272600805
32 42 0.35389248371284965
33 51 0.8514385570560229
33 70 0.7179579809593981
33 40 0.6848626701931843
34 78 0.5772844801438711
34 75 0.16741275371422137
34 61 0.41813168013972724
34 58 0.578253120764349
34 41 0.35084719654651786
35 62 0.2769378997605908
35 54 0.6862816819948847
35 61 0.5384712261862667
35 75 0.44490683984598367
35 66 0.022673835893862626
35 76 0.15154037112959706
36 71 0.9750825002356279
36 60 0.9901694478162747
37 47 0.2745513916876109
37 63 0.6510791766700994
37 50 0.9923719301897974
37 59 0.29484068838504995
37 56 0.0117303485469048
37 68 0.8594229733535962
38 64 0.2747630381486813
38 42 0.3364689364347323
39 61 0.989651183710761
39 68 0.6370330820955731
39 47 0.26557796739301964
39 50 0.3914657054440799
40 59 0.6759098649972786
40 45 0.6130702676638592
40 79 0.5522372903426108
41 65 0.1520431227872039
41 51 0.9314324426748393
41 69 0.6134216598496856
41 66 0.4068549879404134
42 50 0.8854268397228564
42 56 0.6859701861307711
42 66 0.6927469411738055
42 62 0.8360384562827218
43 62 0.06110834354910544
43 51 0.8214677329667596
43 78 0.46193311013261795
43 67 0.7905854413108354
44 72 0.8758815260781486
44 78 0.8822397827964173
44 50 0.48457561627869616
45 46 0.4493331217318658
45 65 0.717786890843186
45 58 0.8080780727723943
45 73 0.7215693587476251
45 56 0.0860847193833969
46 65 0.13462973177080206
46 75 0.13481578954150342
46 79 0.39539800245262946
46 78 0.661748991469826
46 70 0.005877623757737482
46 58 0.9749081194717965
47 69 0.7446804242996168
47 50 0.8442263874261567
47 78 0.44286665384812995
47 62 0.7724097791333284
48 54 0.11276231623606336
48 51 0.9163435425099993
48 63 0.09175669971048905
48 68 0.4503736390101222
48 70 0.29609255308067994
49 52 0.5008853992294605
49 76 0.971801156767954
49 69 0.4961308011000364
49 67 0.010329628819586989
50 65 0.9266410716132023
50 62 0.4129939854527027
50 76 0.455621500283495
50 61 0.08474134054868965
51 59 0.5754774486392945
51 58 0.8132575638348204
52 75 0.6809326112987404
52 62 0.8448554073765341
52 60 0.0075246794447833
53 67 0.5740596880254731
53 77 0.6803496890198741
53 62 0.9770391851625932
54 65 0.6284218871299122
55 78 0.8207739560567798
55 56 0.0765199755037741
56 64 0.6507742752442199
56 72 0.8555928336977062
57 70 0.23628593317450253
58 59 0.3943722420834388
58 71 0.6989885292012196
58 64 0.5927196997607012
59 67 0.683884271313581
60 62 0.17218437425567867
61 67 0.20825564486370862
61 68 0.9004886817207984
62 65 0.7058624338811685
62 76 0.1719940535183876
62 78 0.8254325257717119
62 68 0.1682411053922328
63 64 0.9692449261801288
63 68 0.13677801851040838
64 78 0.558841608490971
64 74 0.19973281426798384
64 69 0.594077220070251
65 71 0.14279082942235144
65 72 0.47546092622680103
65 75 0.2268681269234062
66 71 0.2692839567951375
66 74 0.14304709298321505
69 79 0.5210876990699222
72 77 0.6466914104510024
73 74 0.5039371123650039
75 78 0.9470853545824316
