30 72 edge_degree 2.4
0 29 0.7133300778270174
0 21 0.31777572695947387
0 26 0.28314082869088897
0 4 0.2969546092337543
0 9 0.008048145750049973
1 18 0.12675293495210727
1 4 0.45985425448892725
1 19 0.9922181305338135
1 12 0.9004099979598712
1 7 0.7111621057448811
2 19 0.6906840861364391
2 24 0.9387515881965826
2 3 0.19641145253822645
2 11 0.9722380883146198
2 25 0.7019908501739086
3 11 0.8086317450579017
3 18 0.6060059613328513
3 27 0.550507651365909
4 17 0.8420788063658481
4 27 0.27235417416436913
4 28 0.17033954000755436
5 24 0.009023481265310163
5 22 0.056833493953434844
6 7 0.8833808412411388
6 15 0.7023858754700828
6 20 0.10103218536861014
7 18 0.027905843501563
7 20 0.4077899875858748
8 17 0.07537562536919173
8 27 0.053359075525415633
8 21 0.8164958937743976
8 9 0.7221101710056351
8 16 0.49253958084707194
9 24 0.7752404077792907
9 13 0.41304065506251464
10 28 0.43335642460968105
10 17 0.9256222908752795
11 29 0.7922848429074921
11 17 0.6564375075692197
12 20 0.7788815757933776
12 23 0.814531046565157
12 28 0.28938474485173904
12 18 0.5266967978955002
13 29 0.857623235546229
13 24 0.9905799983106172
13 18 0.6585952485249777
13 28 0.21428547468324355
14 29 0.5485531346990377
15 19 0.26132397187905876
15 26 0.725456422603837
15 22 0.3479875120125493
15 17 0.633570736101829
15 27 0.03769677870459487
15 20 0.7704950217436358
16 29 0.3564184755215055
16 26 0.6789368624628694
17 26 0.0010385746027292697
17 19 0.6894429714521624
18 20 0.011036130713591774
18 25 0.20764745154955855
18 28 0.3420134016503804
18 26 0.1346990784413895
18 22 0.6358041138688094
19 21 0.8790508908364472
19 24 0.7608309261724742
20 27 0.9617011862898289
20 22 0.7726130394062702
21 29 0.6780611102248628
22 25 0.15294202872449714
22 27 0.6897654046252805
23 29 0.2491499817207996
28 29 0.7415176777064512
