30 135 edge_degree 4.5
0 2 0.08792674426216507
0 29 0.8222965232279699
0 1 0.20293866226538837
0 10 0.8250539638386414
0 18 0.3378081844372315
0 6 0.10685129755795275
0 19 0.9329720061085683
1 7 0.381823862706299
1 25 0.9866260426633999
1 2 0.2945317289764813
1 26 0.9509485561297368
1 11 0.7050690785117014
1 3 0.5711917520280558
1 17 0.8670049282807665
1 15 0.3180201066406889
1 6 0.10473063553846118
1 8 0.398870845810832
1 10 0.9394011929973054
1 27 0.11655802853588015
2 4 0.31287373905038396
2 11 0.953993047398761
2 8 0.8179086051629302
2 13 0.13096024104049542
2 28 0.04465027503262409
2 26 0.8319006369623796
2 12 0.0014432692464076968
2 15 0.8319145805922046
3 23 0.903613949896204
3 26 0.4534832781958503
3 10 0.15005895201700115
3 14 0.09650939772871414
3 18 0.8770604671880518
3 12 0.7638044654569881
4 10 0.18702032782304123
4 24 0.5685792875546115
4 8 0.2920755834116191
4 19 0.9996786651081568
5 24 0.9222900385886692
5 6 0.3822334145648276
5 7 0.7177878796099052
5 14 0.21038204300620222
5 11 0.1574695701932708
5 29 0.8297100892225979
5 10 0.44833593123346593
5 23 0.845201118998194
5 22 0.8532968082070265
5 21 0.5461476211194858
6 8 0.1000719046762456
6 13 0.6225692323729254
6 21 0.4115709734672528
6 29 0.9832369951648293
6 28 0.937360345845891
6 15 0.42853738389637097
6 7 0.7353584723572923
6 16 0.9231706027762293
6 25 0.3856282654678409
7 9 0.3824938729173508
7 15 0.4510627751254548
7 22 0.4069966609400475
7 27 0.254770796969921
7 10 0.992216418967498
7 13 0.6524931466665185
7 14 0.4958279278623129
7 8 0.17967542591248697
7 24 0.37405553735432673
7 28 0.5372411984951347
8 11 0.048190874789040716
8 25 0.029155021879848864
8 26 0.9688836702566008
8 16 0.7633226541106342
8 14 0.3136514422975737
8 24 0.42787187849930297
8 10 0.3991602722892069
8 27 0.9696208969360393
8 28 0.23014107897418123
9 29 0.963540406874676
9 26 0.9990399337007101
9 18 0.7231368459689391
9 27 0.9414447840409637
9 13 0.33624723072523255
9 14 0.24197872398213915
9 23 0.5559559046594251
9 10 0.2882420838563633
9 19 0.12186984554821667
9 24 0.4508019067704472
10 21 0.39653059620293807
10 18 0.15171634996555672
10 20 0.14828423871487117
10 19 0.3625438870867963
11 22 0.8532651708581347
11 25 0.6009669280415711
12 15 0.6223183207187573
12 17 0.8469834125070298
12 16 0.9093007807475654
12 19 0.6448673835087503
12 28 0.40010386808614695
12 29 0.4102628272207979
12 23 0.5311704290360172
12 25 0.23457640660470114
13 19 0.41396885008181294
13 23 0.08590881500005298
13 20 0.805871587635525
13 14 0.461906088296238
13 26 0.23160589814343502
13 27 0.2765746439516077
14 20 0.14871372709983144
15 22 0.15381000315103355
15 18 0.38726856565741663
15 21 0.22628990423295092
16 17 0.4303027590818318
16 24 0.3744833114037659
16 26 0.15280927047767312
17 27 0.13868920102088178
17 20 0.46299926523968304
18 19 0.3714011770721015
18 28 0.30531417151680207
19 27 0.9746633768307005
19 21 0.709545182738445
20 26 0.8827170853147247
20 27 0.7796928328921658
20 28 0.9594465399868464
20 25 0.3881521814897866
20 21 0.9359070500923071
21 25 0.611191442806526
21 27 0.49199664945693145
22 28 0.28011708712734473
22 23 0.8691691973152083
23 27 0.4454732604712053
24 25 0.22717986510967159
25 27 0.5808274582440937
25 28 0.0534424651912041
26 29 0.9909798273037245
27 28 0.08772459886560713
27 29 0.5103688383882635
28 29 0.6836043690793288
