80 360 edge_degree 4.5
0 76 0.8488533505369489
0 47 0.5645561779754976
0 44 0.7203575277312072
0 32 0.21527721620667173
0 38 0.48721937859615405
0 34 0.5373394363782222
0 36 0.7651110598400294
1 27 0.07623622895665827
1 57 0.8511095279254673
1 74 0.7901622197466065
1 61 0.7649863351643874
1 24 0.6933928650556406
1 17 0.015507225713062067
1 16 0.26335594274032603
1 20 0.9826727113960576
2 38 0.20225963303485828
2 32 0.19573241155193533
2 70 0.31933589649851235
2 40 0.3543278914504593
2 16 0.4110818303499094
2 7 0.34971276210454494
2 79 0.23393365555910672
2 18 0.8159600673525551
2 78 0.7486128367907315
3 59 0.15040706977675078
3 34 0.6665796920334831
3 61 0.6272131580281626
3 67 0.6226567461504708
3 42 0.1418270917949388
3 69 0.6034258636306303
3 25 0.42617186524553063
3 56 0.23418524588187872
4 37 0.5116212625110232
4 30 0.9042784983441714
4 7 0.34354885087935083
4 39 0.269049407686374
4 53 0.7168044063409287
4 47 0.8666256892077695
4 60 0.7568693754308297
4 16 0.023435022534463612
4 73 0.6020894032762079
4 75 0.9523429872177674
4 61 0.3453675467493824
4 44 0.5845913557603938
4 20 0.9081240316319372
4 70 0.9581941223014627
4 6 0.5605301870500029
4 8 0.3713528750573676
5 23 0.22258116085131996
5 60 0.18749865287773015
5 37 0.9597660577943885
5 71 0.05495787103068128
5 25 0.12935321881002815
5 26 0.9079857057050651
5 21 0.3006384794210599
6 31 0.1646764147496229
6 20 0.15974934250978823
6 17 0.4160633390956566
6 8 0.3497455392375717
6 15 0.8255081483699062
6 49 0.7390645600905443
6 60 0.22969158692012837
6 7 0.38016676825502227
6 25 0.5922593525519279
6 54 0.0461004065068531
7 22 0.3588467323075055
7 53 0.5872470070779449
7 73 0.5330546299851526
7 17 0.5431738407669967
7 59 0.21779056715075218
7 35 0.5681494081583809
8 33 0.6872557842577545
8 43 0.9174213163271575
8 46 0.36758606411813
8 59 0.4774014262451344
8 10 0.590302245329094
8 54 0.39975255906925566
8 20 0.28389648117007404
8 70 0.7435806142354509
8 12 0.23937298949094965
8 36 0.3968148522842987
8 39 0.709435378812631
9 20 0.9983870198699689
9 75 0.21945398065111876
9 35 0.06596913708599017
9 47 0.3119090883533945
9 30 0.5178936136177462
9 27 0.8405642990111807
9 12 0.1815700778555247
10 19 0.9195167771919267
10 76 0.4853850850072471
10 53 0.5545983372909683
10 43 0.6035733887081413
10 62 0.6029738779254722
10 79 0.6872834779984777
10 29 0.162233779128223
10 68 0.682612115313483
10 54 0.6582533910997522
11 55 0.46828945658831245
11 69 0.838923003018514
11 62 0.020809692779919953
11 77 0.9191540732066983
11 15 0.5869600043056472
11 33 0.8973342338211853
12 38 0.9774923423861639
12 24 0.5494361227007373
12 44 0.7424604599970709
12 20 0.3437750682430578
13 69 0.26111486964210895
13 59 0.28502977889917724
13 52 0.8202423869434099
13 48 0.49846142256133363
13 67 0.22016787383287884
13 40 0.7034381263167883
13 34 0.2015096604292823
14 20 0.9297728935571772
14 18 0.10124136716078058
14 40 0.8082056171807726
14 70 0.1983279705511971
14 78 0.16140806251980888
14 28 0.18514205853972832
14 32 0.10924505656397498
14 17 0.8115654233430771
15 31 0.23083375709683607
15 79 0.11022329124602515
15 77 0.10444826806843222
15 28 0.9391455971573082
15 73 0.8772078805793411
15 19 0.06261965843967132
15 42 0.6272859733355484
16 26 0.4126635461838669
16 72 0.1624981999299545
16 45 0.11331744351724882
16 73 0.02236330012518961
16 41 0.7563207961735083
16 54 0.35341654723386917
17 79 0.6012552321157578
17 25 0.11659683932103415
17 50 0.8179417077228147
17 37 0.3505463124001801
17 30 0.4556059325788009
17 27 0.8241112214786708
17 45 0.9525722823840799
17 21 0.7592502160446294
18 21 0.9673362476188438
18 46 0.23043683707994222
18 53 0.979890126026298
18 37 0.6758551964834163
18 66 0.9085131452851786
18 20 0.32869327510548474
18 41 0.8780754440066117
18 36 0.6030034800164688
18 39 0.04563842291726583
18 57 0.15092539884949352
19 47 0.10161593023958093
19 34 0.3764673465227014
19 54 0.9246283020739418
19 56 0.2867675517907985
19 37 0.4563397696389583
19 20 0.12662015349969213
19 70 0.13835165583235198
20 25 0.7968453014590663
20 76 0.64641407156933
20 35 0.7774303428440689
20 59 0.9468650885886075
21 55 0.03970741838096825
21 66 0.4384626504534537
21 67 0.6192976116063712
21 78 0.4224348389703454
21 28 0.014683375715343394
21 61 0.4304552151956045
21 77 0.8965701114275977
21 56 0.8584464905604594
22 39 0.6355451373725436
22 63 0.059638347722011265
22 43 0.7885009386548475
22 57 0.2742102541210668
22 49 0.2609767006381879
22 30 0.14170755602601737
22 24 0.9109648387837925
23 49 0.9823887575282363
23 26 0.3053134264054207
23 40 0.6457406536842563
23 43 0.3165061536083035
23 79 0.41319900776556406
23 28 0.9620682833669877
23 61 0.7340315634487243
23 78 0.8920937355675204
23 52 0.49647894658998504
23 50 0.5687368039328622
23 25 0.3060023869124058
23 39 0.055060499578981514
24 70 0.2773258249923587
24 68 0.3241770108104215
25 69 0.40661859321375227
25 49 0.6488528121349016
25 79 0.18639362084030608
25 46 0.7949776402887623
25 37 0.1614678092940398
26 27 0.020519887493207656
26 43 0.2082138413954875
26 30 0.8520895926134093
27 79 0.4557165471389255
27 73 0.31954216069831
28 63 0.3635624576464239
28 33 0.7133800655976557
28 70 0.115210459232712
29 34 0.9071611028155796
29 73 0.4674757653429511
29 67 0.46912059612491364
29 59 0.7535886795131354
30 32 0.2904878873487309
30 58 0.9163482341411551
30 45 0.21733116871566216
30 36 0.02622528113677336
31 48 0.8744925956923565
31 73 0.11591908960813568
31 56 0.016133564501917164
31 35 0.574641408103747
31 62 0.10663585346103999
31 60 0.5584904011537951
31 63 0.6464726137137375
32 79 0.73189466184015
32 67 0.8611201462740357
32 58 0.21263440814552248
32 41 0.6796478064696566
32 53 0.5533700424183655
32 52 0.8793215875910202
33 37 0.7399706947286451
33 76 0.35381757470140907
33 63 0.16739662427633162
33 55 0.9617053572211134
34 65 0.34243922989704423
34 67 0.40078764374351306
35 52 0.5906959488709536
35 43 0.7690415351190458
35 37 0.004192245175474674
35 62 0.8621758059994541
35 59 0.02905279213800971
35 44 0.4063854144416085
36 64 0.465112016731585
36 61 0.3331626242512671
36 37 0.6982082017634136
36 38 0.45011711148308453
36 60 0.3429840015927407
36 66 0.5278184884332656
36 47 0.9299143705950871
36 41 0.941776833910255
37 40 0.8212554941010182
37 69 0.4256420919302787
37 74 0.14986113752574748
37 61 0.1788678522393976
37 78 0.804391694555591
37 71 0.21923918610797144
37 42 0.2500437578593696
37 55 0.9506797867191056
37 41 0.2535358170309755
38 42 0.03635063211251055
38 53 0.77521953520405
38 63 0.2654693550983547
38 79 0.4377120456497283
39 45 0.6055377405871022
39 61 0.08005851754294169
39 40 0.3737548681679892
39 62 0.8752616903697882
39 57 0.7718746348050652
40 61 0.8866609065490917
40 76 0.327924597442387
40 47 0.7237063844858237
40 51 0.3650295757607813
40 53 0.3439481527198429
40 57 0.5044080316872412
41 72 0.6579176271564044
41 61 0.3172681167063347
41 54 0.6266993384516938
42 63 0.38629880993080756
42 46 0.028429187362686736
42 68 0.5794148923638145
42 45 0.679137970118358
43 65 0.6713855097097866
43 68 0.30839390101783093
44 59 0.1562705642875133
44 76 0.5410401762021596
44 45 0.07908194226404319
44 52 0.5255436701215511
44 51 0.1446013939461297
44 78 0.5217383846330607
45 67 0.3286873055270806
45 51 0.9400220807499791
45 65 0.7093163366490355
45 75 0.20360285805928424
45 47 0.6156579807580664
45 62 0.4487214587988806
46 53 0.2458158721010958
46 71 0.27236338589082865
46 75 0.5325741367519091
46 66 0.17698476435761112
46 51 0.6026765504012176
46 59 0.924096117176358
47 60 0.051181251581778886
47 75 0.6454294486738111
47 59 0.8149437939850128
47 58 0.48497514810099807
48 74 0.2102071227862783
48 68 0.25073824848810644
48 78 0.31539286950038115
48 76 0.16452369075956852
48 72 0.5659291860901593
48 49 0.668009568935949
48 79 0.9825208502268061
48 66 0.4851294449051624
48 71 0.1799220290845538
49 61 0.22784471654737604
49 59 0.3691469590374633
49 60 0.660467783580678
50 60 0.036256937972599323
50 63 0.9443774198555759
51 68 0.8872490667257573
51 60 0.6620228618454124
51 62 0.04458826760017831
51 79 0.32144849200809067
51 65 0.9516097324700133
52 53 0.12870403615342485
52 57 0.9899168413295663
54 55 0.7313142323679775
54 60 0.6047813731260909
54 73 0.036853058154752705
55 74 0.8790282992053683
55 77 0.6765951928284968
55 76 0.3931055227271977
56 79 0.3121536998290858
56 75 0.6541004185503514
56 69 0.5350035438412691
58 79 0.8032206028125614
58 62 0.9132420711637933
58 70 0.4030149567552296
58 60 0.8116403026471706
60 61 0.11148213953944341
60 70 0.5438937510643987
60 66 0.2402443513299194
61 72 0.16523977081746977
61 62 0.8805459678421416
63 77 0.5872872972734975
63 70 0.08121251185087908
64 70 0.5575762966450334
64 72 0.6105551186284981
64 76 0.830448855223352
65 78 0.16950580784845526
66 74 0.8336534601689934
66 72 0.746932630246338
68 72 0.09278893098768293
68 71 0.7514312131326062
69 78 0.4329675417968233
69 74 0.8076280259940429
69 71 0.5078043995133562
70 79 0.5326301580130307
70 78 0.8157096749922551
73 76 0.9182957480345336
74 79 0.4906220279769232
75 77 0.9777913979701599
