70 140 num_nodes_edgedegree2 70
0 57 0.470548334720328
0 34 0.978047561324934
0 68 0.0504979643922876
1 48 0.8033471785793481
1 29 0.7143800009226402
1 35 0.7114542910425926
1 16 0.024658190620242104
1 37 0.6847473075316447
1 11 0.03413536124322347
2 3 0.8821651161314191
2 37 0.3440734845625669
2 57 0.18440880683739336
2 55 0.09525886789504912
2 28 0.7567164917180484
2 63 0.36215994818964037
2 36 0.8108010264918832
3 62 0.7404759283215981
3 69 0.32140372631134095
3 67 0.46194648908647284
3 60 0.15237411934106992
3 58 0.46187962938286653
3 14 0.7109012069669772
4 50 0.27653590809618156
4 32 0.29998439686526546
4 20 0.9149047100664117
4 27 0.8253334265066423
4 65 0.8348745897950709
5 39 0.044898457815658266
5 10 0.37406915453554923
5 41 0.8595288914140036
5 13 0.4629577951425774
5 24 0.44523422225388076
6 27 0.019463550717032096
7 61 0.12374011632356163
7 54 0.6228513018514821
8 17 0.24923790203128082
8 21 0.8549282816509388
8 30 0.08912888331074764
9 10 0.3845516850058177
9 39 0.1878365357106324
9 52 0.5286161661359778
9 28 0.9308510104324035
10 34 0.2854080545806552
11 47 0.9395306196484952
11 23 0.22674709599514453
12 26 0.18201945179021628
12 53 0.2645779161900088
12 44 0.14949102299279682
12 48 0.12858692291027385
13 40 0.5951079861076903
13 20 0.40453629788488366
13 32 0.8750402926447702
13 49 0.2736283732433473
13 17 0.1356263521456098
14 23 0.8408235654391503
14 37 0.07609531267894765
14 48 0.47205475571539746
14 68 0.9730003563981215
14 52 0.28788261532504833
14 20 0.6889568255154532
15 32 0.87617043657957
15 42 0.8270426157210862
16 66 0.49751434493036584
16 38 0.05013992390007194
16 43 0.30092788598090947
17 41 0.6659387572041489
17 21 0.4108931153501987
18 50 0.5979525142063626
18 48 0.13614882298705455
20 32 0.0787760651621463
20 38 0.4350836527561449
20 25 0.5685173993986216
21 50 0.31665912394711737
21 64 0.35836051342376185
21 67 0.8841499628024174
21 58 0.8642260901030949
21 68 0.5810337295742241
21 57 0.11240195013089715
22 46 0.9883894463640664
22 29 0.3802840388935498
23 37 0.11726172033523719
24 64 0.9144758223489858
24 33 0.9744361920687388
24 63 0.16068367332505573
25 69 0.561235934750549
25 46 0.3454100426787652
25 48 0.15021734646578766
26 54 0.13066486529074917
26 65 0.5003812067922502
26 55 0.5131577407026537
27 54 0.5851840155366158
27 34 0.2528192078981416
28 56 0.6213229003856181
28 58 0.8161780986618875
28 66 0.2329478551254328
28 57 0.7665006419010263
29 34 0.270253069883826
29 63 0.7265954909643867
29 44 0.22900604395760016
29 51 0.12224321315654296
30 62 0.47564263504114557
30 53 0.8754665723768486
31 61 0.894028135990133
31 34 0.9072728442229243
32 53 0.9807347431377078
32 47 0.5849043483709133
34 37 0.49089994446063356
35 58 0.855853414587283
36 38 0.6248491916951034
37 44 0.15391965243997618
37 64 0.982453985634876
37 46 0.8510812715116834
39 49 0.2927430063958557
41 58 0.5270628549040932
41 50 0.25402707669008295
41 51 0.07493003838942147
42 69 0.7700468906925126
42 64 0.6827245653144942
43 53 0.3721211264800518
43 54 0.5216029649199719
44 65 0.6071971322652053
44 53 0.36728383201412174
44 68 0.08873863813134342
45 58 0.7658009115457104
45 62 0.18377098017500082
47 62 0.5293413144931166
48 60 0.2894871779500904
49 55 0.46347187281210656
49 65 0.007267230781112133
50 66 0.10827225820668884
51 53 0.7807254979556915
52 64 0.46334182357409726
54 64 0.26466874484976455
54 69 0.5619874955273961
56 65 0.6927298184401286
57 63 0.3141146266365319
57 64 0.060629687040831826
60 63 0.502142860012537
62 68 0.7300089733921099
63 64 0.9511396917104767
