70 140 num_nodes_edgedegree2 70
0 66 0.2346309084578656
0 4 0.08021148351606422
0 67 0.14343089869683834
0 9 0.8391917849999697
1 43 0.5437720072332274
2 47 0.3753053851009205
2 17 0.8960389192382808
2 12 0.09702961712869662
2 6 0.8476543593691728
2 66 0.6305954144339724
2 39 0.862175106742663
2 25 0.2741543149235469
3 4 0.2475377582508287
3 22 0.6179318943916857
3 10 0.1879769284612799
3 5 0.41216541417813735
3 62 0.8542247368154023
3 13 0.7422564751585946
3 66 0.02743886514272098
3 36 0.36949151508408484
3 60 0.009797264176304887
4 20 0.23252913629859717
4 7 0.008689666803908924
4 16 0.02900445153947917
4 31 0.9362048412300655
4 19 0.3050174110770585
5 49 0.34011706037637757
5 33 0.5064892781537309
5 63 0.6853729753163921
6 7 0.9249191752451846
7 11 0.7135504966843854
7 54 0.5793207741429742
7 32 0.9899543994132615
7 57 0.057726751306691804
8 14 0.1519150471581875
9 46 0.026859209754904523
9 32 0.8511324738161047
9 28 0.39980322042141336
9 45 0.649287544457585
10 46 0.9543580758282477
10 29 0.7408543680853067
10 15 0.28552231707830356
10 12 0.8379367132400195
11 40 0.21477782750311813
11 65 0.733506341907844
12 58 0.42838805111449607
12 23 0.2791417115718646
12 52 0.12748665864727982
13 24 0.25228370497713704
13 66 0.5654176031578758
13 30 0.4974920212522548
13 27 0.3707447259858181
13 39 0.9995929525050959
14 44 0.917922057375127
14 20 0.27815468607859417
14 47 0.05221890854242428
15 46 0.29026794083973617
15 50 0.7307320908509616
15 32 0.2410570731837861
16 32 0.1646930991335691
16 57 0.028966961651358036
17 65 0.7194488682806941
17 34 0.7804101631391434
17 44 0.8828865101564134
18 41 0.09029130160186372
18 58 0.8209303785072443
19 31 0.29497208528172614
19 51 0.184289866660735
20 57 0.006626346072913014
20 23 0.4759727996374309
20 21 0.33904603059518235
20 62 0.7787056194792512
21 39 0.0899842231116389
21 22 0.5946057245980405
21 41 0.8857075680820214
22 41 0.21495870127561878
22 31 0.29333881143639107
22 69 0.7604117146190797
23 65 0.44896703542397964
23 29 0.7449993350540499
24 62 0.9528383680783309
26 39 0.6088998203343278
26 31 0.5585180197055738
26 55 0.8140093644163233
26 59 0.9166527858463063
27 32 0.27821840303408296
27 48 0.2682992006048256
28 62 0.35895173041779804
28 60 0.24231793253589584
29 30 0.5486960297285275
29 34 0.27273046643833065
29 65 0.14091686664616254
29 56 0.9523572942443712
29 50 0.7272651838939704
31 67 0.8641693605167708
32 46 0.2993520783897268
33 43 0.3676181739267712
33 53 0.31415008297713853
33 54 0.7688943820358481
34 64 0.7403216243197117
34 61 0.03823103188734922
34 47 0.16963523115973367
35 62 0.07411586449635366
35 54 0.11364932192729682
36 43 0.7923151865096794
37 47 0.7945436997086207
37 45 0.7125976676285248
37 62 0.44311709734748916
38 39 0.5371533568632553
39 57 0.5397540999009997
39 68 0.7603382844067553
39 47 0.46670598131811436
40 48 0.9429863277522552
42 50 0.6804133023596048
44 58 0.8253638834486883
45 46 0.23259357938479264
45 65 0.9614755163642509
46 59 0.4337261929279559
46 65 0.6749287115731195
46 67 0.7392008191731092
46 61 0.7808533515882637
47 65 0.25920618968508424
49 52 0.2064780043043073
50 55 0.10785870175114387
50 66 0.6451022496395384
50 59 0.9043596866976041
51 59 0.8064064560689662
52 64 0.8408111408432978
52 62 0.275120309481915
53 57 0.981522714730672
53 67 0.4971094906282678
53 61 0.7631330403954488
54 67 0.9527970294511047
54 65 0.42744112014827973
56 69 0.8843747222249021
58 59 0.6870523970648755
61 67 0.14000894592559965
62 65 0.0653172544126025
63 64 0.46200670709325753
64 66 0.8766735594757532
