70 140 num_nodes_edgedegree2 70
0 9 0.10160404260261713
0 25 0.8727035145722856
0 62 0.24252553061181503
0 41 0.8240395878693745
0 16 0.4241077099463897
1 60 0.29095495199756227
1 8 0.6148307840583569
1 43 0.8770663055364322
1 6 0.28534317604688764
2 37 0.8097573200683071
2 48 0.744619018409605
2 7 0.17146034194566206
2 47 0.4561953132933261
2 67 0.2199643026749145
3 38 0.9074063292274556
3 35 0.7829481600805983
3 13 0.4782809391467965
4 12 0.763694914443529
4 39 0.1870346101977889
4 25 0.6974340777764626
4 15 0.44336916546224203
4 52 0.9731581573176499
4 58 0.9933958858988917
4 65 0.8283026496742707
4 61 0.5015955327613846
5 20 0.9691459412395662
5 15 0.25786170931975616
5 48 0.6585150139576554
5 43 0.48793854600197006
5 31 0.8226300568329215
5 22 0.8348876249822217
5 55 0.236367677284955
6 14 0.034420779496074805
6 51 0.2983313297236092
6 60 0.6328070995055134
6 8 0.534666541790996
6 47 0.5361569106915601
7 17 0.6053744791733211
7 61 0.756356260108707
7 16 0.5498954803565438
8 60 0.2006055685358814
8 61 0.8386767711038231
8 44 0.7048307491413126
8 29 0.003756988582163334
9 40 0.7844796399252204
10 43 0.11969276025963804
10 44 0.02605617242347924
10 48 0.4431455254872537
11 61 0.4345166633820281
11 65 0.47857662935339795
12 55 0.6552313344181512
13 69 0.42064077414248946
13 68 0.9622243757458327
13 64 0.24476962610790398
13 41 0.17899147969468243
15 36 0.10740410959203384
15 61 0.14870660465853924
15 25 0.725076024360293
15 68 0.6654861043546353
15 54 0.9873138276561789
16 47 0.9016216630193804
16 39 0.8842443585019791
16 53 0.4417403625782179
16 43 0.3875990066685405
16 35 0.9643304429936184
17 46 0.24339390131236138
17 63 0.1841944267506166
17 48 0.16531112200032327
19 50 0.5626814401357086
19 29 0.8783532037425532
19 52 0.2704974242421815
19 33 0.9327846148068198
20 41 0.10420254074632707
20 40 0.21792796671912174
21 56 0.2432930517445958
21 64 0.16341019256160583
21 30 0.649203999986254
22 46 0.607026393012269
23 40 0.7279799439767981
23 41 0.6299811110065404
24 60 0.9894768549971569
24 67 0.4726247055642152
24 42 0.8003765682150734
25 55 0.7086330421484927
27 33 0.3603320624449684
27 34 0.6633560404620871
27 57 0.4051623725463904
28 64 0.303811716552739
28 42 0.3527623332816401
28 34 0.19480924725578108
28 55 0.23958439118368147
28 45 0.9161536053046186
29 33 0.7354175032863903
29 43 0.825497184911073
30 69 0.1679233785986305
30 64 0.28948356381124685
30 38 0.8973759548530237
30 34 0.06857525637457107
31 34 0.03652764482952642
32 58 0.7489378532586402
32 69 0.8727106204636352
33 55 0.05953972705526944
33 47 0.3006803860197882
33 46 0.4106735136092614
34 60 0.052834229736968386
34 55 0.41339294869788656
34 59 0.016160503079515443
34 67 0.1326203739031796
35 42 0.49859639068638695
35 62 0.6560123033719724
35 43 0.20730965961703873
36 66 0.8861805965281845
37 52 0.4858454016814395
37 66 0.9728912968665656
37 53 0.27228062537801223
38 55 0.019362830879477322
38 66 0.952441553637993
38 40 0.8481433705684022
38 48 0.4985130466956814
38 49 0.9769112859990243
40 46 0.5435596239219223
40 53 0.22202104414176105
40 63 0.6493425707998143
42 59 0.662412676380808
43 69 0.4345514520127237
44 49 0.6882352856741778
44 53 0.8948465769475996
47 58 0.9878588836097705
48 58 0.12991946308581837
48 69 0.7852457987454409
49 66 0.5023933244923081
49 54 0.8307791230088158
50 56 0.9302333262705624
52 68 0.21160498719564436
53 64 0.2234265718316577
53 54 0.20253842616027373
54 66 0.7923955972277046
60 69 0.3772979443338056
61 65 0.3961993678695026
62 64 0.8467915835486595
