70 140 num_nodes_edgedegree2 70
0 37 0.2867686735442271
0 27 0.8262325097131823
0 21 0.1710516271674719
0 39 0.8469330152534295
0 6 0.7549489160049487
1 46 0.971500837277483
1 32 0.97636839713499
1 38 0.674209252523753
2 51 0.4776924866209301
2 41 0.9021691551949332
3 27 0.16208921459191417
3 5 0.5063572249703846
3 56 0.5025291760533359
4 15 0.012202878708770126
4 28 0.501129882012202
4 24 0.6271026305235814
4 32 0.33612264231027356
4 10 0.7514398568283156
5 10 0.4839182896152956
5 59 0.8671464042019852
5 58 0.4221741405479589
5 19 0.12947232399935682
5 51 0.8021656465419054
5 50 0.9576586295609596
5 46 0.1806888591265987
6 41 0.4942340538303208
6 25 0.9058763474192876
7 37 0.5990256247737402
7 12 0.39069434389871305
7 21 0.499444805956332
8 11 0.8331397019193856
8 25 0.8627927104240447
9 37 0.1170389282189308
9 63 0.19315142803435736
9 44 0.8496156816169687
9 12 0.6368902634003154
9 66 0.8870296394453573
10 45 0.05680633572189797
10 66 0.602858820166089
10 69 0.083576150579178
11 47 0.17308242290175535
11 38 0.3042138467744643
11 55 0.6554583447146033
12 56 0.8678358511273612
13 50 0.735129653890686
13 33 0.023965017056162163
14 26 0.33995580867212405
14 40 0.9602180865799306
14 50 0.002995616298897996
14 62 0.7606123506523064
14 46 0.4611297084123879
15 30 0.6048029546173853
15 54 0.4931751438437806
15 69 0.5826719122262515
16 34 0.09708166859974765
17 37 0.6735471796781014
17 32 0.11009101019130418
18 43 0.8282859586897369
18 33 0.9210930110500728
18 32 0.48591277485869366
19 61 0.7003828744819813
19 52 0.9021140554939785
19 41 0.804055907350384
20 29 0.6380504339811313
20 42 0.6907546816954866
20 27 0.9909602319612816
20 22 0.03969276050755888
21 24 0.2973245468643444
21 46 0.5608718248063403
21 26 0.9155417631756414
21 47 0.4895011077862462
22 35 0.5454572886990887
22 31 0.09157453667878179
22 42 0.3009109397403864
23 45 0.9690661935055122
23 29 0.73381242829034
24 52 0.8791957830893474
24 56 0.3502702679644667
24 35 0.24295123293790688
25 52 0.6997751513002722
25 41 0.021326560714051923
25 61 0.43902445041871496
26 54 0.2931997969051795
26 67 0.23842701966271018
26 39 0.2253433396941661
27 63 0.9536575324853902
27 34 0.34809751469842243
28 66 0.8098043968611827
28 48 0.8869921460899794
29 35 0.13913681384538523
29 53 0.9104964453218902
29 49 0.9897596562413872
30 38 0.8209910493521053
30 56 0.3517678783073024
31 64 0.20623538977513967
31 41 0.8537200174152454
31 54 0.5624468303624356
31 32 0.6992157229281641
31 52 0.44516687633725416
32 48 0.47425845797104427
33 34 0.7475288400384896
33 39 0.37190072741643276
33 69 0.8678887604473966
35 60 0.3190802403947858
35 66 0.3446631376810696
35 56 0.6615991698414966
36 54 0.9549853707375159
36 41 0.5318520349576908
37 39 0.573252246361227
37 58 0.371712557332859
37 46 0.4212580095352245
37 67 0.8106762789096198
37 43 0.8168711401231472
37 45 0.7365201801067959
38 61 0.9767400706602661
39 65 0.26725742084798354
39 59 0.2724527145101394
40 60 0.9378074511678065
40 69 0.9672978790623288
41 55 0.6189109932747096
43 49 0.0939203500246748
43 50 0.7311673084963132
43 63 0.4272821027051674
46 68 0.5465169295661519
48 58 0.3237851364923243
49 63 0.35006518493099825
49 51 0.03243654677134278
50 56 0.4797498462820622
51 62 0.14209619111519578
52 62 0.8927911260159356
53 56 0.303341998101897
53 67 0.6256663320815729
55 57 0.8372617481588586
55 65 0.4756058265895373
56 64 0.5933707327704895
59 60 0.06841029374717311
60 68 0.06910259423407172
60 67 0.73225074571568
61 67 0.9078709070211596
62 69 0.4747023974767379
