70 140 num_nodes_edgedegree2 70
0 43 0.2298285584109141
0 47 0.9712624835576418
0 44 0.6767018825445656
1 27 0.039785276619313525
1 48 0.8414475985694396
1 22 0.7601108478910661
2 38 0.6205434095167079
2 45 0.6719651354718119
2 51 0.8431883968518304
2 53 0.6588777221496628
3 67 0.9948651015432596
3 25 0.45703979426174823
3 15 0.4453074179364801
4 55 0.8885744302917145
4 51 0.35547953270137844
4 7 0.7700388968855373
4 39 0.5956767548241798
4 53 0.15106450269561356
4 38 0.17164161599143213
5 57 0.058992088871127724
5 23 0.5429728431396881
5 37 0.963512614402234
6 20 0.11372175573315146
6 21 0.1090235208849194
7 32 0.4876705500293623
7 19 0.19832515847313104
8 33 0.40267897304292677
8 39 0.2159016113492228
8 45 0.2567145294158747
9 20 0.34719673963077435
9 48 0.14388069865196285
10 19 0.5606543841261884
10 68 0.1803736349222136
10 36 0.16836394585592684
11 26 0.5245880881247735
11 69 0.30622407687734
11 62 0.5448230037545287
11 17 0.37976267310773903
12 37 0.38469512763869285
13 31 0.6321044344073846
13 59 0.7618523970333757
13 21 0.9111378768697826
13 48 0.7035383639378981
14 47 0.5133469657716362
14 18 0.41335563681151244
14 17 0.5871521937078945
15 31 0.26503058023560655
16 26 0.43313890382316433
16 52 0.8339137945507645
16 45 0.3480943656231338
17 56 0.03668039588241656
17 50 0.8129837199964243
18 21 0.274150883763566
18 46 0.7235022761733575
18 53 0.18421258803636997
18 58 0.30153359649258504
18 67 0.5735052502870472
18 59 0.25217513153346716
18 41 0.17141448795258896
18 61 0.27285610050950526
20 56 0.42850369678073597
20 48 0.7606422148610594
20 49 0.391319007279762
21 66 0.6343542631043076
21 25 0.34362874618163697
21 53 0.37037337342029575
22 60 0.5098084052616199
22 39 0.5598306276759926
22 63 0.1385331547053893
22 44 0.7291481428486627
23 49 0.9226003362556463
23 26 0.26623687994789424
23 61 0.5645655468962184
23 25 0.1317526624532146
23 43 0.32086112910386955
23 28 0.7134037546385223
23 40 0.4301787935703558
24 61 0.22575448701440004
25 69 0.7430344173780444
25 49 0.63974748098383
25 61 0.4532665865973621
26 27 0.21038757053893398
26 30 0.8355539578209882
28 60 0.990918028482943
28 55 0.25950478044608616
30 44 0.23525399493610866
31 59 0.2739031823829846
31 60 0.8718391523284222
31 56 0.572317384157934
32 45 0.29759278550009494
32 67 0.28691298810901955
32 58 0.0471888038397974
32 60 0.2583829322734139
32 63 0.35271817169727726
33 62 0.42880947649754997
33 38 0.12023531019589351
34 65 0.9836086410409254
34 38 0.3126664822898425
35 52 0.7941843022468782
35 43 0.17040000174769454
35 37 0.2887479078492986
35 46 0.014630676734683878
35 41 0.06435659319060394
35 44 0.15239157353033606
36 59 0.9581224840302413
36 62 0.5382998117208515
37 40 0.20549995740952465
37 47 0.8703371342919812
37 53 0.46172656471418927
37 43 0.5786933044342841
37 63 0.9884812832476169
38 42 0.2011892149933746
39 45 0.21130965885695763
39 40 0.5592332284163659
39 61 0.20293279555688015
40 61 0.7587972119062695
41 69 0.5233570880681288
42 63 0.7745921631455104
42 66 0.7459276895520462
43 65 0.25277217484163916
44 59 0.5870254322812289
44 52 0.4811169863505248
44 51 0.44023554496053574
45 65 0.9401544722806893
45 64 0.7994268787249931
46 53 0.79556092414737
46 64 0.34133332312595943
46 57 0.49926514601395267
46 61 0.9438541211505993
47 55 0.6612108230544068
47 68 0.02095879181724991
48 69 0.9505243109344054
48 68 0.16162107557207872
48 54 0.9638072380349512
48 61 0.039126246543895515
51 60 0.5788513504486119
52 53 0.1094395542455946
53 66 0.5858462960491325
58 62 0.573774989252558
65 69 0.5478805430827954
