30 60 Varying_K 11
0 28 0.2402359375671591
0 22 0.38421091065483737
0 10 0.6958214028296876
0 23 0.04877349567650735
0 29 0.5719411149092702
1 15 0.42098058771808977
2 24 0.8980253449927466
2 11 0.611686150136818
3 8 0.3066560773162129
3 15 0.6375311817384577
3 28 0.7053572044779265
3 5 0.5396724822460413
3 23 0.45741098972732974
3 16 0.40768750524696606
4 18 0.3097491204609707
5 11 0.1776746066696374
5 24 0.0011675009954452698
6 25 0.8127982770057706
6 13 0.38555449851702417
6 21 0.6429809605555986
7 18 0.00825747688998646
7 16 0.8579728082178885
7 11 0.1677815130982131
7 21 0.7165581281284786
7 24 0.8580014624936323
7 23 0.20043474191838628
8 14 0.7423018581132561
9 14 0.22137450348155574
9 27 0.7109533896452024
10 28 0.7427097254899863
12 20 0.021718493370478598
12 26 0.11559201275414899
12 21 0.5818344688690968
12 16 0.8041327173738292
12 25 0.23092782203477602
13 19 0.20904442697809011
13 26 0.8087914219818468
13 16 0.569446602414424
13 21 0.35572080972589104
14 15 0.09501221701942397
14 24 0.0895212633052701
14 21 0.5129554524575807
15 24 0.46934894565833907
15 17 0.43268683066523606
15 27 0.7893083901118491
16 29 0.27021031415686425
16 26 0.2705147778633016
17 20 0.8398182987098317
17 29 0.8727798382948342
17 28 0.7484347677498246
18 28 0.23506566662240636
18 27 0.03609067461746762
20 29 0.7116734469316013
20 23 0.7933814115893955
21 23 0.12732387195637684
22 23 0.1147417791020664
22 24 0.1467932601771238
23 25 0.19073198945436576
25 27 0.6945408504809457
26 29 0.9755119265925517
