30 60 Varying_K 11
0 27 0.13119185657989296
0 7 0.3125203227577237
1 2 0.7711834604346602
1 19 0.9350315873114938
1 28 0.8654832591658431
2 11 0.217649633790007
4 5 0.755276543679556
5 26 0.1279121989617502
5 13 0.023723540045455405
5 17 0.5937123217514167
5 7 0.6672312439603163
5 10 0.0944693492661135
5 28 0.17388341277846375
5 14 0.2838023895819848
6 19 0.3146382107529494
7 16 0.686206866831309
7 10 0.1407109141295051
8 9 0.7662284263797293
8 16 0.39805333819410726
8 15 0.22222481560699503
8 19 0.8332676898050925
9 15 0.7179516430332827
9 25 0.549968365759432
10 29 0.5783962904498602
11 17 0.843027598616375
11 14 0.04721086576439015
11 16 0.9011674337399289
11 25 0.9699784146284646
11 18 0.6474640442015868
11 27 0.5696032026882185
11 21 0.28988997314130427
12 20 0.9943382531234041
12 29 0.01263145528896259
12 24 0.7777493899667859
13 28 0.17591252511638045
13 23 0.23730312914391782
13 18 0.8234923059048269
14 29 0.9380725769010555
14 25 0.5029216109735474
14 20 0.2562587393905277
14 28 0.409110632853363
14 23 0.008295509322233885
15 29 0.7346595119627847
15 21 0.35460170778117517
16 27 0.8546790273235568
16 28 0.200850004709208
16 29 0.6481301629304208
16 17 0.5635710136567589
17 21 0.39524364998837946
17 29 0.5474955181675464
18 21 0.22258461564780652
18 23 0.24752611794118817
19 20 0.3523718314035339
21 27 0.77032785177925
22 23 0.47864290037162704
22 26 0.7114187062254855
23 25 0.5291360431885014
24 29 0.886595580800915
25 26 0.33819760291448153
28 29 0.31916111648426027
