30 60 Varying_K 11
0 29 0.6029157722435944
0 21 0.38005318184818526
0 26 0.5675476126972403
1 18 0.52711343338295
1 4 0.4168895468984556
2 19 0.44349134447818916
2 24 0.8594264343772755
2 3 0.9498251127320372
2 11 0.10025929860356864
2 25 0.8346657064315854
3 11 0.4083620767239573
3 18 0.6492489058225961
4 17 0.1714716225456342
4 27 0.37708580315523965
4 28 0.5403948246667482
5 24 0.6735267238526216
5 22 0.9444455042711233
6 7 0.8357478971867399
6 15 0.7738339086243599
6 20 0.019607123214583355
7 18 0.7144452762613823
7 20 0.9889657737418979
8 17 0.4517121200638763
8 27 0.8271350426097116
8 21 0.4036218520007442
8 9 0.47122104359259465
9 24 0.1633078074507165
9 13 0.325610552338953
10 28 0.4437721842212349
10 17 0.3267574831804464
11 29 0.2242487233935333
11 17 0.19877948940832235
12 20 0.8317460238990216
12 23 0.4495146123253514
12 28 0.7198945833272747
12 18 0.4146760969657648
13 29 0.2416067454692844
13 24 0.050632894673974804
13 18 0.2169010609859101
14 29 0.7815432636149204
15 19 0.9608949110409428
15 26 0.42551331243170154
15 22 0.2848861891079876
15 17 0.3753653723421193
15 27 0.5865328518300267
15 20 0.5744453243455259
16 29 0.5351116986067473
16 26 0.7442429030250179
17 26 0.8887101764395077
18 20 0.20112742374588233
18 25 0.2988041686272346
18 28 0.3254913635602046
18 26 0.271490644251671
19 21 0.6659932428942728
20 27 0.22605409398989507
20 22 0.24234160517876335
21 29 0.913062862987125
22 25 0.7461661090617796
22 27 0.9419581066138857
23 29 0.6421595601719847
