30 60 Varying_K 11
0 2 0.1284468115311631
0 29 0.7806230950429922
1 7 0.19676151365017114
1 25 0.6589785201993715
1 2 0.534554061699925
1 26 0.5322768408228249
2 4 0.36818078629782847
2 11 0.6956939768070042
2 8 0.9059897444757481
2 13 0.8583113104093387
3 23 0.6634298927291656
3 26 0.24686041251595237
3 10 0.10563532337314485
4 10 0.0981030830902464
5 24 0.1542765965052849
5 6 0.9152677003092187
5 7 0.4631586841884431
5 14 0.8646163938997905
5 11 0.6911934248870555
6 8 0.5621692501845525
6 13 0.2896037467389685
6 21 0.5831563025308528
6 29 0.44523313819533594
6 28 0.1567783532329594
7 9 0.23639280086134484
7 15 0.37428935969212496
7 22 0.7927772187751757
8 11 0.9156448600963156
8 25 0.9023411922231749
8 26 0.7166488212362238
8 16 0.28674848338488546
8 14 0.36757434977695247
8 24 0.5532041307084816
9 29 0.6601939289379878
9 26 0.08883614114707472
9 18 0.7865325006827633
9 27 0.7454711759124752
9 13 0.009483388157876416
10 21 0.146306370074765
10 18 0.9580840574018749
12 15 0.4826829260095682
12 17 0.7050269712591268
12 16 0.5277983025039737
13 19 0.03901985869973279
13 23 0.7681955676714144
14 20 0.558450123418867
15 22 0.7689950717918839
16 17 0.8605191863780196
16 24 0.36430200718347716
17 27 0.4945986632643027
17 20 0.506376787668793
18 19 0.1392674013784716
19 27 0.634352689065815
20 26 0.7368322464699842
20 27 0.542283632041003
22 28 0.051702453402195925
23 27 0.8751415958301623
24 25 0.7170667305253037
26 29 0.4595064244153948
27 28 0.12925082222279716
