30 60 Varying_K 11
0 16 0.933902393701643
0 23 0.4803295759298605
0 27 0.41370724829922567
0 6 0.9899176603779563
0 9 0.0631266715697919
0 19 0.8397590911998394
0 12 0.9205507984486786
0 26 0.3914784622232783
1 20 0.7083302996959142
1 8 0.6480351802419079
1 14 0.5367010177078634
2 25 0.4446367117851865
2 10 0.7960134886186003
3 11 0.6729257380671807
3 17 0.34843823780176986
3 24 0.5420524872786879
4 19 0.46836995073328425
4 8 0.8400669187270292
5 28 0.34891445664141796
5 8 0.584606602560209
5 24 0.8152474792290808
5 27 0.5702015874403529
5 9 0.2636536280537204
5 6 0.6732527669502559
5 29 0.5346188252288323
5 10 0.9493321600490986
5 22 0.5068289298220724
6 13 0.011922803683749428
6 24 0.299918314769298
6 10 0.2609464945709419
6 22 0.34586709989205
6 19 0.691962575009639
7 24 0.4511677059115403
7 12 0.8423329444632194
7 18 0.7256126248206248
7 29 0.2876409139426057
8 19 0.8351043924228583
9 26 0.7246606828034318
9 11 0.49101229199202967
11 23 0.46667272292909123
11 13 0.956398442876634
11 27 0.5319367968612971
11 16 0.1598435104189525
11 28 0.5637720340016338
12 24 0.9552319082797208
12 28 0.5609502342378347
12 18 0.4853538939412475
14 26 0.026426648691742383
14 19 0.18725840123884785
15 27 0.2192394504044931
15 22 0.7879634380859469
17 28 0.596650143852644
17 25 0.6131797057739254
18 19 0.4150173607097686
20 29 0.4766270770841191
20 21 0.5739210603154842
21 22 0.9884815029762389
22 25 0.4678065886022773
23 26 0.03419363099665973
27 29 0.5624498424004617
