80 160 Varying K 11
0 57 0.8630663472866213
0 49 0.3124218475957068
0 68 0.6305635396777658
1 69 0.8065614909945554
1 25 0.6640447471785702
1 35 0.6820789791308475
1 16 0.9480956530580527
1 78 0.8014134538877113
1 11 0.18570082791620768
2 3 0.8818953671931877
2 37 0.41751438988909406
2 57 0.08700675954368131
2 55 0.463964481831981
2 28 0.2846432209028589
2 63 0.7396297795417442
2 20 0.6869560448328935
3 49 0.9715628422139672
3 40 0.8462177228595957
3 54 0.5284979078309919
3 60 0.49635086675284357
3 29 0.8623400059150874
3 39 0.5210448537322168
3 67 0.9550708231687388
4 61 0.8042097839249343
4 32 0.3341432606226479
4 20 0.7337346812366898
4 71 0.5158286399107511
4 65 0.32469947344920214
5 39 0.5420559495230146
5 8 0.7659783046069273
5 52 0.8956449980911877
5 37 0.018889079671148834
5 24 0.417192764683062
6 39 0.5963766709482653
7 61 0.7401896297699856
7 38 0.5365499458767572
8 32 0.878621872896609
8 37 0.12916993773117813
9 10 0.6724514749419738
9 48 0.9293969499648865
10 17 0.2831618693225507
10 34 0.5941195618442148
11 47 0.794412891672325
11 70 0.47806410818106293
12 62 0.1465849206424994
12 23 0.6539804339884828
12 44 0.7223908168112012
12 48 0.3921189154528668
13 75 0.13390287670117573
13 20 0.3698678783061563
13 33 0.07871120191687286
13 49 0.6798326511754732
13 41 0.652215333200488
13 35 0.0967710958953103
14 79 0.06516456850580277
14 60 0.6672239876673456
14 37 0.4020979127818378
14 43 0.11124544110396073
14 58 0.6185441140808146
14 52 0.4275561961775831
14 57 0.24283015481823356
15 63 0.8595359271870904
15 37 0.21967908811289838
16 65 0.17066054533143837
16 27 0.2531742885282867
16 18 0.03626672238260997
17 72 0.6246266688094583
17 62 0.9332608361084892
18 50 0.1480539600359594
20 21 0.9225420189100282
20 53 0.6664916417994752
21 34 0.5834265470650012
21 79 0.43520792713305034
22 53 0.21741977577993732
22 70 0.6362594093541214
23 74 0.1602347746691969
23 44 0.6593408176742854
24 38 0.18228059006519837
24 53 0.20024068489648772
24 63 0.414211049143568
25 70 0.2677427759833114
25 48 0.7864090510173756
25 41 0.6821394254769746
26 48 0.2645085770508051
26 54 0.7886565436263699
26 77 0.008459529911860941
26 73 0.9031560883045759
27 48 0.28006543352687086
27 75 0.5776709592711988
27 34 0.3006010853236891
27 68 0.1484593671417449
28 67 0.9894722007851683
28 58 0.19439283467243895
28 66 0.5453120178059052
28 57 0.8729249290955794
28 72 0.6819941029003181
29 34 0.1707147464785086
29 70 0.3418667703688041
29 44 0.4310200606165494
29 64 0.6752986953270522
29 51 0.8708993407868055
30 68 0.810834617470389
30 77 0.2975810001934551
30 75 0.28892533454495084
31 51 0.19472645619774798
31 34 0.9107172356102996
32 67 0.7989078159307657
32 65 0.9789905312616721
32 72 0.1772885043847
32 47 0.6423913076972141
34 58 0.44373901141309535
34 42 0.9342051434823848
36 75 0.5397811906135773
36 51 0.6185899202772885
37 58 0.6559843525817652
37 64 0.8312242805659138
37 46 0.9407353116673777
38 39 0.6813644755652284
41 63 0.035677668691191045
41 54 0.7933800741035546
41 78 0.6230343738648856
42 64 0.9598079877260832
42 78 0.14467083201168263
43 49 0.05313649417623323
43 54 0.5173140393120721
44 65 0.04114519353579804
44 53 0.32418692220733836
44 70 0.9617313242431783
45 73 0.4322729842691815
45 62 0.8806994381521387
46 70 0.9182953478157568
46 72 0.3023121633130744
47 62 0.8411877651630959
50 75 0.6285902217369241
50 66 0.8979263320236519
50 74 0.8994037371996524
50 73 0.00936157740204091
52 64 0.9047383283005844
53 71 0.08553745268442892
54 64 0.44752149194713464
54 69 0.6774525329034746
55 77 0.4876710932991266
55 75 0.03293655245792093
56 63 0.016837024187022487
56 65 0.9256807017264527
57 60 0.09274813335916021
57 64 0.0019678711334316645
58 76 0.45295828302832675
58 72 0.45996275021468824
62 68 0.25335448286185824
63 64 0.5796504280649243
64 76 0.9453036876093688
66 71 0.1682518196367948
68 72 0.8824662218544916
69 70 0.9734569283397451
69 79 0.6668972100646362
70 77 0.46168487721754425
70 74 0.29835293742780244
70 73 0.5077548744956307
75 78 0.38760170191961585
