80 160 Varying K 11
0 49 0.3334581875401744
0 4 0.2134128944688516
0 67 0.513890687579446
0 9 0.2420604847985609
1 24 0.49349328606945775
2 5 0.36400853032563907
2 71 0.7551172729405335
2 12 0.37413251825456706
2 74 0.008266011931543749
2 46 0.6734327627078265
2 39 0.4076791951556561
2 25 0.23943522322296185
3 46 0.3262460109829921
3 22 0.786272202080564
3 31 0.9548558750029762
3 8 0.6915395521881611
3 39 0.8695785595424412
3 13 0.3406626952672621
3 66 0.8399163757626898
3 36 0.7356364722058312
3 79 0.27425863843189136
4 74 0.7537914087771115
4 34 0.40601332062287887
4 54 0.47486291138164594
4 32 0.6885561616184546
4 65 0.6111827445081738
4 19 0.6657313131539018
4 11 0.21078100788519716
5 75 0.059438660508093544
5 77 0.7535322965111713
5 60 0.9961963242058023
6 73 0.6103311082007736
6 75 0.9184217047480944
7 11 0.97444661081421
7 13 0.5563397665846338
7 26 0.35956135216564833
7 46 0.34975923165628364
7 17 0.7816549906215436
7 57 0.06150440603732377
8 53 0.45450966511671764
9 43 0.8106240724474331
9 56 0.2817861013279275
9 28 0.37434153292562744
9 12 0.9480031215521811
10 46 0.8299314563046278
10 14 0.9038260414060852
10 32 0.7775214898990738
10 78 0.6500712824090906
10 54 0.04347560986044574
11 40 0.14407459248226007
11 65 0.9970640541470894
12 21 0.34127343392678555
12 61 0.06371854877461225
12 52 0.04450454946224092
13 29 0.507615771300383
13 30 0.5087718164099077
13 27 0.44085563352923385
13 39 0.3023784360459565
14 36 0.44656396752395533
14 20 0.6629740377475071
14 73 0.7591984295564443
15 66 0.41063958320103855
15 32 0.35677523191951865
16 20 0.7572267715344235
16 57 0.9686351884126825
16 37 0.8715408706045369
17 65 0.7680136778660768
17 66 0.4493926677235801
17 59 0.9496890723782758
18 43 0.360668625107464
18 47 0.48752913017794486
18 69 0.33159189672061407
19 31 0.4440080688420006
19 79 0.030501285457748106
20 55 0.4048963959426718
20 57 0.590585234224717
20 29 0.8819232287571076
21 39 0.19721722595653102
21 67 0.23357693433378202
21 41 0.7891198851147222
22 71 0.09805284703067729
22 41 0.833413681523484
22 46 0.7744467864288617
22 45 0.8112457347607834
23 57 0.6091020686399582
23 66 0.6166358728168658
23 29 0.9184828650165108
23 74 0.5720124705807844
24 62 0.8172995381465539
26 39 0.7296381612315375
26 55 0.7997703175557818
26 59 0.07922384884243339
27 77 0.10094212509112388
27 48 0.9496669040820886
28 62 0.9105604010153252
28 60 0.746180630667453
29 30 0.02042890217320148
29 58 0.09427521157541074
29 31 0.409582194864035
29 75 0.008056321504329111
31 67 0.0997551445551208
31 34 0.788851555630951
32 77 0.7286126989536329
32 47 0.24913282106316215
32 46 0.2870861709522661
33 51 0.7783740012286544
33 70 0.477628557462496
34 78 0.26035907668132163
34 75 0.20799219706774696
34 61 0.655124954957994
35 62 0.46919808226039417
35 54 0.729688764410112
37 47 0.815420766675549
37 63 0.33458737518728343
37 50 0.5266907666942152
38 64 0.2923361011228208
39 61 0.5974581673729488
39 68 0.08060852970530274
39 47 0.05060156368235891
40 59 0.9021135858396326
41 65 0.7744959852022497
42 50 0.7843589549758093
43 62 0.5614563501753709
44 72 0.4359332265462207
44 78 0.7285012091187757
44 50 0.6967436830081957
45 46 0.7027726254329255
45 65 0.7871936355319824
45 58 0.25573530332372685
46 65 0.31253315521654146
46 75 0.7535238161655861
46 79 0.2703579830134645
46 78 0.02229683048744857
47 69 0.11244323097737985
47 50 0.5441533983272858
48 54 0.10233267164965887
49 52 0.19606837652626896
50 65 0.8198757490130171
50 62 0.5032478642308402
51 59 0.5100443132374742
52 75 0.35689325446863085
52 62 0.005025139768618403
53 67 0.6347095893742765
53 77 0.3233648094868451
53 62 0.8689125664532701
54 65 0.5754141919272315
56 64 0.25101511679767163
57 70 0.9908311965628261
58 59 0.017798940131870666
58 71 0.2698932563886567
61 67 0.3275090109937764
62 65 0.5624569324891435
62 76 0.6916319280583746
63 64 0.3435447395219967
64 78 0.016976176763588535
65 71 0.39135948344784166
66 71 0.7852412097561794
66 74 0.3984516291353636
73 74 0.9365566080479312
75 78 0.8916312173338347
