80 160 Varying K 11
0 9 0.602380858791481
0 61 0.7867057726656016
0 62 0.5543377255670279
0 41 0.8845153695779315
1 60 0.5926656861006894
1 8 0.800016034012139
1 43 0.7065017031574532
1 61 0.8479812840174052
2 37 0.06183235420716526
2 40 0.3256952096713749
2 75 0.15092278780024504
2 7 0.7032755081705211
2 30 0.8792091389724978
3 34 0.780557746629457
3 35 0.7966092686798618
3 13 0.3117231331561563
4 17 0.9328111854997523
4 39 0.2301808324870711
4 68 0.28539508929179724
4 67 0.06198925741626937
4 52 0.1504139908866965
4 28 0.07905958500366994
4 65 0.6238942933213953
4 61 0.08663435017790178
5 38 0.965689756819431
5 15 0.36267528640226165
5 48 0.2418872456449137
5 43 0.37462261885842707
5 31 0.9789575159981759
6 73 0.6181812547750434
6 52 0.47575511619567545
6 34 0.7580548457337609
6 60 0.530403746497642
6 8 0.6843193460236183
7 42 0.4333267653904175
7 61 0.8423610693170107
7 16 0.2289717982619649
8 77 0.7820982913403359
8 61 0.2956978030406311
8 44 0.011408713033381979
8 75 0.33576589761327824
9 40 0.6398714316966584
10 43 0.15637450334367975
10 79 0.9981709532347289
11 61 0.7256553537005805
11 65 0.9382913268673352
12 46 0.7114289905794992
12 13 0.02806619044334291
13 27 0.6833934513234327
13 76 0.4855616447024713
13 79 0.5182599170274432
14 78 0.9525474830882467
15 36 0.3385623712491077
15 28 0.7823464977223611
15 21 0.13846701362466818
15 25 0.43965918024661865
15 68 0.042745373426814504
16 69 0.11508578663428215
16 72 0.475254149973824
16 53 0.22186496535338307
16 43 0.6780501695665893
16 35 0.9724088613372344
17 56 0.4892839148186442
17 48 0.6819258582800761
17 75 0.403817583864569
19 50 0.5508694976079963
19 29 0.20477150069038408
19 52 0.09848442195059814
19 33 0.22142674334247703
19 25 0.4332735075179118
20 75 0.403707655019626
20 77 0.6357578237896166
20 40 0.9034665020941671
21 56 0.8792452668655697
21 30 0.062438241654887094
22 40 0.30805017429614323
23 46 0.6752541135636984
23 55 0.9380473359388956
23 73 0.5926203917157955
24 29 0.12402664871299518
24 40 0.10214290769140866
24 33 0.37586884100630125
25 52 0.8130559695668516
25 55 0.1676958455674159
27 63 0.09983240712204988
27 72 0.1404284980588515
28 34 0.18264234410649693
28 42 0.1786897266095252
28 45 0.02242121380135431
29 43 0.22767042483626299
30 75 0.8571772660293622
30 64 0.31329954128251547
30 55 0.6011718639630328
30 41 0.8039950886801334
31 34 0.5174354290437312
32 47 0.32716040424168213
32 69 0.9721346332841234
33 70 0.5228497421060327
33 55 0.17985415444893693
33 66 0.8051538415713765
33 76 0.5697904877308664
34 73 0.6885717664387635
34 64 0.8619048453168012
34 57 0.173732547041188
34 59 0.4399624029152077
35 70 0.3790167281096467
35 62 0.3176742947506318
35 43 0.25649207694663434
36 69 0.5622205966852233
37 78 0.3261219676834386
37 66 0.16411171910210542
37 53 0.5814794583006799
38 53 0.9529972307363049
38 55 0.26476345452228367
38 70 0.9091967104360718
38 58 0.5759163876189483
38 48 0.7970924773290959
38 64 0.711391621243344
38 46 0.869345362951145
39 64 0.8567531392526201
40 46 0.9745409346409473
40 47 0.1780386184538869
41 69 0.39873722058367533
41 76 0.5723218715740463
42 75 0.3017329009411325
44 73 0.32763602692545235
44 75 0.5733759292710875
44 53 0.28521106143308994
44 49 0.5786694355721159
45 59 0.3463111147657575
45 77 0.9622296360838936
47 77 0.9199168848595681
48 58 0.4735691386588703
48 78 0.2506701705114667
49 66 0.7482907831516827
49 54 0.9669623332968293
49 64 0.7683025964012465
49 75 0.3734918160999623
50 73 0.9953201279109657
51 73 0.6797249314364535
52 74 0.2960536807380093
52 72 0.8885985043328254
53 54 0.7306951316198255
53 74 0.8895781089450744
54 66 0.09257935156247765
55 71 0.7487935051625316
58 66 0.053342034169112984
60 74 0.9711644247660619
60 69 0.20049993217358641
60 70 0.1255890076406142
60 76 0.014578633816887399
62 64 0.15392109278450228
65 79 0.6550194091504163
67 68 0.08687424869325655
67 79 0.622517257397747
68 74 0.9361712084330351
71 76 0.6954158509476936
72 73 0.6761629885907824
75 76 0.7766222061959457
77 78 0.1782967840219989
