80 160 Varying K 11
0 38 0.8002352449618699
0 27 0.9511392247880583
0 69 0.6456244373844948
0 21 0.692341574548604
0 6 0.350303922605976
1 73 0.7493461734809104
1 78 0.2506714886450774
1 66 0.029979741854042175
2 51 0.09505339449772987
2 41 0.4487326682103189
3 33 0.19798256055240016
3 58 0.538427190582972
3 56 0.9038059690109882
4 41 0.09924909070235233
4 62 0.34050989162279566
4 10 0.8665780823909504
5 33 0.22689553454575417
5 10 0.614697858058114
5 45 0.7396087603636126
5 46 0.9930406792146574
5 77 0.4273876043625796
5 63 0.6461403008003551
5 50 0.884606578587959
5 17 0.24115280137960216
6 40 0.861143896098024
6 25 0.4801471258763077
7 28 0.5176591488087212
7 29 0.3564378040111973
7 21 0.6872310857378598
7 34 0.1897321952694232
8 11 0.7157545839468429
8 52 0.049012306242322445
8 25 0.3844405208899814
9 37 0.971173559074375
9 63 0.46672748056895563
9 10 0.07758656915629003
9 14 0.5062037698910434
9 66 0.02072218450911656
10 36 0.18973430307651973
10 46 0.9756101131006701
11 77 0.8294589471530311
11 70 0.5226708234909686
11 49 0.5367758408972297
12 41 0.5571569850970226
12 56 0.9908014581764251
12 51 0.8707072948184729
13 50 0.7532252569481149
13 22 0.44658929145869886
14 26 0.6871342449700528
14 72 0.2659432387249573
14 32 0.00810009385292565
14 76 0.4300150280149315
14 69 0.478619947100167
15 42 0.6263198083823521
15 67 0.8428537371157416
15 54 0.43029565816904414
15 39 0.5611657167852401
16 79 0.34565717118993
17 32 0.3101050786720022
18 25 0.43755549585245956
18 41 0.29663967069451724
18 32 0.2628023474906007
19 61 0.4417079046600786
19 41 0.3791908934772562
19 76 0.03570744246975299
19 22 0.8257977564299283
20 57 0.10151996073610259
20 42 0.2746632403999294
20 27 0.7749227296852004
20 77 0.8326972352603798
20 47 0.5723509528506997
21 39 0.6723937989895837
21 58 0.6584193383773028
21 73 0.5696827927575416
21 59 0.13313344276359973
21 71 0.8898743536960405
22 31 0.25342459306163956
22 37 0.7912032905062353
23 35 0.04301443196746502
23 29 0.5359006459623985
24 34 0.46723165009993395
24 52 0.1686080171209925
24 79 0.899812579787398
24 63 0.11761951222030742
24 35 0.9517269212498297
25 56 0.544859763380811
25 71 0.23201416753248838
25 61 0.8374057038863782
25 30 0.009665417054370407
26 54 0.6631753824679621
26 29 0.6891232879198604
26 55 0.8004156776538697
26 48 0.07451853365913264
27 33 0.5872094411553255
27 54 0.7235221173438625
27 34 0.6161904276460931
28 53 0.891911256619424
28 70 0.5563941640609734
29 39 0.5204390390055393
29 62 0.154762380670722
30 38 0.990752854029704
30 78 0.07734437794445148
31 64 0.6009275628124392
31 74 0.12336121714589554
31 56 0.48128228287374597
31 67 0.4777107192888279
31 52 0.8915861495689136
32 77 0.7604561439683359
33 53 0.8607674000133742
33 43 0.5752544189876836
35 46 0.49925715553851724
35 60 0.9525687093276518
35 59 0.9942785514876183
35 74 0.46677516427238386
36 55 0.03121194111671599
36 41 0.007392272740137318
37 70 0.9209439281504761
37 47 0.5512302711823511
37 73 0.7761037672927827
37 56 0.38037796209826213
37 52 0.9707132870812325
37 43 0.7273400982729419
37 45 0.36790644365470027
38 44 0.7636883484455124
38 61 0.01256462556006921
39 65 0.7159480969460891
39 49 0.33357830940325683
39 72 0.6496328828094341
40 60 0.8739203227888342
40 78 0.37212845707874387
41 75 0.4910736187812951
41 63 0.6807247395497674
42 71 0.261569933506155
43 49 0.6549943379882233
43 60 0.5510296214381251
43 50 0.2999613256840804
45 55 0.7547324624150628
46 79 0.4934583843214183
48 76 0.719727367089
48 50 0.4899376003208892
49 51 0.35652275715340886
50 56 0.7410453254879953
51 72 0.40759466240855
52 79 0.07392850519806982
52 56 0.9882795235242858
53 67 0.45427531703972823
53 56 0.04019652079258895
54 76 0.6421635577454304
55 65 0.5845323508913479
56 64 0.6640853700208569
58 69 0.2267876070616308
59 69 0.7815853687759631
60 72 0.8990671532504518
60 67 0.9382171937207782
61 67 0.5762057664153973
62 69 0.09499576253155662
62 71 0.8732321785163222
62 76 0.6145122127028873
66 68 0.12401418934729269
78 79 0.21751806710312493
