80 160 Varying K 11
0 76 0.39034409364115885
0 47 0.60120176841074
0 44 0.4815741407046744
1 27 0.07974987541165812
1 57 0.00909491371656479
1 74 0.3429502875006756
2 38 0.6692883735016132
2 32 0.6375321659662938
2 70 0.7187838400965161
2 40 0.3726596872883218
3 59 0.9503357491419818
3 34 0.006964760444186258
4 37 0.29859013005270585
4 30 0.780765549067438
4 7 0.48031396737508547
4 39 0.44160843504533265
4 53 0.7688119884130128
4 47 0.04097344407440806
5 23 0.7763220978048817
5 60 0.9960780149222263
6 31 0.16573803042519208
6 20 0.7501546176507574
6 17 0.22674251382308508
7 22 0.3012760520909672
7 53 0.4505685631222832
8 33 0.9108589428599073
8 43 0.28830083760520475
8 46 0.46669876462212256
9 20 0.8579940817024435
9 75 0.9094458904612001
10 19 0.1429168075480055
10 76 0.8192504893142863
10 53 0.17499572219137394
11 55 0.3165838938427167
11 69 0.481833218784244
11 62 0.9131138252032233
11 77 0.33335796344871416
12 38 0.4460624728798489
13 69 0.2801793592704912
13 59 0.9244008280502555
13 52 0.48371629673303207
13 48 0.38017225124935117
14 20 0.8561256864539745
14 18 0.703883432537963
14 40 0.7086472261928448
14 70 0.4775175755859067
15 31 0.053166152578927206
16 26 0.11482453435631146
16 72 0.18617095353039037
16 45 0.5200066935261817
17 79 0.9368045905954598
17 25 0.32770491748743424
18 21 0.9661341691800176
18 46 0.899652575798172
18 53 0.8006127598878796
18 37 0.027097416329366464
18 66 0.34673571578118145
18 20 0.946394074521285
18 41 0.21879628781699978
19 47 0.9593428454608794
20 25 0.9464638626879064
20 76 0.1758207737548988
21 55 0.21302998633532888
21 66 0.9139505291393651
21 67 0.8446469346577065
21 78 0.9353232089014325
21 28 0.9447642201543232
22 39 0.08750664046243417
22 63 0.7079558948869058
22 43 0.3097703699408315
22 57 0.8313109416886014
23 49 0.8022918073593472
23 26 0.4084486019626328
23 40 0.3842371985795243
23 43 0.4283951071613976
23 79 0.06725117083963106
23 28 0.49120363226473274
23 61 0.7821426634863052
24 70 0.088629695011887
25 69 0.8606255849887262
25 49 0.5948025957062899
25 79 0.8388345050512869
25 46 0.48066281274177425
26 27 0.18798993704115285
26 43 0.04867993977703422
26 30 0.035545863533723465
28 63 0.022060660914098418
31 48 0.3007072216903912
31 73 0.1749034058436597
32 79 0.5126917696339425
32 67 0.9976085323188417
32 58 0.5311781040602642
32 41 0.37049921121331264
32 53 0.568609428035309
33 37 0.17192540604347328
33 76 0.13668600491013527
34 65 0.6345722035414182
35 52 0.8775905760812344
35 43 0.7566749220322866
35 37 0.8993040458715589
35 62 0.8555097068159848
35 59 0.08870978942048979
35 44 0.033315103421750925
36 64 0.5687153747995718
36 61 0.5372701869364838
37 40 0.4216902760961454
37 69 0.34620204466975246
37 74 0.28517011104071366
37 61 0.261938990717811
38 42 0.1408919324100899
38 53 0.9109779468888527
38 63 0.13237100235051225
39 45 0.0614390735441841
39 61 0.23192030450420642
39 40 0.6099666037507568
39 62 0.3983406767314266
40 61 0.34294945858137305
41 72 0.10772159002578297
42 63 0.10257194405290027
42 46 0.37917184815822214
43 65 0.6540004263444676
44 59 0.918826836486937
44 76 0.5569764053295161
44 45 0.8503787022156596
44 52 0.5155678033147603
44 51 0.4681044744767394
45 67 0.7995689596803182
45 51 0.5633185373823167
45 65 0.777400533096998
45 75 0.37887808954090285
46 53 0.6357511842205714
46 71 0.5083375644925376
47 60 0.6083687310801694
47 75 0.06045269922989216
47 59 0.8956247809457591
48 74 0.7616872311193376
48 68 0.31623236796899423
48 78 0.7538456047571878
48 76 0.6043340472137597
48 72 0.9115304531613945
48 49 0.5533715385368232
51 68 0.46815186010577803
51 60 0.954474960200187
52 53 0.13146634528619972
54 55 0.3080694287513547
56 79 0.9702197268441769
56 75 0.34178552696326814
58 79 0.8689417343107841
58 62 0.8752970940039532
60 61 0.2369956616620198
60 70 0.0541552702631678
61 72 0.5006757479027372
64 70 0.30677071768384745
65 78 0.6513837890583637
66 74 0.07940631123544906
68 72 0.27678810302154977
69 78 0.3717138892119034
70 79 0.4045640240677274
70 78 0.7031769941054994
75 77 0.46085425939696967
