80 160 Varying K 11
0 57 0.2096139937250997
0 49 0.8604311166774711
0 68 0.08714591346983869
1 69 0.6003671207463673
1 25 0.7206986550781412
1 35 0.7375770195390224
1 16 0.7915353347770777
1 78 0.01629889605112178
1 11 0.8778149625243171
2 3 0.1525071260706995
2 37 0.6129781763667027
2 57 0.6757044179659129
2 55 0.9999016192998158
2 28 0.801178174789566
2 63 0.7780609190961191
2 20 0.25726711303756955
3 49 0.7907763676105302
3 40 0.9231764695869992
3 54 0.24661726433510567
3 60 0.8250519755979376
3 29 0.6467347521062936
3 39 0.05238095638871465
3 67 0.018976079197819407
4 61 0.8455366072725234
4 32 0.8084305680264589
4 20 0.5172594757344247
4 71 0.8263717191543613
4 65 0.5499177452762112
5 39 0.3607213906740897
5 8 0.9771345151131696
5 52 0.712642678828812
5 37 0.5384489043346896
5 24 0.5825541226360809
6 39 0.5090852420203047
7 61 0.7828898268601165
7 38 0.9408187855985742
8 32 0.5123216768191338
8 37 0.5632750449426264
9 10 0.4169264307634126
9 48 0.2779467426236114
10 17 0.18009738156102273
10 34 0.30096797833991573
11 47 0.22221756969042483
11 70 0.8914423591127064
12 62 0.3158784642152179
12 23 0.006905340946558258
12 44 0.04087208486608751
12 48 0.5766838090246417
13 75 0.015510901968914803
13 20 0.36075291931680475
13 33 0.7666220149380221
13 49 0.8830063923900519
13 41 0.02122867783730087
13 35 0.8670527554194046
14 79 0.24741107119295602
14 60 0.6858412053295336
14 37 0.4502532552640468
14 43 0.7722241235954462
14 58 0.883028977465469
14 52 0.3383170743110635
14 57 0.8157588283642634
15 63 0.02142140102279677
15 37 0.10833667525295732
16 65 0.48325842314627154
16 27 0.3616532540717333
16 18 0.9820629159413492
17 72 0.2943367633955244
17 62 0.5012220184064492
18 50 0.2855317508492877
20 21 0.8984007235118706
20 53 0.4749027811896376
21 34 0.0934940175935629
21 79 0.6810977726923145
22 53 0.5651759907559541
22 70 0.28745054965022276
23 74 0.5949666167744753
23 44 0.7872146422838853
24 38 0.19102780165168254
24 53 0.47391087752194716
24 63 0.9545360888180955
25 70 0.9931965261506114
25 48 0.15391763783905787
25 41 0.368414047018469
26 48 0.14711707900091664
26 54 0.4814909139068958
26 77 0.8932113846544955
26 73 0.17257041950217034
27 48 0.09000017575741392
27 75 0.36854854341303234
27 34 0.09389848135141121
27 68 0.7963020432051668
28 67 0.20324516132386028
28 58 0.9331916556258523
28 66 0.5176254165624519
28 57 0.6167593300475931
28 72 0.05112601779135584
29 34 0.4195386124974979
29 70 0.5315886341943635
29 44 0.8170971326526812
29 64 0.17008752000297278
29 51 0.41648034909128795
30 68 0.3005874758788173
30 77 0.8660904310819963
30 75 0.5027581141228518
31 51 0.027919219951668794
31 34 0.10870640594298964
32 67 0.7118480681313507
32 65 0.855633888430246
32 72 0.08558006160486664
32 47 0.2740387129348917
34 58 0.21790489091051368
34 42 0.41168905898517016
36 75 0.3154859409082841
36 51 0.42715022067748243
37 58 0.7329652939553429
37 64 0.6675951039778556
37 46 0.419883693864576
38 39 0.6454716528037875
41 63 0.17638571901269873
41 54 0.17764390442824596
41 78 0.7783823528970228
42 64 0.8811024844660191
42 78 0.40864161088687323
43 49 0.9818140598930944
43 54 0.9385188776123095
44 65 0.9797883786705971
44 53 0.4066031409787654
44 70 0.7711242522494117
45 73 0.7197690402619831
45 62 0.6268646271470653
46 70 0.06082949018462547
46 72 0.30009273021709504
47 62 0.6847908291131388
50 75 0.01195499665711286
50 66 0.6234413588736178
50 74 0.09035304221209584
50 73 0.8261102924695893
52 64 0.11542131349492724
53 71 0.9561634832154791
54 64 0.8517670789518614
54 69 0.23143150234765986
55 77 0.19097134107834668
55 75 0.8356007676769617
56 63 0.8999824020271098
56 65 0.06564017017723678
57 60 0.08128546106157675
57 64 0.8727428298735631
58 76 0.22953739563523
58 72 0.9749718080192624
62 68 0.8652776525942477
63 64 0.5241383156752256
64 76 0.3344993207229341
66 71 0.8016129086798933
68 72 0.026644585783509367
69 70 0.7082137865287763
69 79 0.2693874143855832
70 77 0.887601944954522
70 74 0.018600541432071016
70 73 0.8846133281199233
75 78 0.6900707968092117
