80 160 Varying K 11
0 49 0.03139651866808224
0 4 0.250602717379262
0 67 0.47936049090218014
0 9 0.4985240385508788
1 24 0.4237833329145013
2 5 0.5137839546512929
2 71 0.5821010057358363
2 12 0.7993479434662452
2 74 0.30500465528465726
2 46 0.921037023542919
2 39 0.9908668532951113
2 25 0.41656351478740483
3 46 0.45885787366068675
3 22 0.17410738688070204
3 31 0.35382079054916415
3 8 0.607632630657997
3 39 0.26270311644036926
3 13 0.520540645168359
3 66 0.3991214376608053
3 36 0.008541267332531688
3 79 0.39198318385517283
4 74 0.5070320337269301
4 34 0.33001787660243265
4 54 0.20712135398533849
4 32 0.19109720742184177
4 65 0.7861460562547681
4 19 0.7503537999271712
4 11 0.9419509403028894
5 75 0.4242187989081597
5 77 0.2261526410939796
5 60 0.28735768629778324
6 73 0.011103029876696868
6 75 0.9093179109408134
7 11 0.6403944098818035
7 13 0.4402302239339707
7 26 0.08903184393678742
7 46 0.23901662007942748
7 17 0.9634480690300098
7 57 0.9316166543994079
8 53 0.43057214917054765
9 43 0.03561337239501383
9 56 0.035404698164518855
9 28 0.3247557675606544
9 12 0.10678144736066142
10 46 0.1856872055565041
10 14 0.9841861425041186
10 32 0.4707274189941645
10 78 0.9391997249857968
10 54 0.46591513585405264
11 40 0.46231574565447286
11 65 0.8101644649967058
12 21 0.6381756617412576
12 61 0.7752114849588742
12 52 0.7981230122951238
13 29 0.9902456714651198
13 30 0.12916464843494668
13 27 0.7347490696238006
13 39 0.1512091288719688
14 36 0.8754788829046111
14 20 0.6017404130979717
14 73 0.8978842867964851
15 66 0.834375532539272
15 32 0.9534586893650033
16 20 0.8248757638254484
16 57 0.5285511564277876
16 37 0.8570482602471657
17 65 0.3613188437393211
17 66 0.06854409563975794
17 59 0.8232876216402651
18 43 0.1691976111061121
18 47 0.08440069008156048
18 69 0.6259240638837896
19 31 0.14795202134278584
19 79 0.06169068013293566
20 55 0.11500086527882358
20 57 0.55794416538047
20 29 0.8726816267876577
21 39 0.6302764726598621
21 67 0.9445758053933441
21 41 0.6171874973758451
22 71 0.6579451593897877
22 41 0.5267975132681908
22 46 0.06057983566654057
22 45 0.44904175653190515
23 57 0.053078457412012114
23 66 0.32454331781267853
23 29 0.6203396665667923
23 74 0.10930562030723046
24 62 0.9370318794976389
26 39 0.8740442708444239
26 55 0.6663072636115863
26 59 0.6708968789551398
27 77 0.5827221965229926
27 48 0.5763253639171507
28 62 0.22257018160212283
28 60 0.6214712578785829
29 30 0.8370586244181425
29 58 0.6839477553018116
29 31 0.9828907616974463
29 75 0.3424400923611748
31 67 0.8586000195022537
31 34 0.4070881509160921
32 77 0.24136931828967934
32 47 0.3309429730311386
32 46 0.11573701947861847
33 51 0.4409156452599029
33 70 0.7411167316521294
34 78 0.49771904068986195
34 75 0.43741546105273077
34 61 0.8586122983346893
35 62 0.020017226557534795
35 54 0.9343785569788774
37 47 0.8531662899792497
37 63 0.9452916315890586
37 50 0.04868309583113051
38 64 0.7102014731092551
39 61 0.02583974786906118
39 68 0.5310295837925951
39 47 0.5723591646518529
40 59 0.5327322112722775
41 65 0.8854625100865785
42 50 0.1895969540407112
43 62 0.25374468566910724
44 72 0.7309538191855915
44 78 0.4879452553312863
44 50 0.20236257241684563
45 46 0.8322087860999702
45 65 0.8203063617826569
45 58 0.4394406886486133
46 65 0.23948372532387963
46 75 0.44257765442133357
46 79 0.2941967071048692
46 78 0.6905448284391834
47 69 0.9134404245109699
47 50 0.6956785712947416
48 54 0.7914359159184402
49 52 0.04169736227785159
50 65 0.46076099338362975
50 62 0.5898355750425402
51 59 0.3983768357884103
52 75 0.6840690971065045
52 62 0.8616285326753735
53 67 0.4361279183739457
53 77 0.495960585303758
53 62 0.5505199628132493
54 65 0.3298939116459939
56 64 0.7872808505702331
57 70 0.6794332062659666
58 59 0.6788494513410581
58 71 0.5025411867644772
61 67 0.8764518925565485
62 65 0.35768928446148107
62 76 0.198858809624751
63 64 0.7735072677286736
64 78 0.1264087869305256
65 71 0.47864782047538146
66 71 0.09565517157810788
66 74 0.7364165914746766
73 74 0.9816453319927141
75 78 0.5229977031933624
