80 160 Varying K 11
0 9 0.552579519887299
0 61 0.8305459180828492
0 62 0.02523673803701243
0 41 0.45990835112059136
1 60 0.49346913060019326
1 8 0.9446890274268115
1 43 0.6293294457025984
1 61 0.5769200546708292
2 37 0.7902899338719835
2 40 0.49479094199232665
2 75 0.8296194130367297
2 7 0.5786260915022264
2 30 0.25187324247206655
3 34 0.3473277290887038
3 35 0.29797276908229553
3 13 0.747703366974298
4 17 0.6181581499840078
4 39 0.4699771616753282
4 68 0.016870926337823944
4 67 0.9146819591901225
4 52 0.969816715944903
4 28 0.5716641355592661
4 65 0.14164156165145814
4 61 0.16547849306810525
5 38 0.3690848195448725
5 15 0.6595904645212416
5 48 0.24173386174675005
5 43 0.05457867584947462
5 31 0.8266827186650658
6 73 0.885159858955234
6 52 0.8467639932537869
6 34 0.39417653463094915
6 60 0.49541044629024156
6 8 0.9789384793050729
7 42 0.1318902114637921
7 61 0.49849527097649715
7 16 0.5540058676264147
8 77 0.5554609880672915
8 61 0.5893357328598854
8 44 0.9392456623541356
8 75 0.4942967025244448
9 40 0.22417544000962242
10 43 0.3086984352107467
10 79 0.40427314204576614
11 61 0.5752111574193569
11 65 0.2302864516927805
12 46 0.9265019307202699
12 13 0.6097624125632509
13 27 0.6448503778063911
13 76 0.4548881627272038
13 79 0.05534997019670318
14 78 0.6341149691155112
15 36 0.2849574194237029
15 28 0.9122084205716442
15 21 0.4557841273211477
15 25 0.5318671445033468
15 68 0.39129978610446503
16 69 0.5746245081135796
16 72 0.8988987165110861
16 53 0.7276462607592181
16 43 0.33608240738510753
16 35 0.4336647576161632
17 56 0.008364795863194163
17 48 0.0896556092581644
17 75 0.5745369770744821
19 50 0.5288187889091767
19 29 0.6241568440513179
19 52 0.4791114966650235
19 33 0.3087997651635175
19 25 0.5038739141718664
20 75 0.7186088514526943
20 77 0.3465198159000997
20 40 0.17673508016006434
21 56 0.12009204410130347
21 30 0.462906589450064
22 40 0.2141148005203488
23 46 0.09060538506190563
23 55 0.5256570273413947
23 73 0.3923267246276837
24 29 0.27339257304247366
24 40 0.02313076562300409
24 33 0.5155308981104217
25 52 0.8398702269147524
25 55 0.35476198511163914
27 63 0.5100818887963497
27 72 0.7188577000255384
28 34 0.8675502667435829
28 42 0.4554627338244477
28 45 0.619659708036228
29 43 0.36287191382683237
30 75 0.9263565219919905
30 64 0.6501998570440213
30 55 0.7953466474382875
30 41 0.3627840101642873
31 34 0.07120905308536984
32 47 0.7133131214752313
32 69 0.4909069412629651
33 70 0.8222976754572626
33 55 0.898903635004023
33 66 0.5537250572532966
33 76 0.444201089868158
34 73 0.09437175236068296
34 64 0.3535446098103956
34 57 0.6329361808526036
34 59 0.9896494311540625
35 70 0.14319937206823297
35 62 0.5515903516279566
35 43 0.14446079600079997
36 69 0.7985062773116961
37 78 0.3076595342878131
37 66 0.3794126057029513
37 53 0.6881613107896651
38 53 0.32014538723776165
38 55 0.6031565565047612
38 70 0.19681943993434003
38 58 0.9568369533008112
38 48 0.2130959411145693
38 64 0.7858904139701968
38 46 0.7785881477874773
39 64 0.20014163194551027
40 46 0.9485220407523887
40 47 0.3947283673790989
41 69 0.9262750399575979
41 76 0.11501152398967773
42 75 0.3457299424229475
44 73 0.2379243645038297
44 75 0.20678017934247994
44 53 0.42043740568905963
44 49 0.9579840339267578
45 59 0.7019892632331528
45 77 0.4622171474458122
47 77 0.9242978789087882
48 58 0.8294975111445503
48 78 0.45602440021086155
49 66 0.05819110675145933
49 54 0.39287148424991447
49 64 0.10615421751770648
49 75 0.9086493648521993
50 73 0.3892018042790347
51 73 0.681406052809918
52 74 0.8005764491250553
52 72 0.815088800973093
53 54 0.7050916721193525
53 74 0.31417023223543417
54 66 0.03120327393265121
55 71 0.03376104491651344
58 66 0.023031116943084573
60 74 0.29009336101306094
60 69 0.808861830450701
60 70 0.12226613488402416
60 76 0.35966055366938177
62 64 0.8253240020184878
65 79 0.35918470309995
67 68 0.33407648811810375
67 79 0.7666200810721371
68 74 0.5929353248749237
71 76 0.8365470995942154
72 73 0.5197786170285514
75 76 0.3254852915743004
77 78 0.023946923677867105
