80 160 Varying K 11
0 38 0.649468827711688
0 27 0.2261409536811605
0 69 0.5332365411730281
0 21 0.4951097428147936
0 6 0.2121694599630447
1 73 0.8447598745212189
1 78 0.5279807809970285
1 66 0.08216340846357051
2 51 0.15532225619958961
2 41 0.2506761427971196
3 33 0.8621701186123907
3 58 0.789675930764495
3 56 0.8913507069371248
4 41 0.9802449245599125
4 62 0.8285543679748681
4 10 0.782923079267415
5 33 0.35116321379404236
5 10 0.6225685444625413
5 45 0.6937408780875662
5 46 0.6668828464212182
5 77 0.33309949754674273
5 63 0.49536526174633666
5 50 0.4251071137590948
5 17 0.5780277548628142
6 40 0.8704431467296461
6 25 0.02869311702665156
7 28 0.7113690835904415
7 29 0.36736400155667204
7 21 0.7133304252205385
7 34 0.10491011793861538
8 11 0.5878778427711087
8 52 0.468707510593365
8 25 0.3306280927706603
9 37 0.029354965057899585
9 63 0.10266332943642353
9 10 0.317267132739555
9 14 0.6510573156556136
9 66 0.55170360803618
10 36 0.9207984632027264
10 46 0.012315857144096332
11 77 0.4792219691304137
11 70 0.057449521441727214
11 49 0.7327059113314816
12 41 0.16248078199939742
12 56 0.93957832587704
12 51 0.7212905541562842
13 50 0.16955259422450542
13 22 0.47816559186704666
14 26 0.3648908593120448
14 72 0.45205803269124833
14 32 0.8619139815047859
14 76 0.2826682927521892
14 69 0.21686665817135553
15 42 0.9199529680055989
15 67 0.04273758256420657
15 54 0.8915158852316588
15 39 0.44928433786224997
16 79 0.9286888747339623
17 32 0.41562342457451595
18 25 0.37067018054975187
18 41 0.9929232455880305
18 32 0.5450279159285647
19 61 0.8794540579908823
19 41 0.7178824405864453
19 76 0.8768851107343835
19 22 0.3316122433817691
20 57 0.7936725250431113
20 42 0.6113076656374242
20 27 0.6593324407694715
20 77 0.6943067490679475
20 47 0.7302109399849817
21 39 0.8193516579483215
21 58 0.09225935566947518
21 73 0.19893447976981427
21 59 0.5767390349540205
21 71 0.760106793865773
22 31 0.7443236273552949
22 37 0.022407672698574355
23 35 0.4572894805228179
23 29 0.910387808832015
24 34 0.4783257859108411
24 52 0.7319248755366085
24 79 0.8633213123112241
24 63 0.9018678904695853
24 35 0.41002229546976765
25 56 0.6494001090880199
25 71 0.9673693511578555
25 61 0.41577432879386444
25 30 0.32845541584262394
26 54 0.47018439001264767
26 29 0.7427213165832163
26 55 0.9420526550565795
26 48 0.24037919740562075
27 33 0.4246156620586624
27 54 0.08864001842219549
27 34 0.06597301414250789
28 53 0.7480548914578701
28 70 0.025486718857538615
29 39 0.5559637091350726
29 62 0.36606176983395444
30 38 0.6496133162212397
30 78 0.6045812897628391
31 64 0.4531946677757248
31 74 0.22303158487981667
31 56 0.3910541779537512
31 67 0.27419962868440884
31 52 0.2937886352721132
32 77 0.6344955691573968
33 53 0.7348911411449802
33 43 0.3879599767826325
35 46 0.9959266409042372
35 60 0.07149815770169343
35 59 0.30377662079926604
35 74 0.6137646239554543
36 55 0.5416898791210609
36 41 0.24163148385510358
37 70 0.8430447318244733
37 47 0.6929680658901358
37 73 0.24787477202531794
37 56 0.7952616565455272
37 52 0.6844162374048505
37 43 0.777378881654304
37 45 0.11014791400134627
38 44 0.8447379494258819
38 61 0.7489945557057118
39 65 0.8169632910453565
39 49 0.4587651578226263
39 72 0.12181411481106597
40 60 0.6152015288958176
40 78 0.6529411133844664
41 75 0.30168403450295533
41 63 0.22411045267419583
42 71 0.9753585672321244
43 49 0.9767274395980278
43 60 0.9050818908497067
43 50 0.2584678009022937
45 55 0.8129954634777455
46 79 0.19452248279945805
48 76 0.9761266410298548
48 50 0.28808850847747547
49 51 0.22111006020488833
50 56 0.47260805398611005
51 72 0.07264312626924663
52 79 0.5424731991557478
52 56 0.25760824053782005
53 67 0.7982426904257598
53 56 0.7025202504924
54 76 0.3522722552006876
55 65 0.39615439763460636
56 64 0.07180097774455763
58 69 0.18005963713270023
59 69 0.2249873918153088
60 72 0.43870600290004635
60 67 0.5011641552205209
61 67 0.9285314319248911
62 69 0.2235730775494157
62 71 0.41071200956711773
62 76 0.8928854768580724
66 68 0.9332492586702161
78 79 0.5268916411083716
