80 160 Varying K 11
0 76 0.1729652573808217
0 47 0.7922692348869531
0 44 0.6960992132006955
1 27 0.8582596778964323
1 57 0.7942756536275384
1 74 0.01901726468739562
2 38 0.8285851707099651
2 32 0.35268261019022784
2 70 0.23888974373728167
2 40 0.7518772042493963
3 59 0.7575006624989816
3 34 0.8626966623276451
4 37 0.7513968462863511
4 30 0.7301504927641429
4 7 0.8139175773514518
4 39 0.4032606635393924
4 53 0.23878974159460553
4 47 0.7367634552245413
5 23 0.4313035214484624
5 60 0.22275015516022612
6 31 0.01164093713865888
6 20 0.2925981754626531
6 17 0.7532953451327704
7 22 0.019863135457391934
7 53 0.7407129204608704
8 33 0.5398637543237979
8 43 0.23904854580640178
8 46 0.4130929387398369
9 20 0.07344600068342988
9 75 0.9840307921875916
10 19 0.8631742862157656
10 76 0.3492040310481467
10 53 0.20246915208367344
11 55 0.9275052958023774
11 69 0.025614471980762943
11 62 0.9616724415001607
11 77 0.23050204133353092
12 38 0.7346566995158487
13 69 0.21480087697349537
13 59 0.23668892574866374
13 52 0.04071507029090704
13 48 0.34939595338579854
14 20 0.7419187477992245
14 18 0.8928318409638624
14 40 0.8380258916327095
14 70 0.548224108816585
15 31 0.4671463871218494
16 26 0.9591987250715703
16 72 0.4680607255107261
16 45 0.8774874193194936
17 79 0.6180999230500493
17 25 0.25045900654991404
18 21 0.36361287186872604
18 46 0.7296022961197965
18 53 0.016481214751004836
18 37 0.03572312485379847
18 66 0.7861664092748865
18 20 0.25218406706585517
18 41 0.2406570243995393
19 47 0.9090045251926029
20 25 0.2881547196944626
20 76 0.12541768487957772
21 55 0.8319071024611578
21 66 0.33585057166781673
21 67 0.96605963617161
21 78 0.9613751100266921
21 28 0.2675588011410307
22 39 0.22430866325744314
22 63 0.8174443787758998
22 43 0.21439713544664352
22 57 0.9023926359973669
23 49 0.9961399409512831
23 26 0.9967319684333176
23 40 0.28847228717157736
23 43 0.6443510458448902
23 79 0.6681691355533782
23 28 0.06251610314701395
23 61 0.1828826145982082
24 70 0.6851247444099474
25 69 0.3240321864334138
25 49 0.32814686940672977
25 79 0.9438317542914344
25 46 0.6408122988488419
26 27 0.8335831360868851
26 43 0.913213867971519
26 30 0.4811320228218119
28 63 0.4016048508445488
31 48 0.5462197099943237
31 73 0.024517780197769068
32 79 0.5996528615760972
32 67 0.557778395901445
32 58 0.676741641280194
32 41 0.844456200347142
32 53 0.7672981736689487
33 37 0.7164230017470697
33 76 0.9647433918303178
34 65 0.6617918661091466
35 52 0.26664261764195896
35 43 0.8422924209333145
35 37 0.8634020166307143
35 62 0.38806504210635995
35 59 0.49836472768215745
35 44 0.24398393327623324
36 64 0.9184328398238141
36 61 0.7795768519545889
37 40 0.7552950889269875
37 69 0.42793958585847913
37 74 0.015284642270566584
37 61 0.5377956421793325
38 42 0.680203710897489
38 53 0.3747983644048679
38 63 0.4166633137790273
39 45 0.5856817633278716
39 61 0.2743939431610637
39 40 0.007303349743275622
39 62 0.22690461974352638
40 61 0.7199545391249805
41 72 0.2523650223216374
42 63 0.48625550321126776
42 46 0.3500271528039347
43 65 0.5779997036451283
44 59 0.33494360130572287
44 76 0.6450148964587974
44 45 0.9292598967889752
44 52 0.44856075580837484
44 51 0.5449869838055189
45 67 0.9730378194013192
45 51 0.36450544447162914
45 65 0.6046515591536574
45 75 0.3135542165574916
46 53 0.1375491459557
46 71 0.9565764296324039
47 60 0.7977754514223523
47 75 0.35215859651707315
47 59 0.8025106347032968
48 74 0.44229277810905177
48 68 0.5464597403600526
48 78 0.8410313413908974
48 76 0.4281328938797707
48 72 0.17366674440048901
48 49 0.06984723201104281
51 68 0.9826499674615392
51 60 0.42460546402277366
52 53 0.16317977881665036
54 55 0.32364677671951436
56 79 0.9374327217026425
56 75 0.8428900075696157
58 79 0.7861812461130135
58 62 0.9881161384614957
60 61 0.27489320758708347
60 70 0.2511893732172934
61 72 0.09401799797202504
64 70 0.3485371554067975
65 78 0.263476238587685
66 74 0.9732621309435435
68 72 0.48275937200359964
69 78 0.39290698627514054
70 79 0.10862987759708254
70 78 0.5138088555005167
75 77 0.8305492580349648
