num_nodes
num_nodes
10.000000 0.051777
10.000000 0.020217
10.000000 0.037821
10.000000 0.034620
10.000000 0.011739
20.000000 0.147165
20.000000 0.245488
20.000000 0.092083
20.000000 0.043432
20.000000 0.108481
30.000000 0.254102
30.000000 1.352079
30.000000 0.143792
30.000000 0.483114
30.000000 0.110302
40.000000 0.535216
40.000000 853.282691
40.000000 1.938292
40.000000 0.258028
40.000000 0.353823
50.000000 0.887632
50.000000 0.395483
50.000000 0.628322
50.000000 23.708648
50.000000 1.338400
60.000000 2.990183
60.000000 6.156375
60.000000 7.770089
60.000000 1.705668
60.000000 12.831336
70.000000 97235.278404
70.000000 167.546495
70.000000 2.822217
70.000000 1.998278
