num_nodes
num_nodes
10.000000 4.740971
10.000000 0.008738
10.000000 4.625132
10.000000 0.157028
10.000000 0.181063
20.000000 0.611835
20.000000 0.351717
20.000000 12.121079
20.000000 0.373509
20.000000 0.060174
30.000000 18.275614
30.000000 17.157299
30.000000 0.784532
30.000000 15.292027
30.000000 0.738213
40.000000 1.540097
40.000000 6.433417
40.000000 2.355029
40.000000 1.778743
40.000000 0.928605
50.000000 24.986506
50.000000 1.213055
50.000000 24.603437
50.000000 73.846734
50.000000 33.250603
60.000000 30.355336
60.000000 37.657681
60.000000 36.430854
60.000000 2.934224
60.000000 33.104053
70.000000 200.983298
70.000000 72.544544
70.000000 7.504375
70.000000 42.622784
70.000000 341.472893
80.000000 10.656290
80.000000 4373.944403
80.000000 67.073759
80.000000 45.747358
80.000000 13.212893
