num_nodes
num_nodes
10.000000 0.018916
10.000000 0.008100
10.000000 0.012339
10.000000 0.018502
10.000000 0.016722
20.000000 0.093197
20.000000 0.052549
20.000000 0.058376
20.000000 0.153484
20.000000 0.045063
30.000000 0.107893
30.000000 2.533402
30.000000 0.276484
30.000000 0.252374
30.000000 0.162901
40.000000 0.423381
40.000000 0.225135
40.000000 0.312529
40.000000 0.330332
40.000000 0.581370
50.000000 2.118932
50.000000 0.671349
50.000000 0.865667
50.000000 0.743685
50.000000 1.213103
60.000000 2.077166
60.000000 0.820090
60.000000 2.050251
60.000000 0.665494
60.000000 0.997005
70.000000 2.168916
70.000000 2.450099
70.000000 3.755961
70.000000 2.304189
70.000000 1.665869
80.000000 5.248357
80.000000 6.549013
80.000000 3.524966
80.000000 6.018796
80.000000 8.916655
90.000000 5.886419
90.000000 24.831509
90.000000 9.761224
90.000000 6.956012
90.000000 1.743177
100.000000 4.425857
100.000000 14.350584
100.000000 10.177469
100.000000 13.224623
100.000000 17.681156
