num_nodes
num_nodes
10.000000 0.147880
10.000000 0.328201
10.000000 0.172262
10.000000 5.826292
10.000000 0.149125
20.000000 1.141798
20.000000 0.971424
20.000000 0.425683
20.000000 3.093116
20.000000 0.066580
30.000000 0.780077
30.000000 9.908943
30.000000 2.096546
30.000000 2.091616
30.000000 2.899577
40.000000 1.658162
40.000000 2.496878
40.000000 2.157106
40.000000 5.021137
40.000000 10.694447
50.000000 10.388454
50.000000 10.093045
50.000000 30.642340
50.000000 5.148191
50.000000 3.114114
60.000000 9.021582
60.000000 4.830473
60.000000 4.695591
60.000000 2.990511
60.000000 2.906350
70.000000 5.765452
70.000000 971.697845
70.000000 14.831093
70.000000 5.714254
70.000000 8.408112
