30 60 Varying_K 11
0 28 0.7
0 22 0.7
0 10 0.7
0 23 0.7
0 29 0.3
1 15 0.3
2 24 0.7
2 11 0.9
3 8 0.7
3 15 0.5
3 28 0.7
3 5 0.1
3 23 0.1
3 16 0.9
4 18 0.1
5 11 0.5
5 24 0.1
6 25 0.9
6 13 0.7
6 21 0.9
7 18 0.5
7 16 0.5
7 11 0.9
7 21 0.5
7 24 0.7
7 23 0.5
8 14 0.5
9 14 0.1
9 27 0.3
10 28 0.9
12 20 0.5
12 26 0.7
12 21 0.1
12 16 0.1
12 25 0.1
13 19 0.3
13 26 0.1
13 16 0.1
13 21 0.5
14 15 0.7
14 24 0.5
14 21 0.3
15 24 0.9
15 17 0.5
15 27 0.3
16 29 0.7
16 26 0.9
17 20 0.1
17 29 0.3
17 28 0.7
18 28 0.9
18 27 0.9
20 29 0.1
20 23 0.7
21 23 0.3
22 23 0.3
22 24 0.3
23 25 0.9
25 27 0.3
26 29 0.9
