30 60 Varying_K 11
0 16 0.9
0 23 0.5
0 27 0.7
0 6 0.9
0 9 0.5
0 19 0.7
0 12 0.1
0 26 0.3
1 20 0.7
1 8 0.7
1 14 0.1
2 25 0.5
2 10 0.1
3 11 0.1
3 17 0.3
3 24 0.9
4 19 0.9
4 8 0.3
5 28 0.5
5 8 0.5
5 24 0.9
5 27 0.3
5 9 0.1
5 6 0.5
5 29 0.1
5 10 0.9
5 22 0.5
6 13 0.5
6 24 0.9
6 10 0.3
6 22 0.1
6 19 0.5
7 24 0.3
7 12 0.5
7 18 0.5
7 29 0.5
8 19 0.5
9 26 0.9
9 11 0.7
11 23 0.3
11 13 0.1
11 27 0.9
11 16 0.9
11 28 0.5
12 24 0.1
12 28 0.7
12 18 0.9
14 26 0.7
14 19 0.7
15 27 0.1
15 22 0.7
17 28 0.7
17 25 0.5
18 19 0.3
20 29 0.3
20 21 0.7
21 22 0.3
22 25 0.9
23 26 0.5
27 29 0.7
