80 160 Varying K 11
0 57 0.7232371797329789
0 49 0.8665676705388065
0 68 0.6957574816472912
1 69 0.9806496275940071
1 25 0.7935762426469661
1 35 0.002642732411313964
1 16 0.6340966583079084
1 78 0.40754321282750827
1 11 0.4659635577279021
2 3 0.9656234234708415
2 37 0.9602082478677482
2 57 0.694626370095638
2 55 0.11557828912078694
2 28 0.48384789098750824
2 63 0.6315794113836312
2 20 0.6226166735707546
3 49 0.2046550905626251
3 40 0.7391726782131665
3 54 0.9153220128770009
3 60 0.9049985804318559
3 29 0.5397728101870245
3 39 0.11331457047339566
3 67 0.637666674481742
4 61 0.7497606450802475
4 32 0.3106352278302602
4 20 0.9853503355897388
4 71 0.13839714325424146
4 65 0.17983760505960666
5 39 0.7463025753427697
5 8 0.005537606994636901
5 52 0.7132199117499294
5 37 0.8814657098395822
5 24 0.7326286932240352
6 39 0.947686228959581
7 61 0.6484838785899621
7 38 0.701648813284791
8 32 0.5245500342485236
8 37 0.7105564511946334
9 10 0.4695950414578256
9 48 0.4182664394961646
10 17 0.9475794824263247
10 34 0.8445935091740104
11 47 0.35883647292034304
11 70 0.7488795892948079
12 62 0.8477106123482632
12 23 0.23578338042329994
12 44 0.9274873275230447
12 48 0.8152529829327337
13 75 0.37348137007046045
13 20 0.7999581663129007
13 33 0.703589749926302
13 49 0.5901834638314107
13 41 0.6698593639066168
13 35 0.6465414690244027
14 79 0.40133796602911054
14 60 0.7350992463214634
14 37 0.7970798227885831
14 43 0.4448401020562268
14 58 0.9534155309407976
14 52 0.42004702326853405
14 57 0.8473635458252916
15 63 0.40071827951613725
15 37 0.9287528138632007
16 65 0.599547760365738
16 27 0.970308286899246
16 18 0.028047837471081083
17 72 0.12968330907958392
17 62 0.8888147195245091
18 50 0.11393296875316072
20 21 0.9523575027999319
20 53 0.8999340651725518
21 34 0.9937314531656345
21 79 0.659771143669266
22 53 0.5660951469437024
22 70 0.3811917996127554
23 74 0.7487260305427423
23 44 0.7527739875291555
24 38 0.7457142473608932
24 53 0.9928123481062276
24 63 0.5762379077142901
25 70 0.45059736895806324
25 48 0.500347091742177
25 41 0.8189680751184392
26 48 0.09487179423416203
26 54 0.855116865320881
26 77 0.4099427744508721
26 73 0.22983566029523128
27 48 0.27585477524084123
27 75 0.8016665549301022
27 34 0.7567558773360084
27 68 0.6660800660658022
28 67 0.226062829302919
28 58 0.9029494153273122
28 66 0.8884615104444978
28 57 0.07673786611770805
28 72 0.987372013283984
29 34 0.4623493691867224
29 70 0.12287672330613286
29 44 0.3495573548279809
29 64 0.38342291029016473
29 51 0.13884112129322634
30 68 0.6621241954218455
30 77 0.28697918973819847
30 75 0.17743085370179756
31 51 0.7958258538993604
31 34 0.7477860411173008
32 67 0.11265908907190947
32 65 0.7030512570856279
32 72 0.40567548551098
32 47 0.7593598253640657
34 58 0.12578577251314482
34 42 0.50918998753676
36 75 0.8960331621685925
36 51 0.20510400310099008
37 58 0.9555673908379169
37 64 0.8640595523463181
37 46 0.6625156713310468
38 39 0.2464237417294226
41 63 0.2859792076708806
41 54 0.7513565211070362
41 78 0.4729884874000544
42 64 0.11055514626456919
42 78 0.15610612328154327
43 49 0.12128892675045777
43 54 0.4491087020722849
44 65 0.53652041992023
44 53 0.9687540486787305
44 70 0.9056298055043964
45 73 0.8579708847111589
45 62 0.40154720734854765
46 70 0.9478544933338072
46 72 0.3615666412936446
47 62 0.635237145489846
50 75 0.16154285982181826
50 66 0.3656465491433585
50 74 0.564241464738541
50 73 0.7231937690409287
52 64 0.7790079794571257
53 71 0.7677770970243928
54 64 0.20283927426103687
54 69 0.7774184460304024
55 77 0.1629710570576044
55 75 0.6371991657251925
56 63 0.02607183259073176
56 65 0.7634060394907951
57 60 0.5599864669009363
57 64 0.6063805824422048
58 76 0.9241458168453038
58 72 0.2693787861612432
62 68 0.4658547278603825
63 64 0.47267613132579767
64 76 0.5810117173432208
66 71 0.8875090039972847
68 72 0.7431508951681405
69 70 0.7766243592173551
69 79 0.2448604998514199
70 77 0.5454727498695409
70 74 0.42999225577015887
70 73 0.5425226746739492
75 78 0.7709028649453891
