80 160 Varying K 11
0 49 0.12596124676741993
0 4 0.008407042538748577
0 67 0.004348598708896367
0 9 0.07915114237553822
1 24 0.11852597597243708
2 5 0.5137490053335507
2 71 0.507258893373256
2 12 0.6558436743631125
2 74 0.09773943998554935
2 46 0.004116810255652359
2 39 0.2679441711104861
2 25 0.698721841402579
3 46 0.45110366779290734
3 22 0.5570281418479318
3 31 0.4491383243849898
3 8 0.08048590279504853
3 39 0.549810356720893
3 13 0.5143370861027916
3 66 0.7759296353752743
3 36 0.880634925675899
3 79 0.8177422376777754
4 74 0.8367633883523041
4 34 0.655365521509575
4 54 0.1354844664893735
4 32 0.6905313965112566
4 65 0.06956310440029823
4 19 0.09518528833015538
4 11 0.2502312678533436
5 75 0.2566016959676406
5 77 0.5167203373820022
5 60 0.46977955492505485
6 73 0.5078149366094277
6 75 0.2134588105964731
7 11 0.25005223950879985
7 13 0.9724254390676714
7 26 0.803435626047966
7 46 0.8176412629219953
7 17 0.8288750614040769
7 57 0.004710631148819089
8 53 0.66675964675351
9 43 0.36926894813328726
9 56 0.8152401504396203
9 28 0.4194863845930934
9 12 0.7884900725544819
10 46 0.7485602685515697
10 14 0.12419327586854922
10 32 0.16542889166161567
10 78 0.8071834805792051
10 54 0.1367855691410037
11 40 0.08410178051911155
11 65 0.3502777830263909
12 21 0.7652572622178876
12 61 0.2993722888776936
12 52 0.8190072795164283
13 29 0.5043180513654112
13 30 0.07710052229893705
13 27 0.23124430458429535
13 39 0.24703121065200873
14 36 0.22216373705789527
14 20 0.6417586658329633
14 73 0.9464101769993606
15 66 0.10292561375896736
15 32 0.6112585255675563
16 20 0.6375220332694199
16 57 0.751636379388957
16 37 0.37074512923114067
17 65 0.8937255371811939
17 66 0.04132060694991402
17 59 0.15246796064830248
18 43 0.26776394658861513
18 47 0.7786259859188072
18 69 0.5809696995438349
19 31 0.33946291420298647
19 79 0.4815103708653852
20 55 0.07797688879775688
20 57 0.6282646915727692
20 29 0.9799902362492422
21 39 0.9652745686601194
21 67 0.42706712815075243
21 41 0.7451142479869419
22 71 0.08537968988527977
22 41 0.8838970037325024
22 46 0.6607195858402407
22 45 0.6661603089927612
23 57 0.5210884261987875
23 66 0.9543719053331068
23 29 0.9449355510290579
23 74 0.5388741830543848
24 62 0.9042125369977707
26 39 0.2111557960169258
26 55 0.008049737103409171
26 59 0.6538361283365115
27 77 0.5120000491904901
27 48 0.13099241628403457
28 62 0.7067703611465169
28 60 0.5240448612197847
29 30 0.34916897286227855
29 58 0.680337309411714
29 31 0.9374235068301151
29 75 0.48973720293244527
31 67 0.9359993868849421
31 34 0.42920730656882966
32 77 0.15563968298400543
32 47 0.5817897369490775
32 46 0.467780585420674
33 51 0.603125514404924
33 70 0.01671739608326206
34 78 0.12200511817834014
34 75 0.5298262569951072
34 61 0.6865923501354764
35 62 0.6435627983722553
35 54 0.7989150594894744
37 47 0.8019211994459959
37 63 0.7213469637579734
37 50 0.5552116065012331
38 64 0.12312642355294567
39 61 0.8611802452638545
39 68 0.7093308421467555
39 47 0.9620598029792222
40 59 0.5826068524199577
41 65 0.38768172808848034
42 50 0.3092367407174127
43 62 0.6708479454219152
44 72 0.5508870501109129
44 78 0.631008765383009
44 50 0.7867933769788862
45 46 0.41965777916062064
45 65 0.7072327749697815
45 58 0.9419908635662645
46 65 0.8024667058280264
46 75 0.34180693272623897
46 79 0.29946654135368733
46 78 0.44772038956651206
47 69 0.1932739948516896
47 50 0.32783180093135944
48 54 0.027542363054687047
49 52 0.16898964993406007
50 65 0.22255363405227147
50 62 0.8542925881432336
51 59 0.014263211233847328
52 75 0.5619185050084908
52 62 0.37912255321063804
53 67 0.3776432774653117
53 77 0.19454798828297615
53 62 0.03873620228167485
54 65 0.49634799676906727
56 64 0.1319949685157792
57 70 0.38531964800162755
58 59 0.6080066769257848
58 71 0.8740732679026797
61 67 0.9701310189580555
62 65 0.5876992685799252
62 76 0.26612845666953433
63 64 0.4475738062404425
64 78 0.9654523173237035
65 71 0.8235577694339716
66 71 0.04006333114915117
66 74 0.8685691823222088
73 74 0.15839823543384235
75 78 0.5170743033820334
