80 160 Varying K 11
0 9 0.2078334644389339
0 61 0.08903968156429098
0 62 0.12843100701432697
0 41 0.5897506756290958
1 60 0.11999386339702078
1 8 0.4544230445647093
1 43 0.3289435349740599
1 61 0.7202717761926257
2 37 0.04243620288096228
2 40 0.3479396260810377
2 75 0.38652706302307893
2 7 0.21972450418574663
2 30 0.8003895741518685
3 34 0.6923807339440617
3 35 0.07850245926534205
3 13 0.8443616323475122
4 17 0.9402209167267794
4 39 0.2827353655077596
4 68 0.9729422118875433
4 67 0.9738050368589544
4 52 0.41496191345389266
4 28 0.3774277220497374
4 65 0.42503514465624803
4 61 0.9672423542573003
5 38 0.9576627899821747
5 15 0.8667540082251297
5 48 0.18039905347684515
5 43 0.4691019596657323
5 31 0.3233900354948177
6 73 0.9743111725098725
6 52 0.8007856407506266
6 34 0.6442878282151066
6 60 0.9099928588801597
6 8 0.978281247325446
7 42 0.028937258674208155
7 61 0.4277676081631979
7 16 0.8885156863850368
8 77 0.5775212139775361
8 61 0.5769420275031661
8 44 0.20663215063215035
8 75 0.7502848018119905
9 40 0.3416782884579085
10 43 0.4602817561749004
10 79 0.9486275431971631
11 61 0.5447496427274472
11 65 0.9769753940306903
12 46 0.7506642205901896
12 13 0.939587577556629
13 27 0.5368656958092373
13 76 0.3483425825658292
13 79 0.7942046934971424
14 78 0.7595169241515028
15 36 0.00017356702050375095
15 28 0.3753438557667387
15 21 0.49069621881761627
15 25 0.6854840446863508
15 68 0.5663640403038722
16 69 0.6241424599875435
16 72 0.3635025229299117
16 53 0.5587963542113152
16 43 0.5988398352627822
16 35 0.4576936763539682
17 56 0.7554936961101811
17 48 0.28972853233826057
17 75 0.9485598574598963
19 50 0.1972613224916272
19 29 0.16500909144533726
19 52 0.45912634980673483
19 33 0.9688545204075272
19 25 0.9419265046423301
20 75 0.06161768548336721
20 77 0.9380955863467713
20 40 0.5143675055251735
21 56 0.2140412099418154
21 30 0.41196949425875085
22 40 0.34851638144050834
23 46 0.3464999563567429
23 55 0.9490675821002093
23 73 0.4095351835145079
24 29 0.26151920885798063
24 40 0.7219786933714691
24 33 0.46570380164608327
25 52 0.8274059240487688
25 55 0.4357175358105081
27 63 0.9038550060387524
27 72 0.7981658477662891
28 34 0.7902566037067376
28 42 0.22071970880760572
28 45 0.9880543119546304
29 43 0.7722375094165197
30 75 0.07053800319401526
30 64 0.16269297339884314
30 55 0.2606647041746649
30 41 0.13028262870807117
31 34 0.3886680246082601
32 47 0.8553904510350034
32 69 0.16622628703218367
33 70 0.7166756710033767
33 55 0.39434747352710753
33 66 0.9972770907278806
33 76 0.12418522638059815
34 73 0.8373721498108551
34 64 0.11056586771330268
34 57 0.7627554025530426
34 59 0.19460968973839532
35 70 0.7732116358024048
35 62 0.2989580143593288
35 43 0.509787364068802
36 69 0.890354807009748
37 78 0.421997169828801
37 66 0.11727588368283093
37 53 0.7474998890953853
38 53 0.4644050812810997
38 55 0.8987293166140136
38 70 0.0389029654082208
38 58 0.8812467755772305
38 48 0.9491887706016903
38 64 0.3569467552831094
38 46 0.6468187807257513
39 64 0.9857846803149123
40 46 0.5584329834097154
40 47 0.17344865835878742
41 69 0.8153365352513616
41 76 0.38494570796658767
42 75 0.7751542780082247
44 73 0.5823089728182931
44 75 0.9897046272221617
44 53 0.8405603951996209
44 49 0.3310442473347901
45 59 0.446123326288835
45 77 0.7332927809808214
47 77 0.11375354909321755
48 58 0.42481682141460175
48 78 0.010661828833722686
49 66 0.8888205439049043
49 54 0.9659368249610217
49 64 0.3018905633215647
49 75 0.46276847849133806
50 73 0.7787847997950602
51 73 0.1192341110364411
52 74 0.01480847839562105
52 72 0.3010338300949238
53 54 0.41877994098853366
53 74 0.537960320369817
54 66 0.9440010481081028
55 71 0.1759178537147843
58 66 0.020630143816665503
60 74 0.28730135646052735
60 69 0.47795630008371226
60 70 0.6097446960938414
60 76 0.8039394495057661
62 64 0.4142044467043491
65 79 0.5176642283850496
67 68 0.21130465326070702
67 79 0.47504907551723563
68 74 0.7908154682166804
71 76 0.9513428574475616
72 73 0.9393339927041021
75 76 0.1521250234705953
77 78 0.8252272692572402
