80 160 Varying K 11
0 38 0.542599318681355
0 27 0.7100204399646465
0 69 0.8600838443579941
0 21 0.06669146044604213
0 6 0.7952273204738051
1 73 0.8490623000544621
1 78 0.8728364589598977
1 66 0.8264955510221198
2 51 0.782078779897354
2 41 0.6417315321766249
3 33 0.9700045575138676
3 58 0.1980175569630679
3 56 0.8534109958625206
4 41 0.07994633308997046
4 62 0.036427191941215686
4 10 0.8432733209757206
5 33 0.809006186927754
5 10 0.33053671245228344
5 45 0.38812946242048196
5 46 0.07641836968838744
5 77 0.11734645657143727
5 63 0.0624698972063813
5 50 0.29290372334059966
5 17 0.598873343103819
6 40 0.045338017978852396
6 25 0.6683182864034515
7 28 0.7316186170034714
7 29 0.10026470597945458
7 21 0.5429860514137593
7 34 0.19536548508141183
8 11 0.46253007481615227
8 52 0.6672028783237927
8 25 0.6729091193708605
9 37 0.6371078485960202
9 63 0.6313409705690777
9 10 0.025588738684071743
9 14 0.6675623854051396
9 66 0.8654309774457325
10 36 0.20341698751614168
10 46 0.588582726287864
11 77 0.0563556542343876
11 70 0.46429409983195435
11 49 0.28649213123749107
12 41 0.4827073036653817
12 56 0.5537337334138976
12 51 0.5824288891225556
13 50 0.3737915334656391
13 22 0.04919301520003905
14 26 0.2843093620087357
14 72 0.9243620303194936
14 32 0.7974788326678017
14 76 0.5933067933283073
14 69 0.7637040673658203
15 42 0.8177290334495491
15 67 0.19833324869879743
15 54 0.3443335785360617
15 39 0.8951381918897796
16 79 0.8930333258165148
17 32 0.8254374330676816
18 25 0.911246135301597
18 41 0.4316095507083
18 32 0.3018760208918828
19 61 0.6847051320470025
19 41 0.6219776535567846
19 76 0.08366770066644158
19 22 0.0036958975875801547
20 57 0.5623330026590887
20 42 0.07209816612698994
20 27 0.7105223490749183
20 77 0.9864547775375825
20 47 0.8232647402267338
21 39 0.48196908916721326
21 58 0.13055727734151346
21 73 0.215681425226383
21 59 0.3181167995306651
21 71 0.1024960522702002
22 31 0.5383826091674809
22 37 0.32883935422232713
23 35 0.44397279718932803
23 29 0.07868805388810929
24 34 0.5260459416706799
24 52 0.6105675099207013
24 79 0.3521566900642631
24 63 0.9191671878760777
24 35 0.08544149461415973
25 56 0.43206607524342655
25 71 0.4100926616522892
25 61 0.5301601771476947
25 30 0.3371506121158
26 54 0.978489250506834
26 29 0.8703311342233231
26 55 0.6360393096153246
26 48 0.977478745211056
27 33 0.7931725208809509
27 54 0.4201320077669405
27 34 0.4226180492843148
28 53 0.2997346729962683
28 70 0.6252127649780802
29 39 0.9351494933446595
29 62 0.4957818448370275
30 38 0.11614578569886003
30 78 0.6241924527351204
31 64 0.7649254933088114
31 74 0.28932926831069783
31 56 0.9795864239618897
31 67 0.4292591236434805
31 52 0.29134523962616565
32 77 0.45876789179901
33 53 0.4579686791585267
33 43 0.8156011012600596
35 46 0.020397871400042566
35 60 0.9088500835222404
35 59 0.31623929027692
35 74 0.31864466975987893
36 55 0.7417333207378547
36 41 0.19101326589073075
37 70 0.7539715190640521
37 47 0.2713955818961543
37 73 0.497967453391007
37 56 0.697366012599308
37 52 0.027638351106152315
37 43 0.6834693123684414
37 45 0.38467490062022436
38 44 0.421169229110811
38 61 0.7654266197266786
39 65 0.1904017475300489
39 49 0.18677737427404506
39 72 0.47984510806480407
40 60 0.039184216242763026
40 78 0.3813098820915165
41 75 0.5495386326941386
41 63 0.4230285650759461
42 71 0.0005102157586004408
43 49 0.4491492470680205
43 60 0.021534652326451353
43 50 0.08872396389227388
45 55 0.9373997162222892
46 79 0.32144863245620237
48 76 0.3654319569857274
48 50 0.809880900426257
49 51 0.09865936247409257
50 56 0.4144949568047902
51 72 0.0761068499694948
52 79 0.28664616322846337
52 56 0.888624105746419
53 67 0.20065459786775297
53 56 0.44798790398258515
54 76 0.09003548900082081
55 65 0.6308503772902305
56 64 0.060354558884165965
58 69 0.6333951982050258
59 69 0.8915038937000235
60 72 0.027255592338870316
60 67 0.9489495011608942
61 67 0.6382810584669409
62 69 0.5569120585181587
62 71 0.14123127598860374
62 76 0.5823206295572158
66 68 0.18413966128215542
78 79 0.47844184234281484
