80 160 Varying K 11
0 76 0.479339166471326
0 47 0.7565263647570729
0 44 0.6738952301032759
1 27 0.2708342998079195
1 57 0.9609159901311038
1 74 0.4993474927196222
2 38 0.9464273832945546
2 32 0.5657248030579002
2 70 0.647994625885588
2 40 0.9523202563694816
3 59 0.12406004811634697
3 34 0.06945552013279899
4 37 0.6232076964084601
4 30 0.08755838796811777
4 7 0.17208023774911274
4 39 0.02773376171087094
4 53 0.6958659784568192
4 47 0.4340304901068385
5 23 0.7917322692157353
5 60 0.23674287542997163
6 31 0.5737620984791411
6 20 0.11787069827641605
6 17 0.5171870483792621
7 22 0.7419616407960232
7 53 0.6602126080029332
8 33 0.5062452910791979
8 43 0.9775864586878249
8 46 0.6785171182634319
9 20 0.937344379406774
9 75 0.5325790322364321
10 19 0.953627098961829
10 76 0.9046145142964949
10 53 0.2743998293660057
11 55 0.05242430571682932
11 69 0.47490493506746556
11 62 0.6155058751472195
11 77 0.7144806540209835
12 38 0.6661454065917091
13 69 0.06735856107265992
13 59 0.7075194868228476
13 52 0.6393177645999497
13 48 0.5927639631871969
14 20 0.0346992328869431
14 18 0.4688693170138519
14 40 0.20673680897211866
14 70 0.08946855701622125
15 31 0.6492306824586069
16 26 0.07363502277017842
16 72 0.7400967977863276
16 45 0.8649824280108256
17 79 0.48389367643513803
17 25 0.32376195218065207
18 21 0.9684783779306476
18 46 0.6764625406553149
18 53 0.6973985946419653
18 37 0.6798912615415478
18 66 0.5299470432598893
18 20 0.9049305346693792
18 41 0.013906966366641127
19 47 0.33467819803703125
20 25 0.19604133454117256
20 76 0.8802158642344475
21 55 0.2056479347118435
21 66 0.15503345071273644
21 67 0.7015956249546375
21 78 0.05196917475280172
21 28 0.352295667251184
22 39 0.38659756045772375
22 63 0.4412013925347511
22 43 0.23519085318318622
22 57 0.0032485931323689154
23 49 0.23464156542251824
23 26 0.4886625413603961
23 40 0.6360150520281918
23 43 0.044346974882103374
23 79 0.284398109750324
23 28 0.7117745460984374
23 61 0.22099845153031694
24 70 0.03000749600115471
25 69 0.5440804248082077
25 49 0.1418875252145123
25 79 0.6659290896669541
25 46 0.6951909244817475
26 27 0.17989939379741215
26 43 0.1581375090326158
26 30 0.13571358179012372
28 63 0.014739096544874819
31 48 0.662674642235571
31 73 0.990372819690815
32 79 0.6063542336592261
32 67 0.6674392303465833
32 58 0.8778218182678829
32 41 0.3839423963291607
32 53 0.5224614668596399
33 37 0.7487146562268168
33 76 0.8393588519984738
34 65 0.4342689680761096
35 52 0.8501040471119977
35 43 0.8254398040833615
35 37 0.17806421002291406
35 62 0.8503573681363762
35 59 0.5744734282301102
35 44 0.36843187100722274
36 64 0.39951863036346325
36 61 0.7561835509330722
37 40 0.7066295039732533
37 69 0.43770714785347886
37 74 0.9658941798315788
37 61 0.7969366003694974
38 42 0.7964431384416703
38 53 0.5869104534521743
38 63 0.3954617326700207
39 45 0.4877105663949419
39 61 0.20005777962983307
39 40 0.1988534936891463
39 62 0.970076419376865
40 61 0.32236789571804025
41 72 0.41125340665481847
42 63 0.5641436545874268
42 46 0.4082436565201011
43 65 0.2436651074661509
44 59 0.8636864627632056
44 76 0.8774835128516674
44 45 0.42702550440743703
44 52 0.2943752375407651
44 51 0.7038851846520531
45 67 0.8663374938012895
45 51 0.3190044246977193
45 65 0.12119272843185414
45 75 0.08814390152953633
46 53 0.7941780586621822
46 71 0.18530603511263977
47 60 0.762291278756206
47 75 0.8255654163656435
47 59 0.8974147310735973
48 74 0.32172092843247124
48 68 0.027841893154280095
48 78 0.02755938008898695
48 76 0.052099009607220026
48 72 0.5049591572178059
48 49 0.04569340915352482
51 68 0.16183003674241914
51 60 0.23513081725500373
52 53 0.9882982465388394
54 55 0.13188814150110262
56 79 0.9620541351016849
56 75 0.33312181385494444
58 79 0.6028000995799866
58 62 0.1253816641951424
60 61 0.45599534715556034
60 70 0.5603989118831684
61 72 0.6857613105527471
64 70 0.17806706805281536
65 78 0.9935999758508728
66 74 0.9096391162783349
68 72 0.7441716224748339
69 78 0.7793084829127717
70 79 0.7170023934167369
70 78 0.38169712134560374
75 77 0.3803966115628059
