Varying_K
Varying_K
1.000000 0.080127
1.000000 0.094059
1.000000 0.276777
1.000000 0.118750
1.000000 0.397390
2.000000 0.169581
2.000000 0.182468
2.000000 0.273817
2.000000 0.119529
2.000000 0.424106
3.000000 0.143593
3.000000 0.175794
3.000000 0.277944
3.000000 0.108450
3.000000 0.401339
5.000000 0.151936
5.000000 0.192447
5.000000 0.283898
5.000000 0.117390
5.000000 0.431693
10.000000 1.163058
10.000000 0.407887
10.000000 0.274622
10.000000 0.689911
10.000000 0.427920
20.000000 3.166426
20.000000 0.640175
20.000000 0.932874
20.000000 0.617681
20.000000 1.682591
40.000000 3.268331
40.000000 1.119284
40.000000 3.924334
40.000000 1.646757
40.000000 41.899510
60.000000 21.242471
60.000000 3.094763
60.000000 16.554612
60.000000 9.243924
60.000000 49.695296
80.000000 350.030549
80.000000 3.775604
80.000000 13.773932
80.000000 6.343774
80.000000 1200.716636
100.000000 361.932471
100.000000 41.158756
100.000000 18.853434
100.000000 154.142339
100.000000 46937.834751
