Varying_K
Varying_K
1 0.359000
1 3.563000
1 1.313000
1 2.373000
1 0.919000
2 0.344000
2 0.564000
2 0.949000
2 15.263000
2 5.678000
3 0.672000
3 0.614000
3 10.721000
3 1.571000
3 0.719000
4 1.154000
4 8.020000
4 1.092000
4 2.539000
4 0.966000
5 0.537000
5 0.495000
5 1.060000
5 7.329000
5 10.682000
6 0.320000
6 0.952000
6 8.793000
6 4.834000
6 1.030000
7 0.772000
7 1.045000
7 1.010000
7 6.020000
7 3.189000
8 0.947000
8 1.945000
8 2.000000
8 1.425000
8 2.305000
9 0.518000
9 0.892000
9 1.787000
9 3.274000
9 3.755000
10 1.213000
10 36.109000
10 0.871000
10 0.992000
10 0.887000
