Varying_K
Varying_K
1.000000 0.533573
1.000000 18.504696
1.000000 0.108819
1.000000 0.164428
1.000000 0.476790
2.000000 0.147977
2.000000 29.549484
2.000000 0.276073
2.000000 0.954633
2.000000 0.126082
3.000000 0.630761
3.000000 0.881736
3.000000 1.164670
3.000000 0.758824
3.000000 1.017080
5.000000 1.351250
5.000000 7.142832
5.000000 1.567585
5.000000 1.055800
5.000000 2.944544
10.000000 20.211530
10.000000 27.317289
10.000000 58.385915
10.000000 2.750928
10.000000 4.832528
20.000000 7.356979
20.000000 24.456826
20.000000 89.685250
20.000000 104.470365
20.000000 8.535791
40.000000 94.067483
40.000000 220.027292
40.000000 54.358897
40.000000 21.748965
40.000000 21.271115
60.000000 274.528841
60.000000 99.876959
60.000000 78.781356
60.000000 278.723822
60.000000 308.536602
80.000000 370.894856
80.000000 721.481204
80.000000 348.140429
80.000000 69.897487
80.000000 363.736880
100.000000 423.087424
100.000000 741.230995
100.000000 458.465917
100.000000 446.338159
100.000000 549.619626
