Varying_K
Varying_K
1 0.398000
1 0.883000
1 24.825000
1 184.951000
1 2.878000
2 0.778000
2 2.102000
2 1.164000
2 1.162000
2 8.317000
3 6.775000
3 4.390000
3 0.942000
3 1.559000
3 0.913000
4 0.385000
4 2.531000
4 7.203000
4 0.860000
4 2.372000
5 0.436000
5 0.929000
5 46.348000
5 2.279000
5 2.557000
6 0.487000
6 3.331000
6 1.147000
6 1.829000
6 1.561000
7 0.909000
7 2.959000
7 0.724000
7 1.589000
7 3.011000
8 0.542000
8 18.540000
8 1.688000
8 1.442000
8 7.051000
9 0.374000
9 9.424000
9 6.692000
9 0.960000
9 4.675000
10 0.361000
10 20.554000
10 2.331000
10 4.587000
10 3.116000
