Varying_K
Varying_K
1.000000 0.210868
1.000000 0.110475
1.000000 16.721694
1.000000 10.604777
1.000000 0.641085
2.000000 0.242383
2.000000 17.293309
2.000000 0.176911
2.000000 13.073444
2.000000 20.923042
3.000000 15.222995
3.000000 1.039942
3.000000 22.608700
3.000000 0.299655
3.000000 20.938073
5.000000 0.936041
5.000000 1.197188
5.000000 1.015005
5.000000 28.626820
5.000000 0.708534
10.000000 1.432341
10.000000 1.300057
10.000000 1.596816
10.000000 35.662709
10.000000 34.747433
20.000000 57.519182
20.000000 55.100756
20.000000 56.424420
20.000000 3.031048
20.000000 51.611524
40.000000 30.182159
40.000000 4.705463
40.000000 112.063014
40.000000 111.200068
40.000000 104.638379
60.000000 169.315107
60.000000 154.689998
60.000000 162.167023
60.000000 158.955193
60.000000 22.628707
80.000000 223.631863
80.000000 216.313519
80.000000 230.773332
80.000000 49.108587
80.000000 98.578493
100.000000 55.280991
100.000000 271.088404
100.000000 301.603695
100.000000 113.037198
100.000000 309.506631
