30 60 num_nodes 30
0 28 0.26054295861148746
0 22 0.46605732600112804
0 10 0.4648163962570997
0 23 0.8603812450128054
0 29 0.2864230510511361
1 15 0.711855878883594
2 24 0.9269955341228001
2 11 0.3226765918301575
3 8 0.20246185542195794
3 15 0.10024541099810336
3 28 0.7541068185234996
3 5 0.562036110264568
3 23 0.332550740203048
3 16 0.286564966563705
4 18 0.08584288042832977
5 11 0.733326188773178
5 24 0.6655332358629137
6 25 0.9542572483772259
6 13 0.4009783643297906
6 21 0.7892067236355426
7 18 0.169397589375041
7 16 0.8024240525293329
7 11 0.1465026556181952
7 21 0.23238004089677533
7 24 0.7813294605423701
7 23 0.19178241090805392
8 14 0.6735677260146211
9 14 0.3173338043193392
9 27 0.06811706503085979
10 28 0.03419998908807387
12 20 0.5543651287253887
12 26 0.2779418715580769
12 21 0.09038622137550323
12 16 0.15814897487729052
12 25 0.13861865554321784
13 19 0.6394962295776097
13 26 0.35695272786554866
13 16 0.19851234489958725
13 21 0.9838005578491352
14 15 0.12522872555727038
14 24 0.2551124024929553
14 21 0.5099615696281589
15 24 0.4027577145465293
15 17 0.7960910786465034
15 27 0.7279614497775536
16 29 0.5053139438095922
16 26 0.5418366405597892
17 20 0.2641487413408544
17 29 0.3952988429561467
17 28 0.2879522554379097
18 28 0.5731904551253261
18 27 0.4338835379113195
20 29 0.25023698654767534
20 23 0.8559350427923087
21 23 0.1400287824275065
22 23 0.13689874909220312
22 24 0.7088902934947555
23 25 0.9688674893546956
25 27 0.7321848481818883
26 29 0.013913047055558736
