50 100 num_nodes 50
0 46 0.5217053697169387
0 44 0.9517605890473857
0 22 0.9310226374524047
1 2 0.7095644010765279
1 14 0.25023613763501584
1 43 0.33892894546247243
1 4 0.7741013430979852
1 23 0.5363911316497719
1 19 0.7115174500252889
1 6 0.407879260426651
1 44 0.8400439057209194
2 37 0.9564884390676219
2 3 0.8920306270224565
2 46 0.051385603331412844
2 15 0.34994234895236864
2 9 0.9695910602362664
2 47 0.14881344348180603
3 5 0.15381134643160388
3 6 0.5446282234006312
3 17 0.4497499877625396
3 27 0.5874193235911402
4 21 0.844324652460154
5 23 0.4551432774145914
5 7 0.07829526553694999
5 42 0.7722226584575991
6 43 0.4281887443431168
7 18 0.39938006730441344
8 11 0.9155280982473749
8 17 0.5614462711589947
8 16 0.03705029305983221
8 28 0.11897783817587904
9 45 0.24606308441086866
9 20 0.7757087494745818
10 47 0.22522603106626038
10 43 0.9132403677869444
10 35 0.07769052665088538
10 28 0.9151800071431391
10 39 0.2737597824164072
11 15 0.49018725796931906
11 20 0.9931598349976383
11 28 0.9769896505336255
11 33 0.30625271100129914
12 47 0.1011410881249526
13 38 0.8996146895418453
13 31 0.8654564029588309
13 15 0.5390610025452787
14 42 0.13293196238469973
14 37 0.9338950013242111
14 30 0.17081594368385944
15 33 0.42381133098447965
16 38 0.5350042965306879
16 48 0.22598473662402618
16 21 0.27141655320730895
17 32 0.06035458376627789
17 31 0.2983366758126518
17 49 0.03820251488498572
19 42 0.47332112245181546
19 30 0.016958104202737023
19 45 0.9548831622469887
19 46 0.6424052010419323
20 24 0.09080508842257118
20 44 0.7072943015246492
20 43 0.6521254913247897
21 31 0.8032699464897154
22 23 0.914868039539109
22 32 0.11273717480502021
22 29 0.5617008403780875
23 32 0.14063547147209077
23 29 0.41256905577236125
23 37 0.31042776425429974
24 37 0.04672680457962797
25 46 0.09283767665322018
25 48 0.6135839684976886
25 39 0.03547027203174147
25 49 0.22205323989181658
26 47 0.3524607357748044
26 37 0.6435559511463833
26 41 0.009210632194178947
27 40 0.43004062299342005
27 33 0.4171263800968996
28 34 0.05997087229407205
28 35 0.40424362329397534
29 41 0.5935701817984198
29 42 0.232388724811464
29 31 0.38701474863907104
31 32 0.43453594575236576
32 35 0.4129969490942442
32 33 0.06495298548456496
33 48 0.08970268745762455
33 37 0.5605532387028731
35 43 0.1602241455999578
35 46 0.42907035391308024
36 46 0.6427229761671014
36 41 0.9281096267667672
38 49 0.19431316714654578
39 41 0.4329438632869289
39 43 0.32247533755363245
39 40 0.6695193225256323
45 47 0.4783337759296006
45 48 0.7859401071002494
