30 60 num_nodes 30
0 29 0.5593825654889397
0 21 0.46511082956668226
0 26 0.07683702032128814
1 18 0.40480764081264353
1 4 0.2487922201817051
2 19 0.29426334039898794
2 24 0.2103177028231379
2 3 0.503009431366982
2 11 0.1051282264166804
2 25 0.27533308963013714
3 11 0.1951408351760615
3 18 0.7890197074769915
4 17 0.1926377265877638
4 27 0.744954963388815
4 28 0.1578530502753518
5 24 0.44526242594618115
5 22 0.5744650531917255
6 7 0.5559496183947977
6 15 0.7411243017126753
6 20 0.6309355304427331
7 18 0.12748815409055414
7 20 0.11652987521563829
8 17 0.6359655144182745
8 27 0.4547394374701418
8 21 0.647171976923754
8 9 0.2573706051736381
9 24 0.9681658718036299
9 13 0.4830800291573173
10 28 0.7795185851006512
10 17 0.9681234727432977
11 29 0.36378574865192603
11 17 0.3173421048653756
12 20 0.7527584753998836
12 23 0.42325706642158323
12 28 0.3324516656657277
12 18 0.39008960987604957
13 29 0.06469491216050682
13 24 0.8372314588881395
13 18 0.3708460983318391
14 29 0.13084937924288598
15 19 0.8684750886247457
15 26 0.3683004920286129
15 22 0.5513264659175482
15 17 0.05313131169469132
15 27 0.4350231298398478
15 20 0.900383117790215
16 29 0.2848161902791817
16 26 0.7392890574512749
17 26 0.4924829393955745
18 20 0.4664816223404269
18 25 0.34736656995239246
18 28 0.7768044664369183
18 26 0.17931349175272127
19 21 0.6585206821950653
20 27 0.055869915361536515
20 22 0.3033209133946644
21 29 0.5838096361676666
22 25 0.05990037608018528
22 27 0.8075111136971562
23 29 0.2511407629369291
