30 60 num_nodes 30
0 2 0.4691012159878425
0 29 0.19270071299958325
1 7 0.969579981847493
1 25 0.9760360869611899
1 2 0.7936190262110121
1 26 0.5447103808396995
2 4 0.7311196434705585
2 11 0.5954885635510544
2 8 0.9184403628852065
2 13 0.1405321835538954
3 23 0.42502003815462974
3 26 0.5915079722996938
3 10 0.39887309515321623
4 10 0.9744797607804069
5 24 0.14949718492791664
5 6 0.7074880213675923
5 7 0.8794048563568236
5 14 0.5446711775533605
5 11 0.5845450883291294
6 8 0.784081111173517
6 13 0.440933536084676
6 21 0.48125900565514534
6 29 0.45642905176520576
6 28 0.6983683856381911
7 9 0.8898673857364451
7 15 0.6320233343323624
7 22 0.5689935707594502
8 11 0.8176626046539971
8 25 0.0890617539469678
8 26 0.7002998935893409
8 16 0.571742640313459
8 14 0.764404514600553
8 24 0.4400391355322172
9 29 0.4526045946058751
9 26 0.1016708379198934
9 18 0.6462178137284138
9 27 0.9521853416127206
9 13 0.29320142234780633
10 21 0.807961048675594
10 18 0.4816949241083863
12 15 0.6708912874421045
12 17 0.8569283138356669
12 16 0.285382226551822
13 19 0.5859330011574863
13 23 0.521183678312041
14 20 0.9077297588098385
15 22 0.14346564149273522
16 17 0.2590735350271627
16 24 0.9849176565011843
17 27 0.785090351209591
17 20 0.8372703667214572
18 19 0.639706682519915
19 27 0.9696870659420599
20 26 0.2629531110782094
20 27 0.27245856802485635
22 28 0.8335553103925379
23 27 0.4893401387220998
24 25 0.17066479075618912
26 29 0.765325014794165
27 28 0.1097379715790493
