30 45 num_nodes 30
0 16 0.5967663336791365
0 23 0.24451526717290584
0 27 0.5708731635806134
0 6 0.16659274401816693
0 9 0.46006094537500786
0 19 0.12423029842025957
1 20 0.24109723451312237
2 25 0.2473091074788305
2 10 0.6189054376475766
3 11 0.6924932901850304
3 17 0.5914499575930684
4 19 0.6755071328611568
4 8 0.7865255972312863
5 28 0.609220125964576
5 8 0.0360468330808118
5 24 0.18060452797339732
5 27 0.8278643572541389
5 9 0.13021432739234884
5 6 0.563123949084585
5 29 0.9788452515745177
6 13 0.44559733395322243
6 24 0.4264878286752276
6 10 0.2746352042124143
6 22 0.16328397217059998
7 24 0.5832164242787824
7 12 0.4678214096278427
7 18 0.5056064049219536
8 19 0.16362509591249863
9 26 0.6736552034001568
9 11 0.38183641215350317
11 23 0.006115838933175799
11 13 0.8016828878603077
12 24 0.41026328819444513
12 28 0.18958670761305307
14 26 0.16462833636486796
14 19 0.8882825943527212
15 27 0.25380368512806306
17 28 0.17883967807569623
18 19 0.6455647413082961
20 29 0.03471557614180443
20 21 0.9599531374308754
21 22 0.7093054017148421
22 25 0.8350263233680246
23 26 0.6926028616565834
27 29 0.23036625888293671
