30 60 edge_degree 2.0
0 28 0.5
0 22 0.1
0 10 0.3
0 23 0.9
0 29 0.3
1 15 0.3
2 24 0.3
2 11 0.7
3 8 0.9
3 15 0.1
3 28 0.5
3 5 0.9
3 23 0.3
3 16 0.5
4 18 0.9
5 11 0.9
5 24 0.7
6 25 0.5
6 13 0.3
6 21 0.3
7 18 0.1
7 16 0.5
7 11 0.5
7 21 0.9
7 24 0.5
7 23 0.3
8 14 0.3
9 14 0.3
9 27 0.5
10 28 0.7
12 20 0.1
12 26 0.9
12 21 0.1
12 16 0.9
12 25 0.3
13 19 0.7
13 26 0.9
13 16 0.9
13 21 0.3
14 15 0.9
14 24 0.3
14 21 0.1
15 24 0.5
15 17 0.5
15 27 0.9
16 29 0.7
16 26 0.3
17 20 0.7
17 29 0.9
17 28 0.3
18 28 0.9
18 27 0.5
20 29 0.5
20 23 0.5
21 23 0.9
22 23 0.9
22 24 0.5
23 25 0.5
25 27 0.7
26 29 0.5
