30 60 edge_degree 2.0
0 27 0.1
0 7 0.5
1 2 0.9
1 19 0.7
1 28 0.5
2 11 0.3
4 5 0.5
5 26 0.5
5 13 0.7
5 17 0.9
5 7 0.5
5 10 0.3
5 28 0.9
5 14 0.1
6 19 0.3
7 16 0.7
7 10 0.9
8 9 0.9
8 16 0.5
8 15 0.7
8 19 0.9
9 15 0.7
9 25 0.9
10 29 0.5
11 17 0.7
11 14 0.5
11 16 0.5
11 25 0.5
11 18 0.1
11 27 0.3
11 21 0.3
12 20 0.7
12 29 0.1
12 24 0.3
13 28 0.9
13 23 0.9
13 18 0.5
14 29 0.9
14 25 0.5
14 20 0.5
14 28 0.3
14 23 0.1
15 29 0.7
15 21 0.5
16 27 0.1
16 28 0.1
16 29 0.1
16 17 0.9
17 21 0.3
17 29 0.9
18 21 0.9
18 23 0.7
19 20 0.9
21 27 0.7
22 23 0.9
22 26 0.1
23 25 0.3
24 29 0.7
25 26 0.7
28 29 0.7
