30 60 edge_degree 2.0
0 29 0.5
0 21 0.7
0 26 0.3
1 18 0.3
1 4 0.1
2 19 0.9
2 24 0.9
2 3 0.7
2 11 0.9
2 25 0.7
3 11 0.1
3 18 0.7
4 17 0.1
4 27 0.7
4 28 0.1
5 24 0.7
5 22 0.1
6 7 0.5
6 15 0.3
6 20 0.9
7 18 0.3
7 20 0.5
8 17 0.5
8 27 0.5
8 21 0.1
8 9 0.3
9 24 0.7
9 13 0.1
10 28 0.5
10 17 0.1
11 29 0.7
11 17 0.3
12 20 0.5
12 23 0.5
12 28 0.5
12 18 0.9
13 29 0.1
13 24 0.9
13 18 0.5
14 29 0.9
15 19 0.5
15 26 0.7
15 22 0.7
15 17 0.1
15 27 0.9
15 20 0.3
16 29 0.5
16 26 0.3
17 26 0.3
18 20 0.5
18 25 0.5
18 28 0.5
18 26 0.7
19 21 0.1
20 27 0.1
20 22 0.1
21 29 0.7
22 25 0.3
22 27 0.1
23 29 0.5
