80 120 edge_degree 1.5
0 38 0.7
0 27 0.5
1 73 0.1
1 78 0.3
2 51 0.1
2 41 0.9
3 33 0.7
3 58 0.5
3 56 0.9
4 41 0.5
4 62 0.7
4 10 0.7
5 33 0.7
5 10 0.9
5 45 0.9
5 46 0.5
5 77 0.3
5 63 0.1
5 50 0.7
6 40 0.1
6 25 0.5
7 28 0.3
7 29 0.5
7 21 0.3
7 34 0.1
8 11 0.1
8 52 0.5
9 37 0.5
9 63 0.9
10 36 0.7
11 77 0.5
11 70 0.9
11 49 0.9
12 41 0.7
12 56 0.3
13 50 0.9
13 22 0.9
14 26 0.7
14 72 0.7
14 32 0.9
14 76 0.5
15 42 0.7
15 67 0.1
16 79 0.9
17 32 0.7
18 25 0.3
18 41 0.3
19 61 0.9
19 41 0.7
19 76 0.3
20 57 0.7
20 42 0.7
20 27 0.7
20 77 0.5
21 39 0.1
21 58 0.7
21 73 0.5
21 59 0.9
22 31 0.5
22 37 0.3
23 35 0.7
24 34 0.1
24 52 0.1
24 79 0.5
24 63 0.7
24 35 0.5
25 56 0.3
25 71 0.7
25 61 0.3
25 30 0.9
26 54 0.1
26 29 0.5
26 55 0.1
27 33 0.1
27 54 0.5
27 34 0.1
28 53 0.3
28 70 0.9
29 39 0.9
30 38 0.1
30 78 0.5
31 64 0.5
31 74 0.7
31 56 0.3
31 67 0.7
32 77 0.1
33 53 0.9
35 46 0.7
35 60 0.5
35 59 0.9
35 74 0.9
36 55 0.7
36 41 0.3
37 70 0.7
37 47 0.5
37 73 0.9
37 56 0.3
37 52 0.9
37 43 0.3
39 65 0.9
40 60 0.3
41 75 0.3
42 71 0.9
43 49 0.9
43 60 0.7
43 50 0.1
45 55 0.5
48 76 0.9
48 50 0.1
49 51 0.7
51 72 0.9
52 79 0.3
52 56 0.1
53 67 0.3
54 76 0.5
60 72 0.5
60 67 0.9
62 69 0.3
62 71 0.9
66 68 0.5
