30 60 edge_degree 2.0
0 16 0.1
0 23 0.5
0 27 0.9
0 6 0.7
0 9 0.3
0 19 0.5
0 12 0.9
0 26 0.9
1 20 0.9
1 8 0.7
1 14 0.9
2 25 0.3
2 10 0.1
3 11 0.7
3 17 0.1
3 24 0.7
4 19 0.9
4 8 0.7
5 28 0.7
5 8 0.7
5 24 0.7
5 27 0.3
5 9 0.7
5 6 0.3
5 29 0.3
5 10 0.5
5 22 0.7
6 13 0.7
6 24 0.9
6 10 0.3
6 22 0.9
6 19 0.1
7 24 0.3
7 12 0.9
7 18 0.3
7 29 0.3
8 19 0.9
9 26 0.7
9 11 0.3
11 23 0.1
11 13 0.3
11 27 0.5
11 16 0.9
11 28 0.9
12 24 0.9
12 28 0.1
12 18 0.1
14 26 0.1
14 19 0.5
15 27 0.7
15 22 0.1
17 28 0.1
17 25 0.1
18 19 0.3
20 29 0.7
20 21 0.3
21 22 0.5
22 25 0.9
23 26 0.5
27 29 0.7
