30 60 Varying_K 11
0 28 0.7350456350899328
0 22 0.24368193902999624
0 10 0.4635274836387874
0 23 0.1823330502823689
0 29 0.2117804847790481
1 15 0.28293736113208356
2 24 0.499763507143131
2 11 0.3520146472937671
3 8 0.7040650144611782
3 15 0.4771589887703056
3 28 0.636136136297128
3 5 0.09468544446926563
3 23 0.2534265514883134
3 16 0.7505746577568916
4 18 0.871428128962274
5 11 0.03129626624422266
5 24 0.04497286198959005
6 25 0.5973355720446045
6 13 0.9235458560685552
6 21 0.41607960804923383
7 18 0.24819769149816384
7 16 0.04778897999692511
7 11 0.4858995002586609
7 21 0.10127106884015491
7 24 0.7894823593131874
7 23 0.1552546365535422
8 14 0.020076267248206325
9 14 0.7230483640921298
9 27 0.668256025097095
10 28 0.2023053176427586
12 20 0.42686406086160467
12 26 0.7322350424819412
12 21 0.6755975248490489
12 16 0.0596953868106892
12 25 0.8558788689350787
13 19 0.3190385882376632
13 26 0.6071472097604945
13 16 0.9740759496445006
13 21 0.7673999383879864
14 15 0.4124538982941841
14 24 0.5136519681740382
14 21 0.48888919309489587
15 24 0.5424118950540906
15 17 0.40099267592939547
15 27 0.7215741610440407
16 29 0.31060267436569733
16 26 0.6056412590799889
17 20 0.11445332445181866
17 29 0.6429289849492945
17 28 0.7280407251263696
18 28 0.278616012610276
18 27 0.6661089982686279
20 29 0.7215499302397033
20 23 0.8931763235197099
21 23 0.6707394343442169
22 23 0.6423365850048778
22 24 0.37218390859597783
23 25 0.30181492903351714
25 27 0.8779612543180056
26 29 0.9768460750247601
