30 60 Varying_K 11
0 27 0.07289708833251607
0 7 0.6982576284774328
1 2 0.4622353737347703
1 19 0.3415443961451451
1 28 0.28162987329616196
2 11 0.03703225312048297
4 5 0.4587944461153176
5 26 0.6151437250161421
5 13 0.8213722464637203
5 17 0.27391408808253903
5 7 0.15138089755959605
5 10 0.8608995492117749
5 28 0.37474472382617585
5 14 0.9538213811310643
6 19 0.5476739644247652
7 16 0.11147262598633623
7 10 0.7205401805892528
8 9 0.5243822081166137
8 16 0.9820117493649632
8 15 0.1083777680747895
8 19 0.3928956997527606
9 15 0.04833001877264309
9 25 0.19264875309081653
10 29 0.4557987936023147
11 17 0.04736797783958169
11 14 0.42598009060750963
11 16 0.03833117291069532
11 25 0.08422952378079629
11 18 0.3057562462782907
11 27 0.17223629961689146
11 21 0.98738712805676
12 20 0.9500450888302081
12 29 0.6663517818336825
12 24 0.7670698446647588
13 28 0.4694493552413518
13 23 0.5600984964003345
13 18 0.28875841948323844
14 29 0.8922369633759459
14 25 0.14893232234804765
14 20 0.3184300311869567
14 28 0.5478402929217144
14 23 0.09032190488073177
15 29 0.2886339945914935
15 21 0.14724470153352798
16 27 0.8952306498207057
16 28 0.868629252145086
16 29 0.4984913628899371
16 17 0.6611447758683618
17 21 0.8787431800538439
17 29 0.018686336646209778
18 21 0.5711341084636418
18 23 0.4825827819766251
19 20 0.4848846552106114
21 27 0.39881427370704936
22 23 0.7908652147160993
22 26 0.23880905715341672
23 25 0.8045618086149047
24 29 0.1552829449954073
25 26 0.55431592051572
28 29 0.21436449003470637
