30 60 Varying_K 11
0 29 0.16258798187863444
0 21 0.1859396033048233
0 26 0.6831521337755961
1 18 0.546683760104021
1 4 0.3637254751667691
2 19 0.029600846191060848
2 24 0.47355926709158813
2 3 0.4309996309669387
2 11 0.01798366112898586
2 25 0.14535016908227438
3 11 0.1404069857206467
3 18 0.06609632111881436
4 17 0.4991445538415056
4 27 0.5850920098132888
4 28 0.5288565755048187
5 24 0.4030562043729826
5 22 0.8313708844176402
6 7 0.4249767401288541
6 15 0.040315790571696986
6 20 0.7189794864566463
7 18 0.8733721094161896
7 20 0.19713321725216149
8 17 0.4622872141462667
8 27 0.6914573335939425
8 21 0.6023429469092522
8 9 0.9516047293253674
9 24 0.5846925850580377
9 13 0.36322194913929085
10 28 0.11606435859756925
10 17 0.17605897823282513
11 29 0.6768072889010407
11 17 0.9225096871052432
12 20 0.5781330926743964
12 23 0.821903319515746
12 28 0.1314162677441223
12 18 0.9691412040108827
13 29 0.2748610855398913
13 24 0.37802331688707635
13 18 0.8158106052532433
14 29 0.6240837911123129
15 19 0.026215894194057454
15 26 0.13008143819331708
15 22 0.827408866639491
15 17 0.1754580186600122
15 27 0.41542032059601663
15 20 0.9643220162604387
16 29 0.2358070003580901
16 26 0.8651659504304086
17 26 0.6234017813249699
18 20 0.049201723513110696
18 25 0.7128132666983716
18 28 0.7143020629180528
18 26 0.2252557224496592
19 21 0.9814232382482746
20 27 0.44471244545063304
20 22 0.940004886052427
21 29 0.13903838780090483
22 25 0.11632870538910456
22 27 0.5618864171186577
23 29 0.26278741318787446
