30 60 Varying_K 11
0 2 0.509047105611885
0 29 0.8840593961246606
1 7 0.4143525721120459
1 25 0.14542238514829697
1 2 0.9809348791015357
1 26 0.4271923621766518
2 4 0.79437928024051
2 11 0.7749754259140007
2 8 0.3131809837378302
2 13 0.6043526544017286
3 23 0.4083429508154385
3 26 0.6527212163871876
3 10 0.476142396583935
4 10 0.5218184200031569
5 24 0.5571264965110742
5 6 0.9014873859196296
5 7 0.8746919684482056
5 14 0.630558573216938
5 11 0.08054543007322512
6 8 0.8403360772615331
6 13 0.9289942925159972
6 21 0.6180833486812375
6 29 0.038712908054237216
6 28 0.718825477585473
7 9 0.9045087259624746
7 15 0.9149225444056353
7 22 0.3217489577506055
8 11 0.5495396469421191
8 25 0.7169801867140217
8 26 0.28613242315518106
8 16 0.46913622890293116
8 14 0.5487221820068048
8 24 0.9844091997030006
9 29 0.7064755464831315
9 26 0.2915955428131387
9 18 0.22390426630163762
9 27 0.2057465720058146
9 13 0.15227770008844166
10 21 0.7438230267618087
10 18 0.7893326182924987
12 15 0.022077176651287944
12 17 0.8293148146122611
12 16 0.8190419979529175
13 19 0.29906628173455463
13 23 0.8218251751276201
14 20 0.29155439088013513
15 22 0.9960444851570806
16 17 0.05870959372603546
16 24 0.6445617579461219
17 27 0.7375079458071683
17 20 0.8241099129237744
18 19 0.8663229305457343
19 27 0.45268980140820336
20 26 0.027335417034368703
20 27 0.07845919403822477
22 28 0.27657148972835655
23 27 0.8445579464870866
24 25 0.9011871427222256
26 29 0.944177514174641
27 28 0.37472500402897513
