30 60 Varying_K 11
0 16 0.04232433859825113
0 23 0.7585402509415835
0 27 0.594278608262982
0 6 0.9956142614336264
0 9 0.6705781537337999
0 19 0.667597514411944
0 12 0.4053910728193765
0 26 0.5529980063079326
1 20 0.6032451769180487
1 8 0.18476645491683674
1 14 0.10048149782236138
2 25 0.7841350835937052
2 10 0.7515197941203404
3 11 0.89154014416344
3 17 0.47983799266848437
3 24 0.7061585957924237
4 19 0.21292895438139292
4 8 0.6738795371837655
5 28 0.34569083474463946
5 8 0.862371797394691
5 24 0.536554062637699
5 27 0.7709467650145264
5 9 0.4442370277657445
5 6 0.5904633037142546
5 29 0.4211307355695818
5 10 0.9177992597103612
5 22 0.5801475566422146
6 13 0.026567173376877085
6 24 0.18649514357260033
6 10 0.5499566083400732
6 22 0.22367235968471932
6 19 0.9152031783387307
7 24 0.6183827814233364
7 12 0.6753734493128126
7 18 0.9159617354674573
7 29 0.9418501155448988
8 19 0.050908851817644596
9 26 0.7580405288436113
9 11 0.16758924881112514
11 23 0.06116944921408962
11 13 0.5550917355767552
11 27 0.6789528350371168
11 16 0.16600480033344545
11 28 0.7636244504314447
12 24 0.0039441723223991865
12 28 0.3416661586681671
12 18 0.2918664508093354
14 26 0.33435415940548197
14 19 0.11291054025909653
15 27 0.042434860274090935
15 22 0.9134894876046252
17 28 0.5752390513734978
17 25 0.4154412438117756
18 19 0.4586622217337114
20 29 0.8923760071330226
20 21 0.16513035824787758
21 22 0.537356277129761
22 25 0.13504998627131404
23 26 0.170597547242737
27 29 0.12222047465777386
