80 160 num_nodes_edgedegree2 80
0 57 0.36560535316223397
0 49 0.3487405097645775
0 68 0.458124304272456
1 69 0.524675742873983
1 25 0.11737402350443626
1 35 0.6875786635286529
1 16 0.932016212879688
1 78 0.7963272092498136
1 11 0.3769515746436445
2 3 0.8137851996575745
2 37 0.9527486924868929
2 57 0.623209626368668
2 55 0.4796591560284522
2 28 0.4932731440302429
2 63 0.8693923238042396
2 20 0.7419637058967887
3 49 0.49479004828534967
3 40 0.16834456112569762
3 54 0.5008851236140618
3 60 0.5329137877496432
3 29 0.894199500326508
3 39 0.5900981081318301
3 67 0.130398280149716
4 61 0.8451434410223148
4 32 0.9536858192552872
4 20 0.09430368571517134
4 71 0.381302822051072
4 65 0.6003953618239417
5 39 0.10341521643905738
5 8 0.005601202973043118
5 52 0.02384309618158309
5 37 0.020118923132402045
5 24 0.640505647747237
6 39 0.9510732699972474
7 61 0.4807114549100734
7 38 0.7925941206127439
8 32 0.11591844868140289
8 37 0.7809096725489884
9 10 0.9161123258215658
9 48 0.585961671526865
10 17 0.9672944485747561
10 34 0.6020154311435418
11 47 0.1985533357001078
11 70 0.25390846952148527
12 62 0.9865577453522247
12 23 0.3560463153817591
12 44 0.8644298362139867
12 48 0.9288772474836182
13 75 0.2449198571039941
13 20 0.48202843912750604
13 33 0.6562242314398631
13 49 0.7573465199950734
13 41 0.9384949083934756
13 35 0.2882798062201518
14 79 0.07197492292205843
14 60 0.3824698733956666
14 37 0.23636746307691214
14 43 0.49481438870427585
14 58 0.936654805095329
14 52 0.8102293836411936
14 57 0.2236504338951556
15 63 0.16790239081326586
15 37 0.4548615183467949
16 65 0.9856215753913016
16 27 0.18877624556387562
16 18 0.23446309520772823
17 72 0.5849907649623658
17 62 0.993280689322092
18 50 0.2414914125184402
20 21 0.260282912955484
20 53 0.16918728531828475
21 34 0.684556775018565
21 79 0.7192384376482736
22 53 0.19119236448601373
22 70 0.7636937348398674
23 74 0.6758595993306622
23 44 0.22680988076376485
24 38 0.6305379368028001
24 53 0.9987498676639623
24 63 0.06688604480456983
25 70 0.18356955772064132
25 48 0.048145361793480945
25 41 0.7963570317762553
26 48 0.6273135481422625
26 54 0.05491927573499944
26 77 0.8832496927172702
26 73 0.0023338065686129283
27 48 0.5012926688768228
27 75 0.33719916315007414
27 34 0.6333724011501322
27 68 0.7685109905114609
28 67 0.5184121777446147
28 58 0.336171780118508
28 66 0.9233608790060321
28 57 0.2839177737295977
28 72 0.4276869254419756
29 34 0.057301393320813854
29 70 0.61764924380514
29 44 0.09909203774280317
29 64 0.39579410804888904
29 51 0.6900968281776071
30 68 0.9621574922522911
30 77 0.21036213561655992
30 75 0.37212895967068294
31 51 0.8976581980530898
31 34 0.7641793149767063
32 67 0.7949646277803646
32 65 0.5788549600421496
32 72 0.9384528743343784
32 47 0.13884560297324577
34 58 0.09790831347081286
34 42 0.18969463132808284
36 75 0.8054407948605794
36 51 0.4548191176273877
37 58 0.9779797671436803
37 64 0.924609635991278
37 46 0.5539650003304128
38 39 0.22726566358792533
41 63 0.5827798082982193
41 54 0.9317994306376732
41 78 0.5610706960412781
42 64 0.047499310510177306
42 78 0.18907138918309252
43 49 0.8408513841521269
43 54 0.0641948428633139
44 65 0.5012893506338026
44 53 0.989112367518598
44 70 0.5674515924421053
45 73 0.2916775467020004
45 62 0.48392349770122733
46 70 0.03322854746531689
46 72 0.025939705659163814
47 62 0.321735086640504
50 75 0.4850499409331609
50 66 0.34159032257091904
50 74 0.021467483520467123
50 73 0.6693240434284214
52 64 0.5674315379893727
53 71 0.1489849818948169
54 64 0.42947820982415386
54 69 0.08985610147852385
55 77 0.3719742543965284
55 75 0.23067898793819386
56 63 0.1886498051660629
56 65 0.9984187574321709
57 60 0.9981873469928819
57 64 0.12017933775326017
58 76 0.6139509832663502
58 72 0.08773047068717343
62 68 0.9100885191862044
63 64 0.051718611934795544
64 76 0.2902945478262342
66 71 0.22747880619760585
68 72 0.8115232861475574
69 70 0.47082482676420156
69 79 0.37291464962609344
70 77 0.5354074153198762
70 74 0.28809557378213535
70 73 0.8017386765259835
75 78 0.881847903685046
