80 160 num_nodes_edgedegree2 80
0 49 0.24714410018386757
0 4 0.35146254230091634
0 67 0.695156518794137
0 9 0.6428523515368262
1 24 0.11797042003800595
2 5 0.4575916290972216
2 71 0.22049057177641218
2 12 0.2696890607501311
2 74 0.3391293905425715
2 46 0.3190974357252815
2 39 0.6436203242194595
2 25 0.5112601790638137
3 46 0.3842936662211528
3 22 0.9892698085303497
3 31 0.3783060485008958
3 8 0.7606319188106648
3 39 0.6401614826212859
3 13 0.5975113226466998
3 66 0.05136952637842296
3 36 0.23895211213672196
3 79 0.07095842939191821
4 74 0.4862784746758826
4 34 0.14063257365414983
4 54 0.3586306788974932
4 32 0.5095108282136322
4 65 0.8451781503550213
4 19 0.8351983575072662
4 11 0.9659315623024609
5 75 0.5792111588772009
5 77 0.08488894541897951
5 60 0.15816006448121367
6 73 0.8499339459079963
6 75 0.01724970773044543
7 11 0.9939107759810917
7 13 0.2306935325374908
7 26 0.8389993302939021
7 46 0.22532925110886615
7 17 0.3862531139846488
7 57 0.4514812101888138
8 53 0.40205100133804383
9 43 0.06386553654513705
9 56 0.10198491312089264
9 28 0.880728398411967
9 12 0.9470450071138049
10 46 0.8118087024263888
10 14 0.2551559053936282
10 32 0.9914517865329125
10 78 0.11445477722127184
10 54 0.4141254504428159
11 40 0.1977219175361732
11 65 0.6893531752030261
12 21 0.2689327245545453
12 61 0.5111257466868491
12 52 0.19671034526918718
13 29 0.5225238177890251
13 30 0.31477495696692304
13 27 0.2973182528633038
13 39 0.7505922102073902
14 36 0.7980006782337318
14 20 0.34225204039872614
14 73 0.22129967598465983
15 66 0.9143443827418563
15 32 0.021906615137824104
16 20 0.7720165435586368
16 57 0.7971331846626789
16 37 0.6623138612668849
17 65 0.14050895250536743
17 66 0.1747763351990138
17 59 0.8995493473305776
18 43 0.9533278552937541
18 47 0.46299481549944643
18 69 0.8984516638437288
19 31 0.7096383972098127
19 79 0.4009538195533574
20 55 0.3392308626681142
20 57 0.01065539218152367
20 29 0.9272679086933321
21 39 0.733512135805528
21 67 0.8017860627824198
21 41 0.6080352652033721
22 71 0.8516647309906434
22 41 0.6684237367252632
22 46 0.5933557732657171
22 45 0.2009192194618421
23 57 0.8154365958900232
23 66 0.010415490566727303
23 29 0.2083838337499977
23 74 0.2619364127963215
24 62 0.5761064943118077
26 39 0.2225790196891082
26 55 0.36880181033288284
26 59 0.823507234633949
27 77 0.8950462799626527
27 48 0.5230406132340496
28 62 0.08047434376840201
28 60 0.8187830040205966
29 30 0.6823680040614126
29 58 0.1905224618733723
29 31 0.2836822305976856
29 75 0.3215288285337714
31 67 0.04684975248325518
31 34 0.6736124046174446
32 77 0.02884892237416281
32 47 0.5147260124604142
32 46 0.26837467171143115
33 51 0.330728439192964
33 70 0.793085481505147
34 78 0.4470514488670264
34 75 0.12680610675505466
34 61 0.8476376651981264
35 62 0.2805689935421094
35 54 0.5513021417516709
37 47 0.13281534562142094
37 63 0.9026491224678987
37 50 0.41627824654398715
38 64 0.5360144488690913
39 61 0.7446148913844348
39 68 0.3637379280273385
39 47 0.9441438163328247
40 59 0.5003087591017575
41 65 0.9898658133000373
42 50 0.6503246021264716
43 62 0.1927495487156945
44 72 0.8214213778853231
44 78 0.5984910393181742
44 50 0.3624074833099893
45 46 0.4660292566494093
45 65 0.6212679352797233
45 58 0.836786692928471
46 65 0.9814266847098289
46 75 0.9988789809169822
46 79 0.557348344240777
46 78 0.13630059522069882
47 69 0.819331970774225
47 50 0.06302332517739784
48 54 0.44265576984640953
49 52 0.9113913372875277
50 65 0.24655704098322762
50 62 0.757864361399749
51 59 0.7263757249828076
52 75 0.4909154517033698
52 62 0.5177159520476754
53 67 0.320820079015554
53 77 0.392708989212076
53 62 0.772462050422756
54 65 0.48100926196877336
56 64 0.7716287997205246
57 70 0.5492879543691549
58 59 0.7728257620854534
58 71 0.6271823086397623
61 67 0.9837275745422758
62 65 0.7148488453819477
62 76 0.0704896919960819
63 64 0.9479065299999404
64 78 0.29521414035154325
65 71 0.6249886395024149
66 71 0.1792835654707079
66 74 0.6273381437378206
73 74 0.0027639665919058087
75 78 0.6297859027802625
