80 160 num_nodes_edgedegree2 80
0 9 0.001311141216085332
0 61 0.5279473786552311
0 62 0.2059492473758624
0 41 0.9923898728521319
1 60 0.8590181531422134
1 8 0.8615286213782436
1 43 0.25308966007164435
1 61 0.15123626028667536
2 37 0.23948311094145913
2 40 0.4580755569666637
2 75 0.5635665884758325
2 7 0.08830430863342087
2 30 0.6466047656229591
3 34 0.7417673755257972
3 35 0.4009259860960239
3 13 0.8359379552933518
4 17 0.7043647638998181
4 39 0.21773954139635165
4 68 0.9505577997148873
4 67 0.944417425285624
4 52 0.39576608578480954
4 28 0.3758903763352833
4 65 0.1570407630158842
4 61 0.6020020702097426
5 38 0.9633458542237692
5 15 0.043406015707392887
5 48 0.5372899226950595
5 43 0.7387703078304566
5 31 0.7051316944885181
6 73 0.39283668321199394
6 52 0.08055262085329673
6 34 0.18333967015331942
6 60 0.01227821704583465
6 8 0.3072545686909849
7 42 0.5960994562943344
7 61 0.22123443867691495
7 16 0.35460046911851895
8 77 0.22756913006386126
8 61 0.041618705943998524
8 44 0.9980891034494863
8 75 0.8120355169114517
9 40 0.3980671092153164
10 43 0.941871990195784
10 79 0.02190868153830794
11 61 0.28235635133458326
11 65 0.3680118745396155
12 46 0.15410402496631836
12 13 0.7207306691417762
13 27 0.8604291465776254
13 76 0.36418144398205954
13 79 0.15757198944008433
14 78 0.4657938037293333
15 36 0.7362943561343334
15 28 0.2959400577968293
15 21 0.19560915511028587
15 25 0.03922779467543713
15 68 0.9840243025180452
16 69 0.8001942219330765
16 72 0.28390826187139984
16 53 0.5853803865630449
16 43 0.4390586264581783
16 35 0.12737431840570135
17 56 0.07036259660241417
17 48 0.8101642615072904
17 75 0.07058084811028342
19 50 0.004277876645285228
19 29 0.6576097203593401
19 52 0.4399812511877854
19 33 0.7066987599938839
19 25 0.27677376379045127
20 75 0.7590119561910964
20 77 0.10093767278625077
20 40 0.7254955917812348
21 56 0.7518360865874861
21 30 0.7991967824773013
22 40 0.2937171634948522
23 46 0.27469834941382876
23 55 0.6137207812826352
23 73 0.5504701555203484
24 29 0.6790176492691006
24 40 0.9233953612328486
24 33 0.48030205469710985
25 52 0.5520549304664588
25 55 0.22142358786303307
27 63 0.07413982244686246
27 72 0.7606444829413355
28 34 0.43997057343417967
28 42 0.5009637087562058
28 45 0.7108757250908031
29 43 0.16920025521074722
30 75 0.5057960283308018
30 64 0.17415923876944572
30 55 0.5396613576305848
30 41 0.8569672150675697
31 34 0.6425982447851764
32 47 0.3936466619900115
32 69 0.42063227601982234
33 70 0.6957725905684969
33 55 0.11526009152031258
33 66 0.6633180641718547
33 76 0.5162009582224643
34 73 0.9954573388698137
34 64 0.35405764234879833
34 57 0.20204968910348886
34 59 0.39921374311534175
35 70 0.32257548698730976
35 62 0.9184779538125465
35 43 0.3189765552458266
36 69 0.5276931875303222
37 78 0.8333983966521669
37 66 0.3693608640215126
37 53 0.35703588029315125
38 53 0.157065671723979
38 55 0.6357543924582395
38 70 0.4226273473371205
38 58 0.6787732039434048
38 48 0.3202436868188112
38 64 0.2739285426678776
38 46 0.622679134669625
39 64 0.5566608294369242
40 46 0.8244298280814323
40 47 0.6818250389870985
41 69 0.941611650250584
41 76 0.27471211422393127
42 75 0.3340010378929178
44 73 0.9723538341563217
44 75 0.948168532605524
44 53 0.5013217206754362
44 49 0.6177494183781175
45 59 0.9411268612904254
45 77 0.6328229437904973
47 77 0.7319123610170273
48 58 0.5456477615987514
48 78 0.5541591948014472
49 66 0.15149259511860602
49 54 0.9066709956254015
49 64 0.6680518943190871
49 75 0.8757562043804821
50 73 0.5574126155029016
51 73 0.6549850814809826
52 74 0.7771998781262672
52 72 0.7627308365072951
53 54 0.946171090210404
53 74 0.9457813503216439
54 66 0.32001755730578607
55 71 0.7908788799306793
58 66 0.5629210839563878
60 74 0.14193536922294392
60 69 0.9576054084858442
60 70 0.3970945221307174
60 76 0.1511354794900478
62 64 0.35173459031509013
65 79 0.08960168093681598
67 68 0.929332119969925
67 79 0.45831649481133196
68 74 0.18031228150902723
71 76 0.1493794813226652
72 73 0.575519179767859
75 76 0.2631672120930715
77 78 0.7022496443589645
