80 160 num_nodes_edgedegree2 80
0 38 0.44372374679915305
0 27 0.6008836218140989
0 69 0.6968665866453414
0 21 0.6368819911416207
0 6 0.16998177397023595
1 73 0.4500501035839116
1 78 0.610790905482148
1 66 0.3055574516820395
2 51 0.5636971409231321
2 41 0.3523269491027545
3 33 0.3431209848397946
3 58 0.919010211856037
3 56 0.8362065530924402
4 41 0.6914665361545206
4 62 0.14184237276174927
4 10 0.3967084375771861
5 33 0.0996570303448262
5 10 0.6016516177138936
5 45 0.3727205133637199
5 46 0.9286320153430552
5 77 0.0010145904872532752
5 63 0.6384950822877035
5 50 0.515699601326274
5 17 0.6155170505861806
6 40 0.7123701716422401
6 25 0.456865689271585
7 28 0.197165737466939
7 29 0.973518082170343
7 21 0.3970311850437126
7 34 0.09758325809037305
8 11 0.411374936351511
8 52 0.41454056491643476
8 25 0.18895053591222066
9 37 0.5489670839293925
9 63 0.45004403129713333
9 10 0.4955137724548513
9 14 0.43279428086092453
9 66 0.6756821603957724
10 36 0.4259209966987306
10 46 0.34470340906752583
11 77 0.5640480779907551
11 70 0.24867798788501116
11 49 0.8680114325783596
12 41 0.4841445077005164
12 56 0.8759715056600169
12 51 0.5489712850881664
13 50 0.6276036549727497
13 22 0.24603710353305785
14 26 0.18005006998531914
14 72 0.2515731633554491
14 32 0.07794358401718182
14 76 0.7885592397973445
14 69 0.523249546145687
15 42 0.5875297106788404
15 67 0.2574348250120361
15 54 0.7074601054536251
15 39 0.9155395540751512
16 79 0.8502612596637704
17 32 0.1630007707171648
18 25 0.5698581026341621
18 41 0.5443379206320705
18 32 0.014027547989817535
19 61 0.3271980784895604
19 41 0.14603065794771586
19 76 0.7213231075082102
19 22 0.4375784406457025
20 57 0.78800852856735
20 42 0.29354814211263347
20 27 0.22500754964833158
20 77 0.10160698062911655
20 47 0.018931954647540272
21 39 0.2179042490645534
21 58 0.8024963453365129
21 73 0.9583849054022008
21 59 0.6089862638702958
21 71 0.8241753716650752
22 31 0.19752664262719355
22 37 0.15502773913320167
23 35 0.444475789219004
23 29 0.8157611177542321
24 34 0.7016628001763271
24 52 0.08573101119336013
24 79 0.8271146051946692
24 63 0.3046125174243929
24 35 0.024950055437963248
25 56 0.4604313789995409
25 71 0.9894927805181373
25 61 0.865316811398309
25 30 0.6145439365063289
26 54 0.10383184202011586
26 29 0.35435668075369775
26 55 0.9200554611217368
26 48 0.673252562230309
27 33 0.8928413823146301
27 54 0.8148567465793335
27 34 0.9226765688806917
28 53 0.3091366034416728
28 70 0.6614475761054732
29 39 0.14198963914373208
29 62 0.6716028575584424
30 38 0.12743454620300676
30 78 0.6543323548353982
31 64 0.9149932353684558
31 74 0.8106379219298698
31 56 0.6884144770798011
31 67 0.4554283320977006
31 52 0.03935932659472252
32 77 0.6495091725750155
33 53 0.26856508263641266
33 43 0.9808911909381152
35 46 0.5911788535609149
35 60 0.7531299575107714
35 59 0.8484338425006267
35 74 0.46458944241871536
36 55 0.9769707542763506
36 41 0.0865158055421219
37 70 0.355901184518597
37 47 0.8472872952926285
37 73 0.617741829486201
37 56 0.18903892958213064
37 52 0.12464635156129722
37 43 0.24022215485734744
37 45 0.09070464000922085
38 44 0.1921879635647783
38 61 0.09431835922952014
39 65 0.4213554595753324
39 49 0.3519961320298083
39 72 0.5541051107319489
40 60 0.5702870899000212
40 78 0.16636124633719007
41 75 0.04295324879943996
41 63 0.26807420568895823
42 71 0.43401844092034125
43 49 0.47247726978837035
43 60 0.8638237546448351
43 50 0.3492880313240707
45 55 0.6800653138330942
46 79 0.63977477100065
48 76 0.09515975063804571
48 50 0.7549025895725515
49 51 0.21576645028646824
50 56 0.12800177073383934
51 72 0.9959147605285124
52 79 0.33134445785104394
52 56 0.6659054616852136
53 67 0.9715259366333732
53 56 0.8780497451038624
54 76 0.23508927402643454
55 65 0.956968690456484
56 64 0.6526845258844867
58 69 0.6257874776005415
59 69 0.9616661627608749
60 72 0.5251903016599634
60 67 0.08328160501511783
61 67 0.7868278119865185
62 69 0.8907253586307934
62 71 0.7728959790205747
62 76 0.5814909863740944
66 68 0.1496806357575715
78 79 0.7914675070598162
