80 160 num_nodes_edgedegree2 80
0 76 0.2497862629652482
0 47 0.8819164640685676
0 44 0.3365417529949932
1 27 0.6309078504837947
1 57 0.03516647093046965
1 74 0.5354673096791339
2 38 0.7890697210132632
2 32 0.9584559077551974
2 70 0.7865189364108385
2 40 0.3379911794747079
3 59 0.6308345608001109
3 34 0.6961469880910924
4 37 0.1768929234715254
4 30 0.4249551078117141
4 7 0.07292690976339189
4 39 0.11851638502545092
4 53 0.5124316713975109
4 47 0.6199824880786623
5 23 0.31585675783039213
5 60 0.9507784092981344
6 31 0.09793563729573651
6 20 0.04598704357009242
6 17 0.988357026940352
7 22 0.6722895738165783
7 53 0.2860985502091935
8 33 0.853368969410756
8 43 0.07895542881379947
8 46 0.715271896500882
9 20 0.4880262827531482
9 75 0.020652842490567647
10 19 0.2536223123364777
10 76 0.49577465165838785
10 53 0.6620826653434645
11 55 0.5035927094709061
11 69 0.42776054161948474
11 62 0.9115831215874716
11 77 0.11265506224087607
12 38 0.2289727123884352
13 69 0.7127760905034578
13 59 0.2820070599939103
13 52 0.11683069968720972
13 48 0.055822042568570374
14 20 0.7307488685739295
14 18 0.43143501138192275
14 40 0.9824174344797315
14 70 0.49435482808490905
15 31 0.8362005856485462
16 26 0.9517804970022399
16 72 0.07844241067217306
16 45 0.17094467678505265
17 79 0.12896592112952376
17 25 0.7005405283239088
18 21 0.767133868852726
18 46 0.1964343477664966
18 53 0.7760330859035176
18 37 0.9074232072512172
18 66 0.8913945894205336
18 20 0.7227124753416612
18 41 0.3587465545752292
19 47 0.6737951072358984
20 25 0.8233126255503768
20 76 0.49048839961375856
21 55 0.45545013039300064
21 66 0.06506683311787265
21 67 0.252811943070236
21 78 0.7538231332408747
21 28 0.5818423258108263
22 39 0.38425309043710865
22 63 0.9068864645967271
22 43 0.972578989069898
22 57 0.07036522049711924
23 49 0.9077517554969364
23 26 0.3539785026932901
23 40 0.5288968651786864
23 43 0.21796288328006197
23 79 0.5831474664208324
23 28 0.9423697745756806
23 61 0.14921031945420993
24 70 0.1333936054175453
25 69 0.7432555603141215
25 49 0.022676274411880915
25 79 0.517204193761026
25 46 0.3831535164188494
26 27 0.7244062200426147
26 43 0.9695198174133188
26 30 0.5614842247292003
28 63 0.8488803348912555
31 48 0.30474610362054655
31 73 0.3703122625620756
32 79 0.6860211225551924
32 67 0.33512940178955686
32 58 0.6180067071280907
32 41 0.8414041017725892
32 53 0.17146025795990094
33 37 0.5352488033839835
33 76 0.925558915062855
34 65 0.08137759433386449
35 52 0.6117105109401803
35 43 0.3133672853093673
35 37 0.9618463862055973
35 62 0.9822656101179356
35 59 0.9097934315488447
35 44 0.5881769690225787
36 64 0.007116088774838825
36 61 0.93496192166453
37 40 0.7570747486886221
37 69 0.9221574842468541
37 74 0.16689038138104062
37 61 0.8226608340231908
38 42 0.21084992947523595
38 53 0.2725500065063744
38 63 0.2699285719659116
39 45 0.0502096107597122
39 61 0.6930062242239113
39 40 0.9895564547811232
39 62 0.82034512886525
40 61 0.16064634163603764
41 72 0.22284007770167735
42 63 0.5626205899161616
42 46 0.23774935133429798
43 65 0.9344216514561628
44 59 0.8081614231808214
44 76 0.46696710616678205
44 45 0.7995511068549603
44 52 0.004154078945393436
44 51 0.8289518591821906
45 67 0.8508071784884129
45 51 0.9215922889889245
45 65 0.11459456201370433
45 75 0.6135666409630851
46 53 0.6514517722391714
46 71 0.42011960711467156
47 60 0.8862057512240311
47 75 0.11557155443885558
47 59 0.8290578731622955
48 74 0.0754871185489564
48 68 0.9060821102666269
48 78 0.7230625962446451
48 76 0.0651263328454571
48 72 0.7967146922018108
48 49 0.410158707603535
51 68 0.27761562832388464
51 60 0.08356353053279875
52 53 0.7531482076233236
54 55 0.7381789924937302
56 79 0.609908863688516
56 75 0.5117225686334019
58 79 0.496072165790857
58 62 0.08024640306299302
60 61 0.16454999673863513
60 70 0.20813771950233595
61 72 0.482206635339273
64 70 0.23144611606053989
65 78 0.3385200818612375
66 74 0.9909364865229802
68 72 0.4702893212419825
69 78 0.8605035629731083
70 79 0.6753820404787401
70 78 0.1749123761101503
75 77 0.6807731592000226
