30 60 Varying_K 11
0 28 0.6979858782752949
0 22 0.6658801111511962
0 10 0.44567485214946545
0 23 0.1221041667305458
0 29 0.5199499172609733
1 15 0.04890072873592488
2 24 0.09557871929934458
2 11 0.5662105649917043
3 8 0.9795296803867555
3 15 0.20514502936558732
3 28 0.8882545910715713
3 5 0.8857493709958688
3 23 0.23883707123286546
3 16 0.02605034762414915
4 18 0.8578986550009836
5 11 0.9635712097828325
5 24 0.7499503580126763
6 25 0.9500188721539395
6 13 0.33019165708911247
6 21 0.5997190104454584
7 18 0.9063991218894907
7 16 0.18290261424126497
7 11 0.5420038221081118
7 21 0.10951033277810285
7 24 0.8735796496386751
7 23 0.42425982766751746
8 14 0.18604411342303895
9 14 0.20160866931516075
9 27 0.8129217852590533
10 28 0.2767096465490141
12 20 0.8178489595481572
12 26 0.8558585294262023
12 21 0.7394186261564571
12 16 0.15455842192064762
12 25 0.589651001730112
13 19 0.7791514606811096
13 26 0.9727778900962207
13 16 0.6334678533062109
13 21 0.8605300358983698
14 15 0.5067048140047552
14 24 0.5780895899845104
14 21 0.6112907353684072
15 24 0.5392086563161769
15 17 0.9805244915330096
15 27 0.1767773134718692
16 29 0.19216715798957396
16 26 0.856343501945593
17 20 0.47719085916906
17 29 0.8903633862824822
17 28 0.21561098758352104
18 28 0.7910967627782602
18 27 0.9926090567543783
20 29 0.7437384484351834
20 23 0.9903735506493037
21 23 0.30673112234456446
22 23 0.16797845789778398
22 24 0.43898653177043356
23 25 0.1953631988853457
25 27 0.4538340971201853
26 29 0.6217862683997557
