30 60 Varying_K 11
0 27 0.5401438078168269
0 7 0.6681071467918926
1 2 0.545234352383135
1 19 0.2864730152895034
1 28 0.042650738196739924
2 11 0.7852900564927746
4 5 0.9599490976963979
5 26 0.31819558019784067
5 13 0.47962580371397545
5 17 0.008444723895320472
5 7 0.38749673830977116
5 10 0.8281869137835349
5 28 0.4809277190459639
5 14 0.3527960350844298
6 19 0.8218061322701529
7 16 0.5832241892161432
7 10 0.08965563933828002
8 9 0.3412394887106478
8 16 0.26376862169931337
8 15 0.7063804147040209
8 19 0.4977539174735083
9 15 0.3783822379210251
9 25 0.8586929799410944
10 29 0.8626284402570799
11 17 0.9532122759500922
11 14 0.7576209191826013
11 16 0.7651297712061585
11 25 0.6292521444248068
11 18 0.26399170609884726
11 27 0.5108015735281295
11 21 0.7078261614557497
12 20 0.875015961976851
12 29 0.13435175097787422
12 24 0.48841275476498636
13 28 0.6906263543521848
13 23 0.08462857766534493
13 18 0.9411823277693039
14 29 0.23847730042804327
14 25 0.5575052256489889
14 20 0.9214029045298867
14 28 0.7373809564009546
14 23 0.867433600141466
15 29 0.5672625540622269
15 21 0.2419898895052205
16 27 0.2694448495272611
16 28 0.006214379714636564
16 29 0.5371198037072903
16 17 0.5298104494363575
17 21 0.7455969817106709
17 29 0.38120523579954857
18 21 0.06137831261989579
18 23 0.4996866244404019
19 20 0.021907596721208678
21 27 0.9340992653408873
22 23 0.17711702251757566
22 26 0.997360447159323
23 25 0.4991616780621283
24 29 0.14637056355882705
25 26 0.9640198723377471
28 29 0.9900835935433279
