30 60 Varying_K 11
0 29 0.6661178924317563
0 21 0.3146602316255467
0 26 0.05547761197991563
1 18 0.7925428426391357
1 4 0.7106416675584291
2 19 0.030370571921049527
2 24 0.0974523763990015
2 3 0.5641934361963623
2 11 0.11514124908636625
2 25 0.5655363582861821
3 11 0.6224192087229578
3 18 0.24290758651453825
4 17 0.261257916963616
4 27 0.3005632459380352
4 28 0.22135071572289222
5 24 0.9762178359479725
5 22 0.9476231008658753
6 7 0.3266685823190154
6 15 0.7706825987197429
6 20 0.0062429687523697375
7 18 0.264821545454497
7 20 0.13820084275770106
8 17 0.8629891426149827
8 27 0.6809863930439659
8 21 0.6634920325450815
8 9 0.6784051585544563
9 24 0.04806981555862555
9 13 0.5022974941103792
10 28 0.8298449106105256
10 17 0.46919101413737263
11 29 0.3641050388004927
11 17 0.40959384400937093
12 20 0.4460156226506701
12 23 0.9346092629682985
12 28 0.4686391592212753
12 18 0.15315208876859066
13 29 0.0064570063609775685
13 24 0.9310695802657916
13 18 0.1593542344349297
14 29 0.5276104087630177
15 19 0.34487831935779434
15 26 0.49597586782643655
15 22 0.8250435725833599
15 17 0.823945817567082
15 27 0.4953546111737832
15 20 0.5547235618545358
16 29 0.15526023026656188
16 26 0.8011967437704997
17 26 0.5401004968876402
18 20 0.000486856181404538
18 25 0.13377793568552487
18 28 0.5339454756126292
18 26 0.11204937358436873
19 21 0.3623051238214088
20 27 0.24515482764417507
20 22 0.8974605795851437
21 29 0.24428908835743002
22 25 0.5869863944647458
22 27 0.25081168585101277
23 29 0.2102249544264304
