30 60 Varying_K 11
0 2 0.2521835248375186
0 29 0.9522397905872904
1 7 0.5720665295602021
1 25 0.17967422361026875
1 2 0.8006513154656119
1 26 0.6383109410383642
2 4 0.9127457674242327
2 11 0.9038355732205952
2 8 0.6509062923268621
2 13 0.5448880198680708
3 23 0.2416464608942257
3 26 0.8874422030795579
3 10 0.5928613134491455
4 10 0.9206979094969756
5 24 0.9559599871627809
5 6 0.4959340746760834
5 7 0.2225659862419107
5 14 0.2520863354673635
5 11 0.8144398086947691
6 8 0.0628526745622513
6 13 0.21880933946642522
6 21 0.547845318085823
6 29 0.8170853618513663
6 28 0.3454951187921338
7 9 0.6563577560886648
7 15 0.33140680467455585
7 22 0.41393408325488856
8 11 0.5392179750585695
8 25 0.0738732490824191
8 26 0.8631422470104637
8 16 0.10735087901356799
8 14 0.6535197949040056
8 24 0.09199345963575734
9 29 0.6812905723325536
9 26 0.90870565160241
9 18 0.1765474767266687
9 27 0.06848034308067252
9 13 0.05082624510237965
10 21 0.6513677328460594
10 18 0.6075258994238143
12 15 0.28344747477470256
12 17 0.3746827520520333
12 16 0.3249183526830639
13 19 0.8362739621757417
13 23 0.2176391133183364
14 20 0.33040931304238097
15 22 0.3690822515694274
16 17 0.500791945091819
16 24 0.35430968248774986
17 27 0.6645685888463998
17 20 0.014136271264152733
18 19 0.676205715971152
19 27 0.25756324310053835
20 26 0.5951890749074804
20 27 0.9702886264042045
22 28 0.029680129102029773
23 27 0.559189822879607
24 25 0.06670149284300286
26 29 0.1857372137661274
27 28 0.31306459382654805
