30 60 Varying_K 11
0 16 0.22323570560859163
0 23 0.17014841315797546
0 27 0.14670149122134024
0 6 0.09765748099514127
0 9 0.9174770903671857
0 19 0.9641821026532248
0 12 0.2182665758891319
0 26 0.38189507538488865
1 20 0.9021421970825406
1 8 0.5000830913022445
1 14 0.8761642159819002
2 25 0.067421887503341
2 10 0.17983380892758538
3 11 0.7299245884202468
3 17 0.11401840178609757
3 24 0.27102687082742116
4 19 0.5471528171447051
4 8 0.27576119862699233
5 28 0.4068892806138462
5 8 0.8761770193564503
5 24 0.34101518664930985
5 27 0.6479173867243324
5 9 0.7751744619188483
5 6 0.6392122434807378
5 29 0.5181036562968439
5 10 0.23351286606407873
5 22 0.5122309256046518
6 13 0.7830712880549776
6 24 0.19553014848452455
6 10 0.7332844134726504
6 22 0.06982941783599461
6 19 0.9632044316830465
7 24 0.2645922995081528
7 12 0.8778826490757781
7 18 0.5762096131182656
7 29 0.4944044904582652
8 19 0.4547722913545964
9 26 0.3285592332009216
9 11 0.43229711931595627
11 23 0.15657618363466208
11 13 0.04409080011712574
11 27 0.7356155808216519
11 16 0.6388806288495812
11 28 0.01465285498470481
12 24 0.03703592812747036
12 28 0.01517599399356584
12 18 0.8168871676115244
14 26 0.8753132922941685
14 19 0.8546710053930875
15 27 0.18944840036897126
15 22 0.37680839793583165
17 28 0.3385638954490159
17 25 0.3372343877682842
18 19 0.47296070210339625
20 29 0.1534464091802027
20 21 0.5666430742982885
21 22 0.3938045084243118
22 25 0.3560823747055464
23 26 0.7672982576307765
27 29 0.5181018472440952
