Varying_K
Varying_K
1.000000 0.168325
1.000000 0.357175
1.000000 3.399258
1.000000 15.381797
1.000000 61.286143
2.000000 6.999774
2.000000 13.583421
2.000000 3.199448
2.000000 29.787212
2.000000 21.012321
3.000000 5.655824
3.000000 37.757973
3.000000 1.589613
3.000000 1394.781934
3.000000 39.014219
5.000000 7.503311
5.000000 21.093727
5.000000 1.866919
5.000000 2426.911424
5.000000 43.666409
10.000000 469.238008
10.000000 644.112235
10.000000 7.502740
10.000000 3253.548923
10.000000 47.023716
20.000000 96.634405
20.000000 345.431195
20.000000 91.271889
20.000000 12359.208470
20.000000 25.892715
40.000000 15.455848
40.000000 520.645630
40.000000 11.539551
40.000000 42.087343
40.000000 17.618198
60.000000 14.289394
60.000000 1242.670846
60.000000 61.432808
60.000000 18.614211
60.000000 148.369995
80.000000 21.019804
80.000000 64382.766735
80.000000 30.402498
80.000000 11.438241
80.000000 3565.968672
100.000000 18.390925
100.000000 61657.503024
100.000000 114.079660
100.000000 19.161765
100.000000 3176.177376
