Varying_K
Varying_K
11.000000 0.398000
11.000000 0.883000
11.000000 24.825000
11.000000 184.951000
11.000000 2.878000
11.000000 0.778000
11.000000 2.102000
11.000000 1.164000
11.000000 1.162000
11.000000 8.317000
11.000000 6.775000
11.000000 4.390000
11.000000 0.942000
11.000000 1.559000
11.000000 0.913000
11.000000 0.385000
11.000000 2.531000
11.000000 7.203000
11.000000 0.860000
11.000000 2.372000
11.000000 0.436000
11.000000 0.929000
11.000000 46.348000
11.000000 2.279000
11.000000 2.557000
11.000000 0.487000
11.000000 3.331000
11.000000 1.147000
11.000000 1.829000
11.000000 1.561000
11.000000 0.909000
11.000000 2.959000
11.000000 0.724000
11.000000 1.589000
11.000000 3.011000
11.000000 0.542000
11.000000 18.540000
11.000000 1.688000
11.000000 1.442000
11.000000 7.051000
11.000000 0.374000
11.000000 9.424000
11.000000 6.692000
11.000000 0.960000
11.000000 4.675000
11.000000 0.361000
11.000000 20.554000
11.000000 2.331000
11.000000 4.587000
11.000000 3.116000
