Varying_K
Varying_K
1.000000 0.200045
1.000000 0.103761
1.000000 16.804394
1.000000 10.551910
1.000000 0.671948
2.000000 0.235274
2.000000 17.038920
2.000000 0.159588
2.000000 12.933025
2.000000 20.775445
3.000000 15.192224
3.000000 17.066705
3.000000 22.422945
3.000000 0.287274
3.000000 20.748269
5.000000 0.876195
5.000000 0.834091
5.000000 1.025148
5.000000 26.386137
5.000000 0.181065
10.000000 1.395727
10.000000 1.228201
10.000000 1.600797
10.000000 35.111291
10.000000 34.205991
20.000000 57.457768
20.000000 3.476963
20.000000 55.792240
20.000000 2.919905
20.000000 50.903166
40.000000 6.040275
40.000000 106.048355
40.000000 108.315265
40.000000 109.002815
40.000000 102.838373
60.000000 169.439629
60.000000 151.886067
60.000000 173.968244
60.000000 102.788387
60.000000 160.295275
80.000000 221.060620
80.000000 206.083911
80.000000 239.213418
80.000000 223.826678
80.000000 222.288516
100.000000 265.130357
100.000000 260.617588
100.000000 189.273234
100.000000 63.507721
100.000000 293.742757
