Varying_K
Varying_K
1.000000 0.477467
1.000000 10.170367
1.000000 0.130401
1.000000 0.184429
1.000000 0.501669
2.000000 0.160999
2.000000 11.119819
2.000000 0.182527
2.000000 0.721960
2.000000 0.140278
3.000000 0.662680
3.000000 0.774363
3.000000 0.742205
3.000000 0.769179
3.000000 0.676484
5.000000 0.916305
5.000000 3.659824
5.000000 1.481337
5.000000 1.038492
5.000000 1.013158
10.000000 1.627818
10.000000 31.840244
10.000000 32.311405
10.000000 1.548933
10.000000 2.934133
20.000000 52.353142
20.000000 13.424972
20.000000 67.225908
20.000000 60.785106
20.000000 4.712942
40.000000 11.113740
40.000000 128.485287
40.000000 29.484358
40.000000 106.612972
40.000000 102.118885
60.000000 12.799152
60.000000 68.272577
60.000000 52.914744
60.000000 162.808906
60.000000 217.451691
80.000000 290.144696
80.000000 570.821385
80.000000 220.095618
80.000000 208.252138
80.000000 143.199389
100.000000 271.306623
100.000000 250.431081
100.000000 264.720589
100.000000 266.068340
100.000000 350.917356
