Varying_K
Varying_K
1.000000 0.067365
1.000000 0.084267
1.000000 0.248830
1.000000 0.101374
1.000000 0.351308
2.000000 0.137230
2.000000 0.162313
2.000000 0.262230
2.000000 0.102451
2.000000 0.349854
3.000000 0.157607
3.000000 0.165241
3.000000 0.254751
3.000000 0.103057
3.000000 0.353476
5.000000 0.160275
5.000000 0.160535
5.000000 0.239219
5.000000 0.102234
5.000000 0.396236
10.000000 0.688235
10.000000 0.332459
10.000000 0.259358
10.000000 0.526464
10.000000 0.401086
20.000000 2.898676
20.000000 0.473887
20.000000 0.706799
20.000000 0.429039
20.000000 1.314260
40.000000 2.755394
40.000000 1.015064
40.000000 3.153635
40.000000 11.823022
40.000000 41.020290
60.000000 12.511189
60.000000 3.193725
60.000000 12.323590
60.000000 8.693246
60.000000 32.988373
80.000000 15.625275
80.000000 2.824315
80.000000 13.171555
80.000000 9.146871
80.000000 719.800626
100.000000 297.581267
100.000000 34.240343
100.000000 12.570232
100.000000 133.773630
100.000000 1058.947675
