30 84 edge_degree 2.8
0 28 0.7
0 22 0.1
0 10 0.9
0 23 0.9
0 29 0.9
0 15 0.5
0 7 0.5
0 12 0.7
1 15 0.1
1 9 0.7
2 24 0.5
2 11 0.7
3 8 0.1
3 15 0.9
3 28 0.5
3 5 0.5
3 23 0.9
3 16 0.1
4 18 0.3
4 25 0.9
5 11 0.1
5 24 0.5
5 20 0.3
5 16 0.7
6 25 0.9
6 13 0.3
6 21 0.7
6 24 0.1
6 17 0.5
7 18 0.7
7 16 0.3
7 11 0.1
7 21 0.1
7 24 0.3
7 23 0.5
7 12 0.7
8 14 0.9
8 29 0.5
9 14 0.7
9 27 0.5
10 28 0.5
11 12 0.9
11 16 0.5
11 14 0.9
12 20 0.5
12 26 0.3
12 21 0.7
12 16 0.3
12 25 0.7
12 18 0.5
13 19 0.9
13 26 0.3
13 16 0.3
13 21 0.5
14 15 0.9
14 24 0.5
14 21 0.3
15 24 0.9
15 17 0.9
15 27 0.5
15 23 0.1
16 29 0.1
16 26 0.3
16 23 0.1
16 24 0.7
17 20 0.9
17 29 0.3
17 28 0.9
17 27 0.1
17 21 0.9
18 28 0.1
18 27 0.7
18 19 0.5
19 23 0.1
20 29 0.9
20 23 0.3
21 23 0.5
22 23 0.1
22 24 0.5
22 27 0.1
23 25 0.1
25 27 0.3
26 29 0.3
26 28 0.9
