80 400 edge_degree 5.0
0 49 0.5
0 4 0.9
0 67 0.3
0 9 0.7
0 44 0.9
0 59 0.9
0 66 0.1
0 16 0.3
1 24 0.9
1 40 0.3
1 17 0.3
1 19 0.1
1 55 0.1
1 58 0.5
1 3 0.7
2 5 0.9
2 71 0.3
2 12 0.9
2 74 0.5
2 46 0.7
2 39 0.1
2 25 0.7
2 27 0.9
2 60 0.3
3 46 0.9
3 22 0.5
3 31 0.3
3 8 0.5
3 39 0.7
3 13 0.3
3 66 0.1
3 36 0.9
3 79 0.3
3 56 0.5
3 10 0.1
3 17 0.3
3 77 0.5
3 33 0.1
4 74 0.7
4 34 0.3
4 54 0.9
4 32 0.5
4 65 0.3
4 19 0.7
4 11 0.9
4 46 0.3
4 40 0.5
4 53 0.5
5 75 0.3
5 77 0.3
5 60 0.1
5 39 0.3
5 43 0.1
5 57 0.9
5 17 0.3
6 73 0.1
6 75 0.5
6 65 0.9
6 20 0.1
6 50 0.7
6 59 0.5
6 7 0.5
6 78 0.3
6 28 0.7
7 11 0.5
7 13 0.1
7 26 0.9
7 46 0.5
7 17 0.5
7 57 0.7
7 14 0.5
7 18 0.3
7 40 0.1
7 33 0.7
8 53 0.7
8 75 0.3
8 22 0.3
8 61 0.7
8 52 0.1
8 48 0.7
9 43 0.7
9 56 0.9
9 28 0.1
9 12 0.7
9 26 0.1
9 38 0.1
9 42 0.1
9 79 0.5
9 45 0.3
9 22 0.3
9 21 0.9
9 53 0.7
10 46 0.3
10 14 0.9
10 32 0.9
10 78 0.7
10 54 0.3
10 42 0.9
10 35 0.3
11 40 0.1
11 65 0.3
11 66 0.1
11 64 0.1
11 61 0.7
11 43 0.1
11 76 0.7
11 23 0.7
12 21 0.7
12 61 0.5
12 52 0.1
12 54 0.1
12 49 0.9
12 20 0.5
12 63 0.7
12 71 0.3
12 60 0.3
12 38 0.7
13 29 0.3
13 30 0.1
13 27 0.7
13 39 0.5
13 57 0.5
13 32 0.5
13 31 0.3
13 65 0.9
13 70 0.9
13 25 0.1
14 36 0.7
14 20 0.5
14 73 0.5
14 48 0.7
14 69 0.1
15 66 0.1
15 32 0.1
15 64 0.1
15 34 0.1
16 20 0.7
16 57 0.9
16 37 0.5
16 48 0.1
16 34 0.5
16 75 0.5
16 50 0.1
16 55 0.7
16 39 0.9
16 73 0.5
17 65 0.5
17 66 0.9
17 59 0.1
17 32 0.7
17 63 0.9
17 71 0.5
17 30 0.3
17 53 0.3
17 69 0.9
17 31 0.5
18 43 0.7
18 47 0.9
18 69 0.7
18 59 0.3
18 26 0.9
18 53 0.1
18 54 0.7
18 76 0.7
19 31 0.9
19 79 0.1
19 69 0.9
19 67 0.5
19 46 0.1
19 26 0.7
19 27 0.3
19 30 0.7
20 55 0.9
20 57 0.9
20 29 0.7
20 59 0.3
20 64 0.7
20 26 0.1
20 77 0.5
21 39 0.5
21 67 0.7
21 41 0.5
21 32 0.5
21 63 0.3
21 44 0.1
21 52 0.5
21 57 0.1
22 71 0.1
22 41 0.7
22 46 0.9
22 45 0.9
22 67 0.7
22 59 0.9
22 51 0.9
22 33 0.7
22 48 0.5
23 57 0.7
23 66 0.7
23 29 0.5
23 74 0.5
23 50 0.9
23 45 0.5
23 40 0.5
24 62 0.3
24 79 0.1
24 74 0.1
24 47 0.9
24 31 0.9
24 27 0.7
24 78 0.1
24 56 0.3
25 71 0.1
25 40 0.3
25 69 0.9
25 38 0.9
25 70 0.7
25 67 0.9
25 29 0.1
26 39 0.3
26 55 0.1
26 59 0.7
26 65 0.3
26 68 0.3
27 77 0.5
27 48 0.3
27 51 0.7
27 49 0.1
27 46 0.1
27 56 0.3
27 59 0.7
27 71 0.3
28 62 0.5
28 60 0.5
28 68 0.7
28 44 0.9
29 30 0.9
29 58 0.1
29 31 0.9
29 75 0.9
29 49 0.3
29 71 0.9
29 34 0.5
29 50 0.3
29 35 0.5
30 51 0.3
30 60 0.7
30 76 0.1
30 78 0.7
30 52 0.7
31 67 0.1
31 34 0.3
31 65 0.1
32 77 0.9
32 47 0.3
32 46 0.3
32 51 0.1
32 61 0.9
32 42 0.5
32 78 0.7
32 68 0.7
33 51 0.9
33 70 0.7
33 40 0.5
33 68 0.1
34 78 0.1
34 75 0.1
34 61 0.9
34 58 0.9
34 41 0.1
34 36 0.9
35 62 0.1
35 54 0.9
35 61 0.5
35 75 0.1
35 66 0.1
35 76 0.3
35 41 0.5
36 71 0.3
36 60 0.3
36 74 0.5
37 47 0.1
37 63 0.3
37 50 0.3
37 59 0.9
37 56 0.9
37 68 0.3
38 64 0.3
38 42 0.5
38 40 0.7
38 58 0.9
38 72 0.9
39 61 0.1
39 68 0.3
39 47 0.7
39 50 0.5
39 43 0.1
40 59 0.7
40 45 0.7
40 79 0.9
41 65 0.9
41 51 0.7
41 69 0.9
41 66 0.1
42 50 0.5
42 56 0.1
42 66 0.5
42 62 0.9
42 53 0.1
42 79 0.7
43 62 0.1
43 51 0.3
43 78 0.3
43 67 0.9
43 79 0.5
43 55 0.3
43 56 0.7
44 72 0.3
44 78 0.5
44 50 0.1
44 58 0.1
45 46 0.5
45 65 0.1
45 58 0.3
45 73 0.7
45 56 0.3
46 65 0.1
46 75 0.5
46 79 0.7
46 78 0.5
46 70 0.5
46 58 0.9
47 69 0.1
47 50 0.9
47 78 0.9
47 62 0.1
47 77 0.5
48 54 0.3
48 51 0.9
48 63 0.1
48 68 0.1
48 70 0.7
49 52 0.3
49 76 0.3
49 69 0.9
49 67 0.1
49 60 0.5
50 65 0.3
50 62 0.9
50 76 0.1
50 61 0.7
50 67 0.9
50 74 0.3
50 75 0.7
51 59 0.9
51 58 0.9
52 75 0.7
52 62 0.5
52 60 0.1
53 67 0.9
53 77 0.3
53 62 0.5
54 65 0.7
55 78 0.9
55 56 0.5
56 64 0.7
56 72 0.3
57 70 0.3
57 75 0.7
58 59 0.3
58 71 0.5
58 64 0.1
59 67 0.9
60 62 0.3
60 69 0.1
60 74 0.3
60 73 0.5
61 67 0.9
61 68 0.3
61 63 0.1
62 65 0.3
62 76 0.1
62 78 0.5
62 68 0.5
62 67 0.5
63 64 0.5
63 68 0.5
64 78 0.5
64 74 0.3
64 69 0.9
65 71 0.3
65 72 0.7
65 75 0.5
66 71 0.5
66 74 0.5
66 72 0.3
69 79 0.3
72 77 0.3
73 74 0.1
73 78 0.5
75 78 0.9
