80 400 edge_degree 5.0
0 9 0.7
0 61 0.5
0 62 0.1
0 41 0.9
0 71 0.3
0 75 0.5
0 3 0.9
0 13 0.9
0 28 0.3
0 79 0.9
1 60 0.7
1 8 0.9
1 43 0.5
1 61 0.7
2 37 0.7
2 40 0.9
2 75 0.9
2 7 0.7
2 30 0.1
2 31 0.7
2 34 0.1
2 68 0.7
2 59 0.7
2 26 0.5
2 51 0.5
2 11 0.7
3 34 0.1
3 35 0.7
3 13 0.5
3 16 0.1
3 22 0.5
3 14 0.9
3 71 0.7
3 37 0.7
3 61 0.3
3 6 0.3
3 21 0.3
3 28 0.3
4 17 0.5
4 39 0.9
4 68 0.3
4 67 0.5
4 52 0.3
4 28 0.3
4 65 0.3
4 61 0.7
4 11 0.7
4 32 0.7
4 37 0.1
4 27 0.7
4 76 0.9
4 58 0.5
4 44 0.1
5 38 0.1
5 15 0.3
5 48 0.3
5 43 0.3
5 31 0.9
5 47 0.7
5 79 0.9
5 67 0.1
5 51 0.3
5 21 0.7
5 17 0.7
5 52 0.1
6 73 0.3
6 52 0.5
6 34 0.3
6 60 0.5
6 8 0.5
6 55 0.5
6 49 0.1
6 30 0.5
6 37 0.9
6 24 0.1
7 42 0.5
7 61 0.1
7 16 0.7
7 70 0.3
7 45 0.7
7 23 0.7
7 55 0.9
8 77 0.1
8 61 0.7
8 44 0.1
8 75 0.1
8 30 0.7
8 22 0.1
8 45 0.9
8 26 0.5
8 68 0.5
9 40 0.9
9 54 0.7
9 23 0.3
9 61 0.9
9 62 0.5
9 35 0.7
9 63 0.9
9 25 0.1
10 43 0.3
10 79 0.5
10 48 0.9
10 53 0.5
10 15 0.9
10 17 0.5
11 61 0.5
11 65 0.3
11 72 0.9
11 54 0.1
11 33 0.7
11 79 0.3
11 40 0.1
11 75 0.7
11 37 0.3
12 46 0.1
12 13 0.5
12 48 0.5
12 70 0.1
12 63 0.1
12 32 0.9
12 45 0.1
12 75 0.5
12 30 0.5
13 27 0.9
13 76 0.3
13 79 0.5
13 48 0.1
13 68 0.3
13 70 0.5
13 43 0.3
13 71 0.7
13 23 0.9
13 40 0.9
14 78 0.1
14 55 0.3
14 67 0.1
14 63 0.7
14 72 0.3
14 23 0.1
14 17 0.7
14 44 0.5
14 64 0.3
15 36 0.7
15 28 0.1
15 21 0.3
15 25 0.5
15 68 0.5
15 16 0.7
15 59 0.9
15 67 0.9
15 43 0.3
15 40 0.9
15 58 0.9
15 76 0.9
16 69 0.3
16 72 0.1
16 53 0.1
16 43 0.9
16 35 0.7
16 75 0.1
17 56 0.7
17 48 0.7
17 75 0.3
17 23 0.3
17 33 0.9
17 59 0.3
18 60 0.9
18 74 0.7
18 61 0.3
18 42 0.1
18 77 0.9
18 47 0.9
19 50 0.9
19 29 0.5
19 52 0.5
19 33 0.3
19 25 0.9
19 51 0.5
19 20 0.5
19 23 0.1
19 34 0.7
19 36 0.5
20 75 0.7
20 77 0.9
20 40 0.9
20 53 0.1
20 50 0.5
20 24 0.5
21 56 0.5
21 30 0.9
21 72 0.3
21 74 0.1
21 77 0.1
21 24 0.3
21 64 0.3
22 40 0.5
22 72 0.3
22 25 0.3
22 47 0.5
22 67 0.1
22 51 0.5
23 46 0.7
23 55 0.7
23 73 0.9
23 30 0.9
23 79 0.7
23 40 0.1
23 58 0.7
23 56 0.9
23 52 0.9
23 45 0.1
24 29 0.7
24 40 0.1
24 33 0.1
24 30 0.9
24 72 0.5
24 50 0.3
24 76 0.7
24 67 0.3
25 52 0.7
25 55 0.9
25 34 0.7
25 58 0.3
25 61 0.3
26 76 0.5
26 74 0.1
26 54 0.3
26 33 0.7
27 63 0.9
27 72 0.7
27 68 0.3
27 39 0.5
27 32 0.1
28 34 0.7
28 42 0.7
28 45 0.5
28 54 0.3
28 62 0.1
29 43 0.9
29 68 0.7
29 59 0.3
29 62 0.7
29 64 0.1
29 56 0.5
30 75 0.5
30 64 0.1
30 55 0.5
30 41 0.7
30 49 0.3
30 67 0.3
30 52 0.9
31 34 0.5
31 58 0.1
31 71 0.3
32 47 0.7
32 69 0.9
32 46 0.3
33 70 0.9
33 55 0.9
33 66 0.5
33 76 0.5
33 71 0.5
33 37 0.3
34 73 0.9
34 64 0.7
34 57 0.1
34 59 0.3
34 75 0.3
34 74 0.3
35 70 0.3
35 62 0.7
35 43 0.7
35 59 0.7
36 69 0.3
36 61 0.5
37 78 0.9
37 66 0.5
37 53 0.7
37 52 0.5
37 72 0.1
38 53 0.7
38 55 0.1
38 70 0.1
38 58 0.9
38 48 0.1
38 64 0.3
38 46 0.3
38 74 0.3
38 71 0.3
38 67 0.9
38 62 0.9
39 64 0.5
39 61 0.5
39 63 0.9
39 48 0.1
40 46 0.9
40 47 0.3
40 53 0.1
40 72 0.5
40 65 0.5
40 49 0.7
40 57 0.5
41 69 0.5
41 76 0.7
41 47 0.9
41 72 0.1
41 43 0.5
42 75 0.5
42 54 0.9
42 51 0.3
42 44 0.1
42 79 0.9
42 65 0.1
42 68 0.7
43 74 0.9
43 44 0.3
43 61 0.9
44 73 0.9
44 75 0.3
44 53 0.9
44 49 0.3
44 71 0.5
45 59 0.9
45 77 0.5
45 57 0.1
45 65 0.1
46 72 0.7
46 79 0.3
46 67 0.7
46 53 0.1
47 77 0.5
47 63 0.5
47 67 0.5
47 57 0.7
48 58 0.7
48 78 0.1
48 69 0.9
48 64 0.7
48 61 0.7
48 55 0.7
49 66 0.1
49 54 0.5
49 64 0.7
49 75 0.9
49 60 0.7
49 70 0.9
50 73 0.3
50 78 0.9
50 76 0.9
50 62 0.3
50 53 0.3
50 63 0.3
50 77 0.7
51 73 0.7
51 58 0.5
51 76 0.1
51 64 0.3
52 74 0.3
52 72 0.3
52 56 0.1
53 54 0.7
53 74 0.5
53 58 0.5
53 61 0.7
53 76 0.1
54 66 0.5
55 71 0.7
56 75 0.9
56 67 0.7
56 64 0.9
56 62 0.7
57 69 0.9
58 66 0.1
58 77 0.1
58 68 0.3
59 74 0.9
60 74 0.1
60 69 0.7
60 70 0.3
60 76 0.1
60 63 0.9
61 66 0.1
61 64 0.7
62 64 0.7
63 65 0.5
65 79 0.3
65 72 0.3
67 68 0.9
67 79 0.5
67 69 0.5
68 74 0.5
68 72 0.1
69 70 0.7
70 74 0.5
71 76 0.3
72 73 0.1
72 74 0.1
74 76 0.1
75 76 0.9
77 78 0.3
