80 400 edge_degree 5.0
0 38 0.3
0 27 0.7
0 69 0.9
0 21 0.7
0 6 0.1
0 70 0.3
0 9 0.9
0 57 0.3
0 44 0.7
0 1 0.5
0 77 0.7
1 73 0.7
1 78 0.9
1 66 0.3
1 32 0.5
1 29 0.5
1 61 0.9
1 58 0.7
2 51 0.5
2 41 0.5
2 38 0.3
2 77 0.3
2 33 0.9
2 35 0.3
2 4 0.5
2 61 0.3
2 3 0.7
3 33 0.9
3 58 0.5
3 56 0.1
3 79 0.9
3 54 0.9
3 51 0.3
3 22 0.9
3 53 0.5
4 41 0.7
4 62 0.3
4 10 0.5
4 26 0.1
4 27 0.9
4 77 0.9
4 25 0.9
4 51 0.5
4 33 0.1
4 23 0.9
4 68 0.3
4 36 0.5
5 33 0.3
5 10 0.5
5 45 0.5
5 46 0.5
5 77 0.5
5 63 0.3
5 50 0.1
5 17 0.1
5 39 0.7
5 53 0.9
5 20 0.3
6 40 0.9
6 25 0.5
6 16 0.7
6 10 0.1
6 68 0.9
6 77 0.7
7 28 0.9
7 29 0.9
7 21 0.7
7 34 0.9
7 36 0.5
7 49 0.1
7 20 0.5
7 67 0.5
7 79 0.9
7 70 0.9
7 8 0.3
8 11 0.1
8 52 0.1
8 25 0.1
8 58 0.9
8 77 0.1
8 38 0.7
8 48 0.1
8 63 0.1
8 54 0.9
9 37 0.3
9 63 0.3
9 10 0.3
9 14 0.7
9 66 0.5
9 11 0.9
9 73 0.9
9 43 0.5
9 19 0.9
9 76 0.3
9 46 0.5
9 79 0.3
10 36 0.3
10 46 0.5
10 55 0.9
10 40 0.5
10 16 0.7
10 20 0.7
10 30 0.7
10 22 0.9
10 44 0.5
10 54 0.3
10 11 0.1
11 77 0.3
11 70 0.3
11 49 0.5
11 67 0.9
11 39 0.1
11 65 0.9
11 21 0.1
11 79 0.7
11 66 0.5
12 41 0.5
12 56 0.5
12 51 0.9
12 45 0.7
12 20 0.1
12 14 0.5
13 50 0.7
13 22 0.5
13 24 0.7
13 40 0.9
13 25 0.3
13 17 0.9
14 26 0.1
14 72 0.1
14 32 0.9
14 76 0.1
14 69 0.7
14 22 0.7
14 77 0.9
14 39 0.5
14 43 0.3
14 68 0.9
14 27 0.9
15 42 0.5
15 67 0.9
15 54 0.5
15 39 0.7
15 34 0.9
15 24 0.1
15 60 0.9
15 74 0.5
16 79 0.1
16 36 0.5
17 32 0.9
17 43 0.7
17 77 0.1
17 50 0.9
17 48 0.1
17 57 0.3
17 79 0.5
17 76 0.1
17 36 0.3
17 55 0.9
17 35 0.1
18 25 0.5
18 41 0.3
18 32 0.1
18 77 0.1
18 27 0.1
18 70 0.5
19 61 0.5
19 41 0.7
19 76 0.7
19 22 0.5
19 65 0.3
19 30 0.7
19 53 0.7
19 64 0.9
19 52 0.9
19 38 0.1
19 45 0.3
19 69 0.9
20 57 0.1
20 42 0.3
20 27 0.1
20 77 0.9
20 47 0.3
20 23 0.9
20 50 0.3
20 21 0.5
20 46 0.9
20 61 0.7
20 25 0.1
21 39 0.1
21 58 0.3
21 73 0.5
21 59 0.9
21 71 0.5
21 42 0.5
21 27 0.9
21 44 0.9
21 43 0.5
22 31 0.5
22 37 0.9
22 79 0.7
22 51 0.9
22 41 0.7
22 78 0.5
22 43 0.3
22 52 0.5
22 27 0.1
22 33 0.3
22 25 0.7
23 35 0.5
23 29 0.7
23 69 0.5
23 68 0.9
23 26 0.5
23 44 0.1
23 78 0.3
23 77 0.7
24 34 0.1
24 52 0.3
24 79 0.3
24 63 0.1
24 35 0.3
24 73 0.7
24 28 0.1
25 56 0.5
25 71 0.5
25 61 0.1
25 30 0.3
25 73 0.1
25 63 0.7
25 55 0.5
25 65 0.3
26 54 0.3
26 29 0.5
26 55 0.5
26 48 0.3
26 36 0.3
26 79 0.1
26 72 0.5
26 35 0.9
27 33 0.9
27 54 0.5
27 34 0.5
27 38 0.1
27 32 0.1
27 63 0.5
27 68 0.7
28 53 0.5
28 70 0.3
28 61 0.9
28 39 0.5
28 79 0.5
28 37 0.3
29 39 0.9
29 62 0.1
29 47 0.1
29 70 0.9
29 74 0.5
29 36 0.5
30 38 0.7
30 78 0.5
30 62 0.3
30 46 0.1
30 76 0.7
31 64 0.3
31 74 0.3
31 56 0.3
31 67 0.1
31 52 0.7
31 76 0.7
31 46 0.5
31 66 0.9
32 77 0.9
32 65 0.7
32 74 0.7
32 35 0.7
33 53 0.5
33 43 0.5
33 61 0.1
33 77 0.5
33 63 0.7
33 44 0.9
34 69 0.5
35 46 0.9
35 60 0.5
35 59 0.1
35 74 0.9
35 79 0.9
35 55 0.9
36 55 0.7
36 41 0.5
36 47 0.9
36 56 0.5
36 60 0.7
37 70 0.1
37 47 0.1
37 73 0.1
37 56 0.5
37 52 0.1
37 43 0.7
37 45 0.1
37 40 0.7
37 41 0.5
37 42 0.7
37 60 0.9
37 66 0.5
38 44 0.3
38 61 0.9
38 79 0.7
38 51 0.1
38 71 0.5
39 65 0.5
39 49 0.9
39 72 0.9
39 45 0.9
39 75 0.9
40 60 0.7
40 78 0.5
40 51 0.3
40 55 0.7
41 75 0.1
41 63 0.7
41 68 0.5
41 67 0.9
41 55 0.7
41 52 0.5
41 69 0.5
41 66 0.3
42 71 0.3
42 47 0.5
42 52 0.3
42 77 0.9
42 76 0.7
43 49 0.1
43 60 0.9
43 50 0.3
43 61 0.7
43 65 0.9
44 79 0.3
44 77 0.7
44 45 0.9
45 55 0.9
45 60 0.1
46 79 0.1
46 76 0.3
46 78 0.9
46 71 0.5
46 55 0.3
46 49 0.3
46 73 0.5
47 69 0.5
48 76 0.5
48 50 0.1
48 57 0.3
48 55 0.5
49 51 0.9
49 77 0.7
50 56 0.9
50 68 0.1
51 72 0.3
51 76 0.7
51 64 0.5
52 79 0.9
52 56 0.1
52 75 0.9
52 76 0.1
53 67 0.3
53 56 0.5
54 76 0.7
55 65 0.9
56 64 0.3
57 67 0.9
58 69 0.3
58 71 0.3
59 69 0.1
59 79 0.9
60 72 0.9
60 67 0.9
60 79 0.9
61 67 0.5
61 64 0.5
61 76 0.7
62 69 0.3
62 71 0.1
62 76 0.1
63 74 0.9
63 69 0.5
64 65 0.3
66 68 0.3
66 69 0.5
66 67 0.9
67 75 0.5
67 77 0.5
68 70 0.7
69 73 0.5
71 76 0.5
72 74 0.3
74 79 0.3
74 75 0.9
78 79 0.5
