80 400 edge_degree 5.0
0 76 0.9
0 47 0.7
0 44 0.7
0 32 0.5
0 38 0.9
0 34 0.3
0 36 0.5
0 13 0.7
0 4 0.5
1 27 0.9
1 57 0.7
1 74 0.5
1 61 0.5
1 24 0.5
1 17 0.5
1 16 0.5
1 20 0.5
1 48 0.3
2 38 0.5
2 32 0.9
2 70 0.3
2 40 0.7
2 16 0.7
2 7 0.1
2 79 0.7
2 18 0.3
2 78 0.7
2 49 0.1
2 75 0.3
3 59 0.7
3 34 0.9
3 61 0.7
3 67 0.7
3 42 0.1
3 69 0.1
3 25 0.1
3 56 0.3
3 40 0.7
3 9 0.3
4 37 0.1
4 30 0.5
4 7 0.7
4 39 0.5
4 53 0.1
4 47 0.3
4 60 0.1
4 16 0.5
4 73 0.9
4 75 0.3
4 61 0.1
4 44 0.7
4 20 0.3
4 70 0.3
4 6 0.3
4 8 0.5
4 12 0.5
5 23 0.1
5 60 0.9
5 37 0.5
5 71 0.9
5 25 0.1
5 26 0.3
5 21 0.5
6 31 0.1
6 20 0.1
6 17 0.9
6 8 0.3
6 15 0.7
6 49 0.3
6 60 0.5
6 7 0.5
6 25 0.1
6 54 0.5
6 26 0.7
7 22 0.3
7 53 0.1
7 73 0.5
7 17 0.3
7 59 0.7
7 35 0.1
7 79 0.7
7 71 0.5
8 33 0.3
8 43 0.5
8 46 0.5
8 59 0.5
8 10 0.5
8 54 0.3
8 20 0.1
8 70 0.1
8 12 0.3
8 36 0.3
8 39 0.3
9 20 0.1
9 75 0.1
9 35 0.7
9 47 0.1
9 30 0.9
9 27 0.1
9 12 0.1
10 19 0.9
10 76 0.3
10 53 0.5
10 43 0.1
10 62 0.7
10 79 0.3
10 29 0.9
10 68 0.7
10 54 0.1
11 55 0.1
11 69 0.9
11 62 0.7
11 77 0.9
11 15 0.7
11 33 0.7
11 25 0.9
12 38 0.3
12 24 0.7
12 44 0.3
12 20 0.5
12 36 0.3
13 69 0.9
13 59 0.7
13 52 0.1
13 48 0.5
13 67 0.9
13 40 0.7
13 34 0.5
13 65 0.7
14 20 0.7
14 18 0.5
14 40 0.9
14 70 0.1
14 78 0.5
14 28 0.7
14 32 0.9
14 17 0.9
15 31 0.5
15 79 0.5
15 77 0.3
15 28 0.9
15 73 0.5
15 19 0.5
15 42 0.7
16 26 0.7
16 72 0.7
16 45 0.5
16 73 0.9
16 41 0.7
16 54 0.3
16 53 0.1
17 79 0.1
17 25 0.9
17 50 0.1
17 37 0.1
17 30 0.5
17 27 0.7
17 45 0.1
17 21 0.7
18 21 0.9
18 46 0.7
18 53 0.9
18 37 0.9
18 66 0.3
18 20 0.3
18 41 0.7
18 36 0.9
18 39 0.7
18 57 0.1
18 44 0.3
18 30 0.1
18 68 0.3
19 47 0.5
19 34 0.9
19 54 0.1
19 56 0.5
19 37 0.1
19 20 0.5
19 70 0.1
20 25 0.3
20 76 0.9
20 35 0.7
20 59 0.1
21 55 0.9
21 66 0.1
21 67 0.5
21 78 0.9
21 28 0.3
21 61 0.9
21 77 0.5
21 56 0.5
21 50 0.5
22 39 0.1
22 63 0.7
22 43 0.9
22 57 0.3
22 49 0.5
22 30 0.7
22 24 0.1
23 49 0.3
23 26 0.1
23 40 0.9
23 43 0.3
23 79 0.5
23 28 0.5
23 61 0.7
23 78 0.3
23 52 0.7
23 50 0.7
23 25 0.3
23 39 0.7
24 70 0.5
24 68 0.9
25 69 0.7
25 49 0.3
25 79 0.9
25 46 0.5
25 37 0.3
25 27 0.7
25 35 0.9
25 41 0.7
26 27 0.3
26 43 0.3
26 30 0.7
26 66 0.1
27 79 0.1
27 73 0.5
28 63 0.9
28 33 0.5
28 70 0.1
29 34 0.5
29 73 0.5
29 67 0.7
29 59 0.3
30 32 0.7
30 58 0.5
30 45 0.9
30 36 0.1
30 73 0.3
30 46 0.1
31 48 0.5
31 73 0.5
31 56 0.1
31 35 0.7
31 62 0.9
31 60 0.5
31 63 0.5
31 45 0.7
32 79 0.7
32 67 0.1
32 58 0.1
32 41 0.3
32 53 0.5
32 52 0.5
33 37 0.1
33 76 0.3
33 63 0.5
33 55 0.5
34 65 0.1
34 67 0.5
35 52 0.7
35 43 0.5
35 37 0.5
35 62 0.7
35 59 0.7
35 44 0.9
36 64 0.3
36 61 0.9
36 37 0.7
36 38 0.9
36 60 0.7
36 66 0.3
36 47 0.1
36 41 0.9
37 40 0.5
37 69 0.1
37 74 0.5
37 61 0.7
37 78 0.9
37 71 0.7
37 42 0.3
37 55 0.7
37 41 0.7
38 42 0.5
38 53 0.1
38 63 0.9
38 79 0.1
38 71 0.3
39 45 0.1
39 61 0.7
39 40 0.7
39 62 0.9
39 57 0.1
39 78 0.7
40 61 0.3
40 76 0.7
40 47 0.7
40 51 0.5
40 53 0.7
40 57 0.3
41 72 0.5
41 61 0.3
41 54 0.3
42 63 0.1
42 46 0.3
42 68 0.5
42 45 0.9
43 65 0.1
43 68 0.9
44 59 0.7
44 76 0.7
44 45 0.5
44 52 0.1
44 51 0.1
44 78 0.7
45 67 0.1
45 51 0.7
45 65 0.9
45 75 0.1
45 47 0.7
45 62 0.5
45 61 0.5
45 66 0.3
46 53 0.3
46 71 0.7
46 75 0.1
46 66 0.7
46 51 0.3
46 59 0.3
47 60 0.9
47 75 0.7
47 59 0.7
47 58 0.3
48 74 0.9
48 68 0.5
48 78 0.3
48 76 0.7
48 72 0.1
48 49 0.1
48 79 0.1
48 66 0.5
48 71 0.1
48 62 0.1
49 61 0.9
49 59 0.9
49 60 0.5
49 65 0.1
50 60 0.5
50 63 0.3
50 59 0.5
51 68 0.5
51 60 0.9
51 62 0.5
51 79 0.9
51 65 0.5
51 63 0.1
51 69 0.1
52 53 0.5
52 57 0.5
54 55 0.1
54 60 0.9
54 73 0.7
55 74 0.3
55 77 0.9
55 76 0.1
56 79 0.9
56 75 0.5
56 69 0.9
57 74 0.1
58 79 0.9
58 62 0.7
58 70 0.5
58 60 0.9
60 61 0.9
60 70 0.3
60 66 0.7
60 68 0.7
60 64 0.3
61 72 0.5
61 62 0.1
62 76 0.9
63 77 0.3
63 70 0.1
64 70 0.5
64 72 0.3
64 76 0.1
65 78 0.1
66 74 0.9
66 72 0.3
68 72 0.1
68 71 0.1
68 79 0.3
69 78 0.9
69 74 0.7
69 71 0.3
70 79 0.5
70 78 0.9
73 76 0.7
74 79 0.9
75 77 0.1
