80 160 Varying K 11
0 57 0.7183050093024688
0 49 0.5630208960810693
0 68 0.268464749595719
1 69 0.9305436039883023
1 25 0.9240770549386517
1 35 0.46893811611446845
1 16 0.24380192578334337
1 78 0.4036688911451154
1 11 0.04250327050881064
2 3 0.6116032601855015
2 37 0.8662447200346512
2 57 0.6393817706480196
2 55 0.5755766024852981
2 28 0.3646641853086503
2 63 0.47373380990381686
2 20 0.7793360259346415
3 49 0.9489580239709334
3 40 0.3634207485782823
3 54 0.5713770185969267
3 60 0.22257078998854385
3 29 0.5617444121406127
3 39 0.604932244300293
3 67 0.3311165038236378
4 61 0.5246668255138578
4 32 0.013383401886333024
4 20 0.7681588670482838
4 71 0.7186959786279078
4 65 0.4236575203871571
5 39 0.31637278378100875
5 8 0.8062274747737399
5 52 0.9222663428275809
5 37 0.026866058915944846
5 24 0.44422983285663
6 39 0.7621436599664048
7 61 0.2749507972323879
7 38 0.16254684011453413
8 32 0.8446241323065062
8 37 0.4191453392322194
9 10 0.6810494712681413
9 48 0.1906679429499638
10 17 0.5243910159805405
10 34 0.7755468945255006
11 47 0.5048702092871367
11 70 0.986267117836985
12 62 0.12866629279348774
12 23 0.3496186301204647
12 44 0.671444238441179
12 48 0.006809690672260782
13 75 0.830755758774525
13 20 0.2558240601772872
13 33 0.32395012220242814
13 49 0.7047172759337874
13 41 0.7435266929478851
13 35 0.8510230205157773
14 79 0.9659974294753928
14 60 0.5800320931600735
14 37 0.5921289047944375
14 43 0.1276301149950444
14 58 0.1125853379333116
14 52 0.10769876851803362
14 57 0.31798598573019854
15 63 0.5219335756979464
15 37 0.6026717465886492
16 65 0.3410926316117956
16 27 0.6835114355215026
16 18 0.18527023107768514
17 72 0.71966448316176
17 62 0.6167797154632482
18 50 0.9305449414242298
20 21 0.621493207765339
20 53 0.2670806111588899
21 34 0.30381094224794447
21 79 0.3015487156139941
22 53 0.7789034782824021
22 70 0.7159310133478415
23 74 0.2588060418434156
23 44 0.33599011505436616
24 38 0.6687963969691965
24 53 0.5740168340650458
24 63 0.25513495110358153
25 70 0.8648013804083052
25 48 0.9370180244466955
25 41 0.5491289137294155
26 48 0.5703957844294054
26 54 0.8222617538696956
26 77 0.7475583056399494
26 73 0.37784774205255767
27 48 0.5042210299477339
27 75 0.06887483026447228
27 34 0.3459981389774637
27 68 0.19265859097027715
28 67 0.8771659103465935
28 58 0.7003840291435182
28 66 0.3966183724330875
28 57 0.17342572290440472
28 72 0.2300488666875964
29 34 0.0334125885387877
29 70 0.5722687239694003
29 44 0.10996445207070749
29 64 0.8669224414380302
29 51 0.9314928962435801
30 68 0.9762245738395202
30 77 0.15311106687983367
30 75 0.7249028979737048
31 51 0.5963980898659915
31 34 0.9156864032601904
32 67 0.9143811069653636
32 65 0.6503199322849411
32 72 0.23746231531010664
32 47 0.27937530084407536
34 58 0.07455688094568669
34 42 0.8136516434660465
36 75 0.36425894342566034
36 51 0.5646056589486294
37 58 0.3492461962460336
37 64 0.8878109026578545
37 46 0.45837784180864594
38 39 0.6738326768119706
41 63 0.46472005659316573
41 54 0.6872784748835884
41 78 0.2212714256532906
42 64 0.36447260672709547
42 78 0.38764332314712535
43 49 0.5217905361988178
43 54 0.8655381033874225
44 65 0.5949247855173428
44 53 0.8443513364878964
44 70 0.4750765826237975
45 73 0.13111497530806104
45 62 0.4641386877520667
46 70 0.8940863550451429
46 72 0.9876613584371159
47 62 0.06628593651767978
50 75 0.33033552203398786
50 66 0.19202419037771445
50 74 0.10594453466386788
50 73 0.167263912867184
52 64 0.505361152587088
53 71 0.29712767799814677
54 64 0.30559177789004477
54 69 0.966222664278844
55 77 0.1781124702212652
55 75 0.3848621712414787
56 63 0.9101383483230329
56 65 0.7427056435313114
57 60 0.417352022145269
57 64 0.3334181139063659
58 76 0.29306637459831186
58 72 0.0015422986201486522
62 68 0.7892042227120802
63 64 0.4560555532160845
64 76 0.8828394018904593
66 71 0.38635042438413125
68 72 0.3538859222327039
69 70 0.12342878496406995
69 79 0.7430987736081197
70 77 0.5537554963826197
70 74 0.4193741784951859
70 73 0.7434864173262842
75 78 0.3931572209481031
