80 160 Varying K 11
0 49 0.3328704805022772
0 4 0.3355984212850963
0 67 0.919097917514467
0 9 0.3306682264308831
1 24 0.29660864917179863
2 5 0.4377066946839818
2 71 0.6267934570891618
2 12 0.3743544493223737
2 74 0.5618334981282461
2 46 0.4948164232111695
2 39 0.5760458698625817
2 25 0.8828278389463987
3 46 0.32470561533324904
3 22 0.8120185624150025
3 31 0.00615917763003393
3 8 0.4015321968915033
3 39 0.25825326606467314
3 13 0.12492579068485155
3 66 0.052445265685411746
3 36 0.9347251718643014
3 79 0.7136420533080853
4 74 0.8192649111246391
4 34 0.09630528963483154
4 54 0.6709073065154109
4 32 0.00373924704238926
4 65 0.8151787633760865
4 19 0.9787700151266717
4 11 0.039425430145410445
5 75 0.41924872770654587
5 77 0.5334113373437285
5 60 0.6292894386932653
6 73 0.11099228196483668
6 75 0.4096047625469127
7 11 0.5441622149495161
7 13 0.40245525674590843
7 26 0.7751081579077669
7 46 0.7995579109890124
7 17 0.6636855893609983
7 57 0.7944367164207076
8 53 0.2040014133035798
9 43 0.5528012359188922
9 56 0.03682610790368823
9 28 0.865487180391814
9 12 0.1927522695546472
10 46 0.5645861529665199
10 14 0.37329306494788883
10 32 0.8271687347623519
10 78 0.7015930503158001
10 54 0.3154749400987741
11 40 0.812670373638287
11 65 0.43504996189312994
12 21 0.9120366470772725
12 61 0.1390210867209566
12 52 0.8271324420839925
13 29 0.6304263839236522
13 30 0.5101104531837596
13 27 0.7069006317259919
13 39 0.5840533555220787
14 36 0.36234437631391414
14 20 0.5269840549641561
14 73 0.4680328100624406
15 66 0.33623683182715847
15 32 0.2746278256057021
16 20 0.5490833696074688
16 57 0.10751252172592551
16 37 0.3777760774254585
17 65 0.670622970634454
17 66 0.399590499949915
17 59 0.9179438970770895
18 43 0.009108695636151798
18 47 0.9176972302959807
18 69 0.4959867298297985
19 31 0.21441003628916433
19 79 0.7781284719498327
20 55 0.036327300210582836
20 57 0.5194971338169531
20 29 0.5552523104020141
21 39 0.9005961953286074
21 67 0.8805697974776715
21 41 0.43850098466423826
22 71 0.48802638747456106
22 41 0.43665506553024125
22 46 0.7838999167463748
22 45 0.9338281636216114
23 57 0.9897246814488041
23 66 0.8745429096074021
23 29 0.35001518723897396
23 74 0.6530532222105678
24 62 0.8184664917110394
26 39 0.22841094939026008
26 55 0.15639532141016954
26 59 0.6713869137193926
27 77 0.47940334802978224
27 48 0.6338236364359998
28 62 0.39541204238686456
28 60 0.25865901760220067
29 30 0.25132195713553984
29 58 0.15847218085727977
29 31 0.8861888797568742
29 75 0.3701255499259334
31 67 0.29822067672061126
31 34 0.5894669049207774
32 77 0.44690638261049154
32 47 0.7716257362103726
32 46 0.48328388811220047
33 51 0.15547550781658082
33 70 0.26487764713631834
34 78 0.38300176432550104
34 75 0.9802276916136792
34 61 0.8877999284502041
35 62 0.7020473498041618
35 54 0.7383126123325344
37 47 0.3520485041050532
37 63 0.10074163909551792
37 50 0.5108250791319161
38 64 0.480744282988948
39 61 0.8760951619611743
39 68 0.24127221748791228
39 47 0.5744077239653232
40 59 0.6020333509745197
41 65 0.16630231831516695
42 50 0.8540150647921294
43 62 0.20306092003753928
44 72 0.668627230442195
44 78 0.8904452265438701
44 50 0.8460634909851619
45 46 0.34477261720253116
45 65 0.5481878958307751
45 58 0.43489764443508927
46 65 0.8460557697122247
46 75 0.9500322985963974
46 79 0.3051321448734753
46 78 0.6541479334700304
47 69 0.49243104560439477
47 50 0.04563717065826689
48 54 0.8983623446994852
49 52 0.10295618181302169
50 65 0.7145594732769371
50 62 0.456541739582076
51 59 0.3309784017664049
52 75 0.3438833430727942
52 62 0.5081874570842034
53 67 0.6243188234815742
53 77 0.3627749903424673
53 62 0.5758874191867535
54 65 0.5727441096160912
56 64 0.722908234681214
57 70 0.7663713913926574
58 59 0.3931975065605807
58 71 0.33043021027519925
61 67 0.2850341867155467
62 65 0.2711579774117012
62 76 0.7217283706234885
63 64 0.6684739521530924
64 78 0.7351271052211529
65 71 0.6777616560533264
66 71 0.5860058562644894
66 74 0.5825705233601558
73 74 0.11314590395952862
75 78 0.3388793327515962
