80 160 Varying K 11
0 9 0.3576133684847478
0 61 0.007515317720358294
0 62 0.7986165166808642
0 41 0.8458652877969692
1 60 0.9988149009455641
1 8 0.2854002822721702
1 43 0.8894440617327922
1 61 0.6913669686757192
2 37 0.38100140737827504
2 40 0.36991256046100685
2 75 0.5134544540314323
2 7 0.6174733568572809
2 30 0.9812262241663245
3 34 0.11455277210163961
3 35 0.7029858802274672
3 13 0.8245548610529458
4 17 0.288633246995862
4 39 0.17318398159590165
4 68 0.9863652792874609
4 67 0.08820859468036824
4 52 0.7739435844605892
4 28 0.2872877365703722
4 65 0.9213498766061394
4 61 0.9666070723936595
5 38 0.1307011006172193
5 15 0.8439709553094491
5 48 0.9395476544472784
5 43 0.4913407859554203
5 31 0.11941379696624654
6 73 0.2306051113329355
6 52 0.46709340058728765
6 34 0.7669637153183837
6 60 0.2373790397570409
6 8 0.40536679401021614
7 42 0.0713575638723184
7 61 0.4541218661110793
7 16 0.24618667832560026
8 77 0.04678235090889682
8 61 0.47040150849459217
8 44 0.6871803524600203
8 75 0.9572919171435863
9 40 0.43655190059069704
10 43 0.04710580826758648
10 79 0.6285540718415044
11 61 0.19204047870769247
11 65 0.1101139044006707
12 46 0.1816384474049233
12 13 0.5422589413586881
13 27 0.20515338869013133
13 76 0.5858585496206349
13 79 0.28663631512190246
14 78 0.34057014531558805
15 36 0.506909090337376
15 28 0.9703148603125001
15 21 0.0916547153523285
15 25 0.02659565161258748
15 68 0.013420391801785114
16 69 0.9143260364542667
16 72 0.7816437193932836
16 53 0.7025756252078439
16 43 0.7288439975845076
16 35 0.2282358458780075
17 56 0.514050748210993
17 48 0.8163944215717323
17 75 0.319382724932305
19 50 0.03655404893715608
19 29 0.6372222147162574
19 52 0.1458456045610812
19 33 0.2553745509731349
19 25 0.5873448197736871
20 75 0.388796493624055
20 77 0.30831383146127567
20 40 0.22621485277126785
21 56 0.35066758673865606
21 30 0.2459816372896073
22 40 0.4051380956452041
23 46 0.10904427929253524
23 55 0.7679025790456716
23 73 0.5073566850245915
24 29 0.925928895929997
24 40 0.9011381323544018
24 33 0.8833031415371838
25 52 0.6152741538206475
25 55 0.5641063824725291
27 63 0.9506752771167378
27 72 0.661830129713908
28 34 0.8573930240802818
28 42 0.2851534279562745
28 45 0.5279339773184953
29 43 0.7162714941638565
30 75 0.5108030958914237
30 64 0.5836539980800672
30 55 0.9864575212859826
30 41 0.3556237428102451
31 34 0.8223774815805631
32 47 0.997465100666442
32 69 0.14520294347707563
33 70 0.3951377251049445
33 55 0.11601980787770227
33 66 0.779870913771585
33 76 0.06149351351579968
34 73 0.9036944609600076
34 64 0.34886498701726254
34 57 0.11050270482959335
34 59 0.155983526027749
35 70 0.0904485164953448
35 62 0.9891535141154322
35 43 0.023184153623676096
36 69 0.8958031893081091
37 78 0.19641227248976034
37 66 0.1600626304196856
37 53 0.45281715596599015
38 53 0.6578309706043255
38 55 0.374267533870435
38 70 0.8466279732756662
38 58 0.11301436900750639
38 48 0.9748486160737779
38 64 0.07970010782447778
38 46 0.12205425875973686
39 64 0.9243174299219806
40 46 0.8576193574439651
40 47 0.6074709558287263
41 69 0.4919029644437256
41 76 0.44167594195580995
42 75 0.4420230224633006
44 73 0.7218356029759168
44 75 0.32723709968227943
44 53 0.09476816160826795
44 49 0.47947492120647517
45 59 0.31550973721759523
45 77 0.9980061297456376
47 77 0.7434059774396808
48 58 0.6058666973029523
48 78 0.8810530923925982
49 66 0.7289412430729368
49 54 0.2506218482237238
49 64 0.7786792059216604
49 75 0.03088484778265055
50 73 0.035956567120468685
51 73 0.7854142762123645
52 74 0.27389066781407245
52 72 0.6768564971661684
53 54 0.9375440335004002
53 74 0.9208091629639682
54 66 0.5483078715488334
55 71 0.12139668766468603
58 66 0.3528990549815004
60 74 0.9128756079142052
60 69 0.8752723610340469
60 70 0.6117571628638231
60 76 0.3873124778164032
62 64 0.5526255695438714
65 79 0.4037385510881659
67 68 0.7580679210695066
67 79 0.6125051092060306
68 74 0.30044712471690127
71 76 0.43729542861267146
72 73 0.18132280479459362
75 76 0.9841280264737797
77 78 0.8423428321073344
