80 160 Varying K 11
0 38 0.7143394804145639
0 27 0.5985714535591171
0 69 0.5621087611886163
0 21 0.6946794268636481
0 6 0.19766529585797954
1 73 0.42333485372393853
1 78 0.5995540875833988
1 66 0.6777075706356611
2 51 0.9593353238353579
2 41 0.47973062809499556
3 33 0.07527665825373797
3 58 0.648707535336933
3 56 0.9629604594021263
4 41 0.5985705051858703
4 62 0.547933219296759
4 10 0.0762132960192724
5 33 0.42953057437457554
5 10 0.11676167505001467
5 45 0.5923320458742501
5 46 0.3421262190489718
5 77 0.798179190517574
5 63 0.5137740520006528
5 50 0.2173323193369454
5 17 0.6384133221983561
6 40 0.024768997973170004
6 25 0.9980974776326633
7 28 0.8902140917676327
7 29 0.8141253896531296
7 21 0.5988429149961926
7 34 0.150796681726722
8 11 0.6135256616455794
8 52 0.567733080616538
8 25 0.5716051282664327
9 37 0.7088292481083038
9 63 0.3969372763471132
9 10 0.11104736609691346
9 14 0.9564507754926393
9 66 0.9628162693544755
10 36 0.1293478003182622
10 46 0.4088728344065704
11 77 0.4666653021599394
11 70 0.9435444801102997
11 49 0.584267464461795
12 41 0.8562566559453766
12 56 0.8600103650543767
12 51 0.4353231287656144
13 50 0.6016939065036604
13 22 0.6858034113327743
14 26 0.5877875871659228
14 72 0.6127244813194905
14 32 0.3613880892420952
14 76 0.5399135379108013
14 69 0.9017203944711676
15 42 0.02698375449603574
15 67 0.053509538640845844
15 54 0.05412096185920534
15 39 0.3069928369601429
16 79 0.5159009697879051
17 32 0.9274106158351426
18 25 0.09852106085275669
18 41 0.4323259346460748
18 32 0.4626781194935655
19 61 0.9161591007791835
19 41 0.8236222212665222
19 76 0.3764173288971724
19 22 0.6441778120944296
20 57 0.4160780105580415
20 42 0.36633583080105314
20 27 0.8896168849602714
20 77 0.3549585616081552
20 47 0.33160156717683
21 39 0.4272043070317132
21 58 0.34240307873697773
21 73 0.19078991944604484
21 59 0.5046206799777447
21 71 0.09722078904797038
22 31 0.39629753994964656
22 37 0.39536222558999523
23 35 0.705025415082625
23 29 0.16235867222793665
24 34 0.5750943324957589
24 52 0.2681826849147966
24 79 0.6260017088453115
24 63 0.4971598101739332
24 35 0.06657710511570014
25 56 0.5418094700263562
25 71 0.046737656389276405
25 61 0.38274053955359233
25 30 0.12438759870768712
26 54 0.04295736106156012
26 29 0.12660979118005933
26 55 0.08072243251523215
26 48 0.7855239272386522
27 33 0.7085835729949883
27 54 0.047462015950284875
27 34 0.01450420696086796
28 53 0.6211313537903536
28 70 0.14690319976966126
29 39 0.5776865181378927
29 62 0.19708434249720308
30 38 0.8531800334696052
30 78 0.619510449176148
31 64 0.6005059470515696
31 74 0.17866910837047123
31 56 0.698599674478127
31 67 0.4252780814972631
31 52 0.7797081150735838
32 77 0.8198676230879832
33 53 0.8123234906680283
33 43 0.07583506855910849
35 46 0.10941165986308043
35 60 0.8508408007202349
35 59 0.38444909854001097
35 74 0.11488289896888026
36 55 0.4212042017630946
36 41 0.555123726199687
37 70 0.22478779335667565
37 47 0.25148378047165965
37 73 0.22001169996915404
37 56 0.7571498290643814
37 52 0.0005714205879601142
37 43 0.4516311591112234
37 45 0.9535361144459159
38 44 0.015241555456291245
38 61 0.2188523092431902
39 65 0.8424271579905009
39 49 0.9832133055254768
39 72 0.5640026802868646
40 60 0.9302664931948817
40 78 0.9819633836512437
41 75 0.4860779077861487
41 63 0.1052585071401857
42 71 0.5953575549570772
43 49 0.8104490616439226
43 60 0.8140897900753489
43 50 0.012233153691791676
45 55 0.9193304893833381
46 79 0.5265204490206633
48 76 0.8283080988106257
48 50 0.8570116861171405
49 51 0.6698487212897984
50 56 0.07736611873155053
51 72 0.716779736660443
52 79 0.9706001891845845
52 56 0.19091644640220318
53 67 0.8484875368904383
53 56 0.11414741080580648
54 76 0.7565533207617648
55 65 0.9703781424618764
56 64 0.9344285359249612
58 69 0.6812383836696007
59 69 0.09022565184276532
60 72 0.6724010554073325
60 67 0.4527801805146823
61 67 0.409888021350026
62 69 0.15042112669282937
62 71 0.8003376877706689
62 76 0.7528813266319022
66 68 0.9320470163491907
78 79 0.34800940065848374
