80 160 Varying K 11
0 76 0.7208536533479608
0 47 0.7709984279288008
0 44 0.7060471054620362
1 27 0.0742434111022221
1 57 0.9674098475359174
1 74 0.06188092647314214
2 38 0.8224851310885712
2 32 0.3050325860595017
2 70 0.488872190161573
2 40 0.19003194882079277
3 59 0.9301719646661247
3 34 0.056899669250806806
4 37 0.10543224190283573
4 30 0.36537400928142316
4 7 0.32484552530422506
4 39 0.44991277166109356
4 53 0.6824623529271858
4 47 0.7435984693624385
5 23 0.3068037007883353
5 60 0.8722850041992762
6 31 0.4758829882031337
6 20 0.7699523299721984
6 17 0.658093689474935
7 22 0.536860063844143
7 53 0.5585148313928257
8 33 0.541833549177678
8 43 0.21438837047028914
8 46 0.9479598197740646
9 20 0.6370706222707857
9 75 0.6485608515642531
10 19 0.0002855952916396287
10 76 0.5355849916573787
10 53 0.43977345831381487
11 55 0.6147224925653504
11 69 0.3335713313644624
11 62 0.5785527613419951
11 77 0.5078998828975697
12 38 0.12937719080057064
13 69 0.17592298635793702
13 59 0.46453491032716154
13 52 0.2621500332431651
13 48 0.5059684967305785
14 20 0.8780933527631131
14 18 0.3430941629914379
14 40 0.7484091431034792
14 70 0.22996146068271006
15 31 0.927675019468019
16 26 0.4458394803342136
16 72 0.9580690632091664
16 45 0.033320675255808285
17 79 0.673224372570211
17 25 0.7777654327579975
18 21 0.48275780401533974
18 46 0.8538191442331228
18 53 0.2269271103375764
18 37 0.5964209850764733
18 66 0.4783273687189682
18 20 0.790580783264646
18 41 0.8302503799489209
19 47 0.8608791488638722
20 25 0.01721741332008797
20 76 0.24905637880859455
21 55 0.031199405608044906
21 66 0.924249475922292
21 67 0.07568721299473613
21 78 0.07956096876479435
21 28 0.7937710753980864
22 39 0.6027573577157869
22 63 0.12719927916009222
22 43 0.2431341022907283
22 57 0.42193766853744985
23 49 0.5436084825446573
23 26 0.7080622345994395
23 40 0.8225126137365482
23 43 0.15825929401940253
23 79 0.22651341642067546
23 28 0.9272253910526884
23 61 0.4845832449049038
24 70 0.8728942750411346
25 69 0.0574692557994515
25 49 0.7347868039543625
25 79 0.8526368121512918
25 46 0.19941460481685258
26 27 0.11086570333477552
26 43 0.6338479383425742
26 30 0.44123044175555914
28 63 0.8306845861178229
31 48 0.21114662627619807
31 73 0.1937795900514908
32 79 0.8669142572042156
32 67 0.1293173206395689
32 58 0.9089959511261432
32 41 0.1035711844529742
32 53 0.0217013604285603
33 37 0.7219975104795191
33 76 0.8793232452031431
34 65 0.5771411207935132
35 52 0.687490091805806
35 43 0.09247126580637921
35 37 0.05562309189448278
35 62 0.14307770313121682
35 59 0.5303069616055884
35 44 0.105283408842755
36 64 0.8479865478635306
36 61 0.6303547443946903
37 40 0.7283578981595327
37 69 0.6341175960604102
37 74 0.7949543863113756
37 61 0.04863735600115804
38 42 0.4575108547799004
38 53 0.36299787455788146
38 63 0.047190776640765764
39 45 0.08346794821365089
39 61 0.6122504369992536
39 40 0.23502348310022714
39 62 0.6530782648213678
40 61 0.6069326949947464
41 72 0.495932465672853
42 63 0.2618139657194265
42 46 0.8893861444021228
43 65 0.09997809012501413
44 59 0.46210815394085014
44 76 0.6882040743784492
44 45 0.26689652739699643
44 52 0.7831299394648058
44 51 0.8084109114533263
45 67 0.9399065948319284
45 51 0.4734422568454978
45 65 0.7284714385400953
45 75 0.8027889423448562
46 53 0.1897369895119475
46 71 0.472178984125986
47 60 0.25847155350104345
47 75 0.42275794931934507
47 59 0.9616616281481726
48 74 0.19880919712375844
48 68 0.35384155512063753
48 78 0.7129536303308115
48 76 0.354644687045627
48 72 0.30807653039252525
48 49 0.3622971686114659
51 68 0.6134574521085012
51 60 0.6585690558828186
52 53 0.1660872057174787
54 55 0.5086124117746199
56 79 0.45383265167059506
56 75 0.5703699216067839
58 79 0.9436573370759844
58 62 0.8081749590043888
60 61 0.13942669055919243
60 70 0.5562334496123692
61 72 0.5334597473078945
64 70 0.7771315336053454
65 78 0.14327724417901477
66 74 0.14324691940911927
68 72 0.9396745975669508
69 78 0.43395640934644264
70 79 0.9812810137270351
70 78 0.7606912357061557
75 77 0.1830997417095367
