30 60 Varying_K 11
0 28 0.7967701720438579
0 22 0.17207278240493784
0 10 0.8990090396348888
0 23 0.5093985909430568
0 29 0.4067152491228162
1 15 0.8134751948026284
2 24 0.6641829527249149
2 11 0.31349389142277084
3 8 0.9255913543602569
3 15 0.18489126878893214
3 28 0.638845836356423
3 5 0.6584254901657526
3 23 0.41250278599742707
3 16 0.07449355099347277
4 18 0.8619872867026593
5 11 0.3980731084473682
5 24 0.49213405641566466
6 25 0.1109065158369349
6 13 0.9865071123574164
6 21 0.04236082495685767
7 18 0.3311507715227341
7 16 0.8282016033555587
7 11 0.7650804615848797
7 21 0.7289209965595939
7 24 0.13706413964294784
7 23 0.7867900107632246
8 14 0.1299121911193707
9 14 0.6195791559276466
9 27 0.610892973625337
10 28 0.48755737487145034
12 20 0.7691414239975901
12 26 0.9037322809804289
12 21 0.767482559902763
12 16 0.5394856922183999
12 25 0.7414823460709807
13 19 0.8809650587589722
13 26 0.8633796437755532
13 16 0.9174530379792368
13 21 0.9345471867844335
14 15 0.3923051072379161
14 24 0.056095276143944606
14 21 0.33476667135193294
15 24 0.012905844468629746
15 17 0.9694057975451267
15 27 0.9660678210362175
16 29 0.3664019482057441
16 26 0.7882572677682876
17 20 0.277407035959529
17 29 0.2349632923108843
17 28 0.38700678428606594
18 28 0.17487235683005609
18 27 0.6827343812673489
20 29 0.17665170162948485
20 23 0.9524855096164594
21 23 0.5778340752124542
22 23 0.5845750572940608
22 24 0.41229375693497994
23 25 0.11624960961779629
25 27 0.08144086354468327
26 29 0.6392287017024666
