30 60 Varying_K 11
0 27 0.11968662138552355
0 7 0.8626151327026734
1 2 0.49511782431405915
1 19 0.16425535236270805
1 28 0.32974743429769016
2 11 0.8732947485829086
4 5 0.7195353216385061
5 26 0.12330768417359106
5 13 0.020026658230954508
5 17 0.7966830136574476
5 7 0.9629041571296555
5 10 0.4733782617956753
5 28 0.01141462209784172
5 14 0.8391248061889658
6 19 0.6469548444816114
7 16 0.17144517075498533
7 10 0.9552202711644971
8 9 0.9028574148319606
8 16 0.058208075797092085
8 15 0.11355430136738598
8 19 0.7648030181859058
9 15 0.37475701691543484
9 25 0.725254611206537
10 29 0.888863058162996
11 17 0.7863871289544614
11 14 0.4802925845166911
11 16 0.8539805006256628
11 25 0.27945808199902455
11 18 0.9555395721576088
11 27 0.2239692850166699
11 21 0.39724340197161523
12 20 0.6347861303851553
12 29 0.27434430059546167
12 24 0.40821651706203543
13 28 0.6450127889536897
13 23 0.5210747945176418
13 18 0.7939316420803197
14 29 0.943833447450375
14 25 0.8223806774074
14 20 0.9408951272158654
14 28 0.6101599376737673
14 23 0.9938184717171509
15 29 0.3420980952514411
15 21 0.796516724731181
16 27 0.026686021476615363
16 28 0.9759843988510667
16 29 0.9532367384083377
16 17 0.7354546882829595
17 21 0.7036958479875868
17 29 0.6630108735436844
18 21 0.16386386923369556
18 23 0.3091493834795048
19 20 0.4780237500189545
21 27 0.9769729294092462
22 23 0.5124168808220496
22 26 0.045028881018687184
23 25 0.9308360260136254
24 29 0.0468642881904876
25 26 0.22269235573385326
28 29 0.9364726540190004
