30 60 Varying_K 11
0 29 0.16935894584893818
0 21 0.012018480378068186
0 26 0.823131975724959
1 18 0.5311536192527206
1 4 0.20110527706716086
2 19 0.6631294839947283
2 24 0.6544144233336888
2 3 0.9983391063536281
2 11 0.4610205102708341
2 25 0.6805733012903784
3 11 0.4934662591525757
3 18 0.9452497956255838
4 17 0.04719944271313725
4 27 0.3199475397440057
4 28 0.7446745481015169
5 24 0.5101320942157163
5 22 0.394648255109596
6 7 0.6917254316584566
6 15 0.337010345366087
6 20 0.340961075819752
7 18 0.04340491601512597
7 20 0.35295409307211467
8 17 0.8305939569120812
8 27 0.4338257986240921
8 21 0.5095731139177095
8 9 0.8841251860067518
9 24 0.7773355413538217
9 13 0.508427541688735
10 28 0.26789911828961166
10 17 0.5387775437875529
11 29 0.2760519504918739
11 17 0.5628374655238864
12 20 0.2792124051987459
12 23 0.6715808700007587
12 28 0.9118524000119489
12 18 0.2822141938603925
13 29 0.2686431947202479
13 24 0.9401802431723109
13 18 0.7896969340038165
14 29 0.8037577809820274
15 19 0.05212179756733604
15 26 0.31289796591510843
15 22 0.6201844035119823
15 17 0.8797127407591793
15 27 0.633777215685679
15 20 0.24083893696495906
16 29 0.38448549198756443
16 26 0.574931774878608
17 26 0.10357248982333511
18 20 0.07659753315708107
18 25 0.496497098473327
18 28 0.9711268649328139
18 26 0.2030310511151845
19 21 0.039728407467915505
20 27 0.625078628609973
20 22 0.9613398303913431
21 29 0.6074050058067174
22 25 0.6566614228805111
22 27 0.47922847538620084
23 29 0.2242671863392962
