30 45 Varying_K 1
0 29 0.41904308123318956
0 21 0.6828013490923052
0 26 0.13864943010304276
1 18 0.9963754913260533
1 4 0.6150761095191378
2 19 0.5715851024211803
2 24 0.7187364237121248
3 11 0.4997697484204281
4 17 0.005825084091771848
4 27 0.889220018662246
4 28 0.14995182642020222
5 24 0.5438889010694866
6 7 0.7761950465895309
6 15 0.5223763155571366
7 18 0.19722444420096585
7 20 0.23198068341629563
8 17 0.14302503408150913
8 27 0.5207613892169086
8 21 0.21155494552595866
9 24 0.43095961895023704
9 13 0.6162812898022038
10 28 0.8682600207852197
11 29 0.861963670334665
11 17 0.9290713021688639
12 20 0.00030696580247502325
12 23 0.39901035849839084
12 28 0.47775219053622076
12 18 0.9522288070602993
13 29 0.22186207965723326
13 24 0.4285659661632818
13 18 0.1276339790888924
14 29 0.7568761267925168
15 19 0.19121298069877768
15 26 0.3475250023453559
15 22 0.06083769797210459
15 17 0.5812321676221496
16 29 0.44872453192712436
16 26 0.4048619805840138
17 26 0.3776398285842222
18 20 0.08780972980610036
18 25 0.36175158121062034
20 27 0.6072123294533102
21 29 0.5321572193375464
22 25 0.7208648052240733
23 29 0.8023038606742087
