60 120 Varying_K 0
0 46 0.14188345320768747
0 55 0.15632129555222396
0 13 0.04298192735865469
0 38 0.2218786265229178
0 53 0.6468946240562559
1 33 0.74390848677625
1 19 0.40134312991919774
1 47 0.0592561429945222
1 25 0.20050149677124396
2 28 0.14504377516402733
2 27 0.16949005824029661
2 25 0.6370443740157123
2 40 0.016065362119174975
3 41 0.5777285003841268
3 16 0.32430442705084206
3 46 0.19258888965902332
3 58 0.16150205059670963
3 54 0.06758226239096088
4 51 0.8688296102793044
4 21 0.9972719786430442
5 13 0.8849937532240968
5 34 0.27491150477414794
5 40 0.24806831898901227
5 38 0.7018791888063225
6 34 0.43151415424084805
6 37 0.7881466876260984
6 26 0.17012846690689454
7 23 0.1227136940623682
7 48 0.9449344836828851
7 9 0.4105923516212372
8 39 0.5659324774013335
8 13 0.010033159288771576
8 40 0.6903941897539357
9 16 0.5688670829865239
9 58 0.5683725372531464
9 46 0.84136470878969
9 26 0.9982132494171955
9 23 0.4787413303790967
9 29 0.2233499219179511
10 57 0.18998178105869368
10 48 0.5000059263380482
10 55 0.6852204576570478
10 18 0.5619436743778081
10 59 0.6908539966647879
10 30 0.5287591142786251
10 27 0.5619738291040282
10 54 0.33845273080999927
11 17 0.6500894717522259
11 13 0.22530843986442373
11 20 0.6973324425390157
11 45 0.5763555364266396
11 51 0.3360711668419062
11 34 0.3609256958832756
11 21 0.44644950230828817
12 20 0.6566837719896148
12 44 0.4057632061468849
12 39 0.40486935872675334
13 26 0.3668218323390816
13 49 0.37257758333336877
15 49 0.7297670307086885
15 24 0.5990076303024275
15 36 0.08013518140004772
15 59 0.8561433661851288
15 47 0.658225800796105
16 39 0.011925793982645927
16 33 0.24914104201408838
16 52 0.943432700969947
17 21 0.8253771103037638
17 30 0.8819355888553008
18 55 0.230656080052278
18 26 0.5427271901214687
18 30 0.7776283910213092
19 52 0.3061440618692105
19 22 0.5776186708325413
19 43 0.7050631927567962
19 20 0.8275295812501865
19 44 0.19499688435833717
20 46 0.5128622417240195
21 32 0.06048038496230401
21 53 0.12385661602699094
22 47 0.1369785427708784
22 54 0.15940851570662928
22 32 0.3695298385235083
22 57 0.9696759300713282
22 38 0.5918610401978909
23 26 0.7987438443595049
23 51 0.19215151059431834
23 39 0.05073385482835657
24 49 0.9856506007404218
24 57 0.09545689063161833
24 37 0.19867556309435608
24 52 0.7137979489638012
25 57 0.6334554077499209
28 39 0.46335981793592096
29 53 0.6788476400254785
29 52 0.2722427680835149
29 49 0.5621210806485792
29 41 0.49825368605857856
29 33 0.18467821805950568
30 55 0.6765676405351969
30 44 0.10232034597835793
31 51 0.5027041511519766
31 44 0.8100211912204083
31 55 0.15008019914397763
34 56 0.43622296315298625
34 59 0.18076448249411947
35 50 0.08763051491778429
36 46 0.07564118091934824
37 38 0.6664693275488621
39 59 0.8721631112009386
40 43 0.5901126040245028
40 59 0.12652317330864327
41 59 0.1796091658446043
43 45 0.7982058942733411
44 50 0.3906217023842211
44 59 0.5445892508702631
47 53 0.26092118108050444
47 49 0.24921128879625587
50 57 0.5524611400317884
55 58 0.3263821073026778
