130 260 num_nodes 130
0 114 0.7978555521739492
0 84 0.2525801098086078
0 31 0.9155964352281325
0 52 0.7443263033355123
0 92 0.6989944085208413
1 68 0.33445971744865344
1 45 0.44488869902490946
1 96 0.7396416489690623
2 6 0.30241720825749585
2 9 0.0817107104853333
2 75 0.32163407608127037
2 5 0.18165884506762364
2 101 0.8390687510862864
3 58 0.5045328613196015
3 71 0.651441004046328
3 75 0.6477523161596211
3 23 0.6727437257084309
3 30 0.8602813143102388
4 115 0.07077720546105937
4 57 0.43007764420940997
4 127 0.3327520559835061
4 72 0.9515847348393531
4 15 0.16077159395800944
5 7 0.7702657335946457
5 74 0.18619192569497
5 110 0.8141009468968734
5 56 0.9935854640466563
6 79 0.9893361806379797
6 10 0.8547854133161151
6 106 0.39834331457282013
6 27 0.8032106132975017
7 124 0.5110917093956048
7 108 0.4649523877676167
7 120 0.3515680796394547
7 117 0.3081628362800273
7 101 0.17907374599751014
8 100 0.36315279825895863
8 65 0.8866657349401844
8 80 0.18901075188982408
9 41 0.1478178188293514
9 43 0.7564810872427911
10 21 0.9094676839902426
10 104 0.5372135875387113
10 48 0.7265116975410856
10 83 0.8622450034844398
10 23 0.560345035985822
11 78 0.5422349289242334
11 27 0.33354887521054744
12 78 0.0570785122912002
12 40 0.09776353601051013
12 56 0.10426355051332015
13 126 0.9152518050996382
14 123 0.15660233871050333
15 76 0.9477980186973329
16 34 0.7289281030688911
16 60 0.43556784554815686
16 102 0.7168568261626318
16 81 0.5744105630546777
16 114 0.3249562525568921
17 42 0.14250865744823638
17 126 0.4310435424248126
18 21 0.9078974166220477
18 19 0.2771060936273725
18 97 0.22908875202793733
18 68 0.2661801902839186
18 94 0.9037128277686842
19 96 0.47928802704224527
19 44 0.48250964118974204
19 128 0.8548710519848143
20 57 0.6799822737845309
20 92 0.49028373449665896
20 35 0.19378998846474405
21 31 0.6926486679218055
21 68 0.2813120161242928
22 95 0.31119649618109313
22 71 0.5300644547017571
22 44 0.35380806087056194
23 46 0.14974581256218167
23 114 0.9111644786345853
23 62 0.7322149384471659
24 53 0.5717252949653587
24 97 0.9464022609468821
25 106 0.2280783143386833
25 88 0.9892903098975105
25 80 0.6190383026536609
25 85 0.6696746330419386
25 39 0.4607837882857314
25 65 0.03421941271663553
26 81 0.5897137014681522
26 99 0.9165723273546633
26 82 0.5922645916358045
26 111 0.6066655991668738
27 112 0.7708753664443845
27 66 0.4541447576284884
27 78 0.491258160135984
28 47 0.3564476851894929
28 116 0.2786676947728688
28 126 0.6932626861175557
29 121 0.5126172353122501
29 87 0.3773781101507462
29 75 0.05981555205315703
29 105 0.31303554452502225
29 41 0.27061342145742395
30 65 0.6824514203343086
30 85 0.9100149932949262
30 54 0.5720926229728557
30 75 0.6758723966687142
31 107 0.09200132723150711
32 54 0.1302222073541246
32 37 0.9898951753051815
32 75 0.27592263401554684
32 35 0.05741246227708341
32 124 0.865253773162677
33 98 0.9415995505219379
33 64 0.9776639685931652
34 83 0.6543404107708526
34 43 0.2356178868261355
34 125 0.5431902645537535
34 75 0.0924506789714904
35 90 0.6960938577468735
36 81 0.840781399780909
36 52 0.3206052098844645
37 101 0.39431430567365877
37 72 0.8525576784999501
38 45 0.023598364944474204
39 64 0.058085875039918244
40 65 0.885168777510622
40 106 0.6267171275991995
40 51 0.6179411431617866
40 61 0.9748775633765168
40 52 0.6256171443324684
41 100 0.7718367059210255
42 54 0.32881007549567576
42 115 0.8912497201831282
42 118 0.30690835001561256
42 98 0.6458731484586592
42 101 0.5400248868042545
43 100 0.7872924455247182
43 128 0.7231963994059475
43 69 0.4049860631326383
43 86 0.9483039766535394
43 114 0.006032398564812191
43 78 0.3368037119226547
44 93 0.22606851641896764
44 52 0.44644168370816295
45 58 0.7634576460812428
45 52 0.9673402098868283
45 96 0.30151881460024577
46 66 0.7900350610813291
47 75 0.668711441472269
47 81 0.7596401321732772
48 129 0.02607168575674934
48 107 0.12444545620800262
48 112 0.5434030657581256
49 126 0.2845598417538583
50 63 0.10998802905572702
50 71 0.06377330940925308
50 115 0.56858095918989
51 59 0.3614569577538709
51 93 0.7252137649862647
51 96 0.43012752929263176
51 69 0.04347442036616078
52 109 0.7877368781836497
52 110 0.31922327057753497
52 72 0.11190485039291864
53 64 0.9113721378905254
53 81 0.6895581034229751
53 78 0.2584394449471261
53 98 0.6696433847094567
54 68 0.8222204592624666
55 97 0.7735133927466586
55 117 0.6175540386348364
55 64 0.4216485665636075
55 109 0.1025781654605824
56 112 0.7850132408511101
56 117 0.4139253612360162
56 109 0.9814028954037323
57 115 0.7111614096562058
57 112 0.812398486627584
57 105 0.48134122603219276
58 68 0.453313682682174
58 86 0.7018870951915406
59 126 0.28220342798415876
59 88 0.0537229610175719
59 124 0.8312233935567432
60 74 0.27715542303185703
61 107 0.2430507589959785
61 80 0.7192389944980323
61 113 0.9117805807002005
62 122 0.7822476373077967
62 77 0.5966912820136392
62 102 0.24602308640656345
62 66 0.16618974007523268
63 68 0.09414908290586177
63 64 0.5704546479163376
63 71 0.5934155381056379
64 122 0.04773041861438754
64 110 0.4535636182387994
64 79 0.17201942083202737
65 129 0.9593267475640077
66 124 0.9305583554705379
66 70 0.4732087551521367
68 85 0.9726885799491755
68 93 0.21919343961329196
70 117 0.30766555007969
70 86 0.08723942454902223
72 77 0.18815863815353395
74 88 0.2354783198883238
74 91 0.2149901810198166
75 116 0.2514460991782077
75 129 0.6513760553541401
75 96 0.3749330819901199
76 79 0.7842298336627599
76 110 0.9759166027369459
76 95 0.9497428550022577
78 99 0.2561479323662472
78 89 0.9826616455558291
79 95 0.3048862995920034
80 100 0.32968458381452137
81 115 0.9792281376981788
81 128 0.28475242803848333
82 127 0.4523235967318717
82 109 0.9971213743314508
82 91 0.495680277379533
83 102 0.6775328314274038
83 128 0.271281034393271
83 112 0.018532473985545694
86 109 0.6635307840985317
86 94 0.9863232300916638
86 102 0.371933779880791
86 103 0.8902680145715954
87 98 0.6189779605032535
88 103 0.4787839637568577
88 106 0.7943412844942273
88 124 0.8830216100154302
89 100 0.1221407998266354
90 117 0.8927413720249008
91 124 0.9715647512380732
91 120 0.8936130542994125
91 125 0.8317197128160716
94 125 0.12030748918634937
96 97 0.5056365986788256
97 120 0.6596327873348161
97 110 0.3209736657005011
99 110 0.626745594254778
99 109 0.9614965066505489
101 102 0.04433443872234799
103 106 0.14664482126585565
104 110 0.9695232976949723
104 118 0.5144896444955359
105 129 0.050116460516997696
108 128 0.38298833814680866
111 128 0.20437757633950182
112 116 0.5856422233613633
113 115 0.6721857868512044
114 129 0.37743938021500123
115 126 0.28572335288789497
120 126 0.8028504302493389
122 126 0.9444370732953785
127 129 0.45508505339861327
