130 260 num_nodes 130
0 98 0.48319594010907874
0 89 0.5929940088927554
0 119 0.04725580303983046
1 88 0.2455474567839152
1 38 0.22880214246777097
1 72 0.49949480669827095
2 48 0.8746401149359635
2 80 0.06895327216415614
2 111 0.045314965375622296
2 72 0.0044013390998638435
2 64 0.9265281413748454
4 107 0.19764046057353934
4 30 0.9276252371555054
4 105 0.41887473388502794
4 115 0.2550426562626946
4 103 0.4416090015523999
5 95 0.8622841016688897
5 25 0.8375133375351428
5 108 0.2189114091089568
6 59 0.7810031571534655
6 21 0.8554911742666417
6 10 0.48884957500390913
6 114 0.2216026019398678
6 118 0.0534958296487944
6 95 0.5441639792116345
6 26 0.6028999836475171
6 37 0.8091078987370177
7 9 0.23768546559702564
7 78 0.381502469643894
7 98 0.1167602550490302
7 20 0.6439301397684876
7 26 0.30406520954368177
8 14 0.07666087304004077
8 64 0.8130266181018296
8 63 0.36076815403622564
8 93 0.21785263894833873
9 40 0.4958895426055622
9 38 0.5306169825692477
9 98 0.29849115217541233
9 22 0.8700386896378025
10 59 0.8176858720331234
11 63 0.6574470084239277
11 114 0.7106977592203161
11 120 0.4251013385427196
11 86 0.646106404669543
11 115 0.05787119037668387
12 69 0.12289068323621222
13 107 0.6235110558861182
13 123 0.8098487610399012
13 34 0.054200368066842364
13 100 0.021420038108168393
14 23 0.395125562398319
14 35 0.7068843025481849
15 27 0.4792430694593609
15 108 0.4989908247300622
15 105 0.6709174809897784
15 71 0.9020480098901952
15 95 0.8276805197535219
16 124 0.41118835854557256
16 110 0.8101897313144849
17 29 0.7642698334895645
17 106 0.3353871559280326
18 64 0.6198026564749731
18 53 0.6811598809353238
18 91 0.42069814711498843
18 52 0.20052355850819958
18 74 0.8732632170726601
19 87 0.06636477042429301
19 78 0.5307616111706037
19 66 0.9060331697685886
19 91 0.46449426560091156
19 100 0.7291848023999825
20 58 0.1258316635914738
20 85 0.7159773225316722
20 84 0.08077079174736268
21 92 0.02148644052053994
21 24 0.6741338076359663
22 28 0.9586747886098745
22 78 0.010151929104524227
22 122 0.22457795102075573
22 64 0.25519681949514816
23 57 0.20107362188296107
23 100 0.5909356005810953
23 81 0.4443029857189472
24 43 0.6737586818551174
24 46 0.5760066949043415
24 108 0.6181269654880863
24 45 0.5086881211590272
24 36 0.5240031018787531
25 26 0.4698360307361116
25 55 0.014952563602385172
25 60 0.5145545630020355
26 80 0.6654502904943549
26 61 0.8166693169389417
26 55 0.8129843326780145
27 58 0.9015261194407245
27 115 0.26990536653409636
27 89 0.5293601948846522
28 73 0.5634318687149342
28 39 0.11359573975464399
29 49 0.23381508998531064
29 86 0.4193531695063043
30 32 0.8861722239758185
31 65 0.3179285380328315
32 65 0.461647828178117
32 100 0.4052870177838084
32 75 0.31658899555486886
32 97 0.06988637990850532
33 41 0.5863475630786339
33 82 0.7907483356976036
34 44 0.003883495091193234
34 68 0.9814918794233367
34 127 0.32047966234128755
34 113 0.9592801573122395
34 59 0.985024124772532
35 118 0.46754653547228786
35 125 0.3087020623687756
35 91 0.5494332856155221
36 87 0.8239943721376981
36 95 0.45149633190246985
36 64 0.681188322423012
36 45 0.13616502972840583
37 45 0.24764720606384238
37 91 0.5710126381773598
38 129 0.36077513999403543
38 120 0.5976997105473055
39 121 0.5788652613161187
39 75 0.7126316354613468
40 47 0.09509558205383317
40 125 0.17193055839994242
40 118 0.3593710592072342
40 83 0.046077583948870404
41 102 0.954123367035778
41 104 0.733020058135983
41 127 0.850588680413329
42 108 0.11400184131211066
42 68 0.5194371469751007
42 92 0.9444516613322906
42 89 0.28051386383802035
43 78 0.5126800560140689
43 65 0.8148008067320771
43 116 0.7758552242889702
44 63 0.5226476290067126
44 73 0.007462226851301268
44 119 0.5410992355733732
44 88 0.7598868116641642
44 66 0.23576589122454517
44 128 0.4219974370484748
44 56 0.6761634869007294
45 60 0.5850222785503568
45 83 0.512514407896485
46 92 0.6010481051410381
46 59 0.6493197709815249
46 100 0.04259810276212772
47 95 0.050640945061733444
47 80 0.7836143901643078
48 57 0.23266779946442562
48 120 0.29147079832478207
48 87 0.7779288581266995
49 70 0.38797550366914535
50 78 0.48723289650271273
51 99 0.7318185681190931
51 127 0.10353214349564455
52 78 0.20064643738195376
52 84 0.7544724366456507
53 79 0.04426048686709072
53 62 0.38404529906078744
53 111 0.649297548138397
53 100 0.2869695142015031
54 64 0.23407652513559796
54 97 0.491631955128349
54 100 0.36240900448819713
54 81 0.02381646556696604
55 98 0.717110906573418
55 69 0.5002015638412376
56 83 0.7806214843539593
56 125 0.8149457878127776
58 101 0.07174715675152388
59 116 0.6665966002176378
59 113 0.7176874387845246
59 101 0.6741578171217806
59 99 0.38143465291484135
59 117 0.4485782272015081
60 103 0.33862669335594586
60 82 0.8433602554014935
61 63 0.7404695153166682
63 118 0.24983823395809024
63 84 0.9957835783589094
64 105 0.6753853609880575
64 123 0.7825693556090416
65 92 0.32158302617577783
65 103 0.6588394707254471
66 67 0.6903715989333563
66 109 0.8563557721642707
67 102 0.7541573304693261
68 128 0.46937797584231955
68 123 0.5657685887893674
68 117 0.8680170246085862
68 96 0.525282878268115
69 113 0.5327542912954857
70 103 0.07577367494865672
71 125 0.5890569133390758
71 108 0.7318987308923458
71 128 0.22044782990118372
72 99 0.8256708898094349
74 93 0.20695843341319087
74 127 0.394909436486218
74 118 0.9646995496471108
75 125 0.15298473194748674
77 129 0.3216996303310311
77 123 0.596972760907159
77 80 0.5211918424101757
78 95 0.009675867922809944
78 94 0.5863200751175967
78 117 0.37075777579939717
79 122 0.9689279932357572
79 116 0.8808295623522644
79 85 0.5236133273357858
80 92 0.2900442210002947
81 97 0.9443582036850041
82 102 0.34655806449046234
83 124 0.8571345193142215
84 112 0.887964567847057
85 124 0.33261297584802807
85 117 0.6029166341319999
86 125 0.11420321864390592
87 102 0.6152438873159163
88 101 0.459141348134389
89 118 0.8882522803867162
90 93 0.3853392751385608
90 116 0.7015395039124259
90 112 0.6440854859549245
91 117 0.8192597739943338
92 114 0.7730463171708174
92 120 0.895500987722351
92 107 0.028273317003132625
93 119 0.17383781955478417
93 125 0.1637511563198213
93 122 0.7521346450219807
93 97 0.41380183472209187
95 113 0.42233885187748854
95 100 0.6093043055221107
97 103 0.8395418862523131
97 118 0.1104452785444574
97 113 0.4939266386627288
98 105 0.45146251595917386
100 110 0.9163237306726796
101 123 0.723496894851999
102 126 0.2566499517979328
104 129 0.14436816580101164
106 114 0.7188101396386841
107 122 0.6856833780192173
112 119 0.511101609728872
113 127 0.6342791457746163
116 124 0.23031334522837654
117 128 0.6002029429887971
118 124 0.5611923509933573
118 119 0.3894153937539089
121 125 0.3083997077488305
127 128 0.3583249743519976
