130 260 num_nodes 130
0 82 0.5854952821437976
0 97 0.8272493354777699
0 48 0.8356215803869232
1 79 0.902092158590695
1 51 0.28464003871849597
1 124 0.874396042951786
1 26 0.2652145708647454
1 7 0.056506544440001916
2 86 0.18655600981521914
3 16 0.12436634106300926
3 99 0.07582299527610425
3 12 0.8014758074749079
4 117 0.0038722223818061785
5 38 0.2827862081573459
5 96 0.3296239816108797
5 15 0.19700391603600298
5 94 0.020500791845248334
5 105 0.12617949914551252
5 68 0.4370304674591189
6 26 0.14294079264718695
6 45 0.17374764666944942
6 29 0.5751138075857405
6 92 0.22511704318091352
7 68 0.7487915599678017
7 71 0.29753723412822897
7 83 0.09267073362738942
7 119 0.7949508426494766
7 113 0.809645086180112
7 123 0.5210323342073179
8 50 0.9429843170133095
8 30 0.07494676047961368
8 56 0.8052043090602343
8 11 0.7384592336535637
8 123 0.21813058724922785
9 34 0.9673258560342033
9 60 0.7239268989927602
9 104 0.3910080029706011
9 61 0.13594906912661853
9 47 0.2431388666840114
9 91 0.7375548499232403
9 128 0.8398490132420767
10 77 0.9413487643606389
10 86 0.12255721793272811
10 95 0.4449088504588743
10 122 0.7047950148448217
11 31 0.42933297457563224
11 110 0.36647341759963725
11 23 0.915649560625396
11 102 0.3835145373624168
11 80 0.7955718829536549
12 102 0.7088297465299133
12 17 0.5769211409727094
12 22 0.007025402731780095
13 29 0.9390266272890604
13 121 0.7346871770837691
13 95 0.34845830677520295
13 34 0.8938032260226242
14 32 0.7858109938204743
15 34 0.6556962473736141
15 90 0.43719520942660395
15 83 0.48094040447035113
16 40 0.7009737272004481
16 31 0.8817710936175038
17 105 0.5899613568583124
17 73 0.29054740987793315
17 60 0.9637579129087744
17 45 0.24367961469092703
17 114 0.5177940875646407
18 89 0.989116701663688
18 69 0.3214692344163359
18 123 0.3065135425155415
19 27 0.40105649400115373
19 46 0.3216469644377554
19 124 0.5276686087070731
19 70 0.26334692870376575
20 86 0.6105363547461073
20 45 0.6251039669898206
21 87 0.2743296996671495
21 96 0.9226721387570149
21 23 0.018919257673587597
22 88 0.5335786921614406
22 128 0.6526691237364687
22 76 0.09189373998309602
23 30 0.24665934679625678
24 93 0.24528188361352843
24 111 0.697845114469071
24 127 0.16806821444362507
24 95 0.2603418881035533
25 96 0.8081707159112294
25 27 0.7464813809982797
25 68 0.24999408278983948
25 69 0.45863248484543784
26 54 0.023001003663791764
26 98 0.33820632424652475
26 82 0.19572692098555255
27 81 0.11013628850013335
27 86 0.6660912642829245
27 31 0.6069369111321326
27 46 0.004341068484097543
27 59 0.002521621636680238
28 110 0.5862884584155222
28 38 0.6497563404949097
28 113 0.8749336151209257
29 126 0.6385588935262705
30 106 0.12249967435057607
30 62 0.6109901689475308
30 123 0.9547960764027565
30 31 0.5634854703116782
30 81 0.7261220030391812
31 32 0.38316130396721537
31 118 0.6779537450212577
31 96 0.5538856084679076
31 87 0.0035200656356482174
32 87 0.24634591226746838
32 70 0.5363791307701282
32 100 0.2455518420468198
32 37 0.599976776750181
33 60 0.8728875622849828
33 79 0.2873381407755591
33 88 0.8999238349809269
33 109 0.39333659811513844
34 113 0.9003935053821213
34 47 0.8560639568675601
34 119 0.8083826666737165
35 96 0.3678560675151836
35 66 0.3151999258608058
36 121 0.324962752086561
36 107 0.6469022148384792
36 84 0.7754595443898648
37 80 0.8681534964864203
38 101 0.7387384389625692
38 59 0.2608517321408991
38 41 0.7044293263931705
38 45 0.6694813331884953
39 67 0.6197002275078175
39 105 0.9982485404807145
39 102 0.5310440666087927
39 72 0.10341990342195273
40 80 0.4842067294986211
41 83 0.2782233518221051
41 105 0.022511443183323432
43 112 0.4932863850368131
43 128 0.5698868944158627
43 61 0.6755588577091759
43 65 0.8527879071136859
43 45 0.7019867585061024
44 51 0.5655819179915824
44 125 0.5405205476251076
45 93 0.13448038734169732
46 71 0.09969607084490173
46 61 0.26205262010554875
46 108 0.09803994518676418
46 75 0.013627992223845142
47 80 0.735341083308021
47 83 0.6238795457907741
47 117 0.1877092438377007
47 48 0.09476362955307138
48 80 0.39863242979949953
48 67 0.5994451764093879
48 61 0.39034849178252384
49 59 0.8642020592102915
49 101 0.5553849335671274
49 54 0.8641741507656581
50 110 0.5157867838140172
50 56 0.9096776834180947
50 68 0.720258928706556
50 117 0.8571889151062648
51 64 0.6256844290594202
52 122 0.8604816377615143
53 125 0.512666231848954
55 126 0.1949677026062846
55 115 0.012191694422691857
55 62 0.331560500389541
55 78 0.4807145871467027
55 65 0.9115031532917607
56 128 0.6323157183939673
57 85 0.00438680568633909
57 69 0.39080416298215315
57 108 0.42606177632854025
58 87 0.544073672688844
58 119 0.14411264860818107
59 86 0.4716320831838935
59 75 0.4377345285625317
60 110 0.14833844324913315
60 99 0.6642433412461483
60 128 0.08465271920299122
61 68 0.39054568589086747
61 76 0.8888039032606639
61 92 0.989091519365114
63 69 0.33301108925082756
63 116 0.01916714077491477
63 90 0.5118047932155363
64 116 0.6401029930141741
64 122 0.18428088684571142
64 100 0.3088462768832422
64 112 0.4985233417696545
66 120 0.7307108321978811
66 111 0.36744891703478166
66 77 0.9164099479880544
67 94 0.23600397428181552
67 95 0.6798017218928681
67 74 0.5160052277919264
67 75 0.36124132608588755
68 72 0.7777529767243888
68 108 0.9209365506004245
68 105 0.8961264108917857
69 129 0.2657835401932228
69 118 0.3994113081014896
69 98 0.318040237428021
71 129 0.8241165589343562
71 125 0.8192911085294683
72 123 0.028171317861872325
73 116 0.06907511693115964
74 104 0.25402673772444295
74 107 0.30709621600038894
75 109 0.09643275960089837
75 94 0.02495468358896824
76 81 0.49398827844850224
76 96 0.8794337977893603
76 107 0.4517548898400683
76 127 0.3630642921865933
77 107 0.29819753181961706
77 111 0.7913006586412726
77 92 0.5681305356545258
79 123 0.8334213043706652
79 80 0.5736673869050241
80 92 0.6624003349551464
80 106 0.6815589260126496
80 125 0.6781101821880913
80 127 0.9161192436136295
82 123 0.4741295685766428
84 96 0.30810435938976355
84 109 0.8387909168642361
84 85 0.8382098144900022
85 119 0.8031477450466713
85 103 0.8904337094124042
86 115 0.3422180876301545
88 106 0.8647457357045681
89 104 0.1215403158295536
89 107 0.8387708703258436
90 127 0.6842954260559891
91 100 0.14692530793779368
94 121 0.6836998346802199
94 101 0.62145172778019
94 115 0.5285514987430583
94 116 0.49033792492395223
96 117 0.6271256277761671
97 117 0.3502369912603124
97 122 0.5490153927238186
97 111 0.7706189231830991
98 129 0.12497992795688972
98 99 0.8013686702922251
98 104 0.40236858207701187
99 121 0.2679730209242881
100 106 0.21610567734187158
101 109 0.5680630249851653
106 123 0.18580273560219507
111 122 0.5496709052173805
113 123 0.18122696842263986
120 121 0.392423132625468
