130 260 num_nodes 130
0 54 0.8081766477817808
0 46 0.2942168202628126
0 39 0.18703532400316725
0 129 0.6644377615089273
1 74 0.3316385690290089
1 43 0.3563731257996873
1 79 0.533993236802841
2 84 0.7809964342579863
2 20 0.38739354015509864
2 59 0.112042778997693
2 8 0.04821151952978164
2 116 0.301992863620439
3 40 0.3687227154904926
3 64 0.5806376378126037
3 59 0.5943184623917571
4 83 0.9976417644928908
4 62 0.5958244169333021
4 77 0.6061515488603182
4 70 0.2744776424105865
4 54 0.41854321137429074
5 102 0.6385033488767357
6 54 0.9793610790475212
6 117 0.4155773544534205
6 112 0.3159970669210035
6 45 0.5249338496713527
7 99 0.0587213659123359
7 71 0.05198188362324463
7 22 0.527431668496057
8 9 0.3142288849394784
8 20 0.16830981451278515
8 52 0.4772539944156938
8 103 0.0011110575388774135
8 67 0.05811930021203082
9 31 0.9738428229844998
9 125 0.9244562499311231
9 54 0.6030747465947117
9 82 0.31601449268315607
9 63 0.9414490710107019
10 91 0.042429853020075625
10 125 0.35705829645799925
10 103 0.6859687739080194
10 92 0.0642394995364668
11 66 0.9725203854333055
11 20 0.3377214164877391
11 93 0.29815964863673716
11 48 0.34112553652404043
11 127 0.3332168630665252
12 41 0.5595061052707213
13 83 0.7212539363760861
13 56 0.9824286922494341
13 80 0.12482118078228766
14 15 0.9527743984890646
15 74 0.8718430236670686
15 58 0.5069517542590498
15 29 0.3228665365103933
15 68 0.710866773816862
15 73 0.07805109564752932
15 108 0.3925721945227927
16 38 0.40847824793327503
16 126 0.6242213621899081
17 23 0.798927893986105
17 105 0.41760134716784025
17 113 0.037159759366780176
17 39 0.13313513394447662
17 61 0.7512086828324879
17 129 0.28076819011693777
18 51 0.6444106296751466
18 57 0.22988948895275563
19 105 0.43232561720291807
19 71 0.9880956129941847
19 21 0.11079231984939208
19 24 0.9268181785828132
19 62 0.8914923950000699
19 103 0.37580212735727436
19 29 0.09001145348872042
19 38 0.3195071435645461
20 81 0.40740181813428844
20 93 0.053183769703237016
20 45 0.7651193999110837
21 73 0.10269320923323066
21 36 0.9191189953611104
21 39 0.029265526992187985
21 60 0.011865258637449472
22 95 0.15899544912176777
22 76 0.1814564084758682
22 91 0.817047113116222
22 80 0.21833939453827356
23 110 0.5137446256624907
23 89 0.5037132197955456
23 79 0.7107805868726426
23 42 0.44508996590993344
23 62 0.7933322891542469
24 74 0.26247047232630105
24 40 0.7016561028053322
24 29 0.7667316290161675
25 82 0.9688544223734176
25 40 0.6500884516302297
26 101 0.0023439307794113073
26 80 0.8861789736000936
27 67 0.9908591454199428
27 48 0.7772524950612218
28 125 0.26425785544966707
28 30 0.35101430155337554
29 80 0.38155156909275934
29 65 0.5732474046278051
29 93 0.678171572480608
29 40 0.7779927873244034
29 78 0.659745523083558
29 87 0.048636014018611284
30 42 0.9914604022944553
31 84 0.20577151044329223
31 69 0.9769167878689508
32 101 0.031921524163172066
33 76 0.996145191146948
33 106 0.3954669300391285
33 73 0.7508164331835843
34 64 0.18057237324359499
34 110 0.5112276973871501
35 65 0.849183667995181
35 86 0.7070238112322399
36 66 0.02410823215878166
36 64 0.2796490669778747
37 50 0.8902005439500892
37 122 0.8856392470829443
38 43 0.8727596973093997
38 45 0.7787247798480431
38 44 0.13500692744937604
39 122 0.19793300444312334
39 82 0.32007915606640025
39 55 0.5035132185728107
40 97 0.9437099079922522
41 115 0.814058465267471
41 51 0.1763202807672467
41 95 0.4913023458100395
41 65 0.018716815833042966
41 93 0.2442198593496654
42 49 0.921920314865909
42 53 0.3277992504759566
42 118 0.7244763480924409
42 52 0.7664142511478208
43 116 0.559450064847709
43 96 0.47701834727117265
43 99 0.8463109172979214
43 55 0.31871204088344995
44 70 0.4883611090885913
44 76 0.1763380237943738
44 122 0.17315048545122202
44 86 0.10109106932620882
44 105 0.6334868527194112
44 82 0.07715957714106281
45 63 0.8328508611426855
45 74 0.9456985050491443
45 73 0.415993687067578
45 84 0.37405011119582876
46 126 0.21365980645643268
46 52 0.662347635310635
47 70 0.4694232775637488
47 117 0.297104104961755
47 122 0.40870845383491916
48 127 0.43632567198398964
49 79 0.4111627581095457
49 75 0.43933051371045695
50 82 0.42619016313067604
50 77 0.16136435514236125
50 95 0.012768136399142871
51 112 0.9325605178363291
51 122 0.7759467171206221
51 61 0.6348236920177864
52 79 0.6694297874068639
53 112 0.49739842018853353
53 108 0.8857272451071292
53 62 0.9855130085041055
53 111 0.7949942970293137
53 82 0.9603666696379499
54 92 0.4284961318729006
54 64 0.599823554450294
55 109 0.9169006771536731
55 107 0.49321273388451814
55 99 0.33532611720573746
55 127 0.45840663250352465
56 92 0.5696363814944245
56 107 0.12699583728040809
56 77 0.4939648850074706
56 125 0.5496433117824483
56 122 0.3478312431022116
58 91 0.39670198744330976
58 83 0.36245813922902015
59 78 0.10901044374299818
59 106 0.5274585752264145
59 99 0.9808935065470933
60 77 0.8772140776065631
60 71 0.7374586239283819
60 103 0.7022108304604032
63 129 0.0579414461639145
63 82 0.5629966525857479
63 113 0.8721241676526429
63 88 0.5179340602570706
64 65 0.39973355935717747
65 78 0.283915913719908
65 71 0.09067307498042199
66 69 0.37923547340507957
66 86 0.08318138456969904
66 123 0.9026195046606865
67 101 0.08314979447588067
67 103 0.23493881656204618
68 86 0.1546098087291189
70 84 0.6108399650634685
71 121 0.6874138155053565
71 118 0.9148519345482136
72 80 0.17938831955303647
72 76 0.6929769364748346
73 110 0.792885243323085
73 82 0.05428423612766231
74 79 0.7104567066275109
74 113 0.7164205880798745
74 104 0.2151301793541499
75 86 0.6065456592198704
75 105 0.2828912306524224
75 80 0.3330169247157163
76 88 0.8504800528373251
76 123 0.37355837030284367
76 99 0.5519844423925786
77 100 0.6007779550474409
78 119 0.3220335497905592
78 105 0.13699556647007438
79 94 0.4611517793563845
80 120 0.09641079947873488
83 126 0.9132706542352749
83 95 0.28547176990782464
83 84 0.9177093852043234
84 120 0.0169354560545808
84 102 0.46644305138673736
86 99 0.1936864481546493
86 122 0.24848316255140013
87 120 0.22401342669781754
87 92 0.3531338405372443
88 117 0.5752708599802426
90 121 0.2593118260809766
91 111 0.11443255138891628
91 121 0.7944650984168239
92 93 0.4699666179507054
93 103 0.877726152404566
97 101 0.1650901646588967
97 116 0.47803008510405054
97 115 0.21432169525655154
99 126 0.05989072926862937
100 127 0.7393841039959573
100 113 0.7040922867913536
102 124 0.5919380348654267
102 115 0.9556448581684537
102 129 0.14777954966248075
103 120 0.8254483809437883
105 108 0.16078632762467748
105 112 0.06576153095214676
105 128 0.973954379941536
106 111 0.4453717052865954
108 122 0.058909558548659424
111 122 0.345926537119822
112 129 0.7860723564843369
123 124 0.6539957960736423
