55 110 num_nodes 55
0 15 0.8929831033198691
0 8 0.24747861213653333
0 13 0.6099084636398217
0 38 0.6380387617210441
0 53 0.8382564949799497
1 53 0.8890785688608628
1 23 0.4439832871140186
1 47 0.5215327542888157
1 25 0.10071655309328353
2 28 0.7494447537740413
2 18 0.5444717872129132
2 25 0.9693974968782545
2 51 0.4321261437151509
3 10 0.3856477417318436
3 16 0.7966658881295597
3 5 0.6151224285134473
3 40 0.6732429750259638
3 54 0.783264308260039
4 8 0.07043363932615809
4 21 0.9269587912865749
4 50 0.6345271086928345
5 27 0.35020628223593875
5 19 0.47928094523967135
5 51 0.542827928446052
5 31 0.4277914451847029
6 36 0.2311864221601998
6 37 0.7198173406525028
6 26 0.9789883661721105
7 23 0.7205135446693167
7 48 0.8925180947111423
7 9 0.036363081321280966
8 28 0.5488148565730064
8 46 0.21430644231019513
8 36 0.7444611076665658
9 16 0.6728541896587438
9 23 0.9788113867048494
9 40 0.41448813752906777
9 26 0.12341239505280255
9 29 0.42537851215373956
10 24 0.3123736992592122
10 26 0.893625458373668
10 46 0.9169192481436477
10 27 0.18452825919750282
10 33 0.25072039570529425
11 49 0.9518505158993641
11 13 0.18816340920115937
11 20 0.34926820632730216
11 45 0.1407911928443778
11 19 0.5050611840886277
11 34 0.6421879202447671
11 21 0.4823010720131852
12 34 0.24123719807638144
12 44 0.6995739070621959
12 39 0.1527139185928562
13 46 0.02814264981156256
13 49 0.45163474176553464
13 21 0.5551265321671531
13 53 0.4711803841228588
15 41 0.23744468680355768
15 30 0.25611206675032705
15 52 0.24172418466998524
15 47 0.6895346584295763
16 39 0.9880285477635531
16 33 0.7468415479148809
16 52 0.19049131398146646
17 26 0.3218147485332654
17 21 0.9211779503130402
17 18 0.9247582771247876
17 32 0.7059556822259044
18 20 0.9645538628288158
18 26 0.23113434216285889
19 24 0.9024091564790194
19 52 0.984043166174337
19 22 0.02360781914173027
19 30 0.5530759680792016
20 43 0.25720258564485676
20 30 0.30095188706278675
21 31 0.9400936188016658
22 47 0.4675460762460306
22 54 0.6816130087304157
22 29 0.7439376486086476
22 32 0.8195239352428242
22 38 0.99161096210406
23 26 0.11223098742048421
23 51 0.07408139765043098
23 32 0.6994972519027103
24 34 0.19377076061797138
24 37 0.7472615325939604
24 52 0.5236931141247465
25 30 0.6223974961323457
29 49 0.6651691704272512
29 41 0.9877298577291354
29 31 0.0296438914702023
30 44 0.16439368708174096
31 40 0.518280396759605
32 39 0.5333760927480428
33 41 0.6775785218693838
34 44 0.2926570414482058
34 38 0.2017951802375152
35 50 0.9232102771063606
37 38 0.03329900132413177
39 54 0.4319176492607433
40 43 0.19246091076221183
40 50 0.7405439029071059
43 45 0.22624667976927715
44 50 0.9839579606787019
44 46 0.7919177867793024
47 53 0.9157198299858235
47 49 0.5950824863932717
48 51 0.0652720112893137
