90 180 num_nodes_edgedegree2 90
0 77 0.39159060914282917
0 49 0.4597504613443357
0 68 0.4084243935641091
1 48 0.7911947497901689
1 29 0.6594015089998321
1 35 0.5919195939026931
1 16 0.5769306980987383
1 78 0.8129222165899688
1 85 0.18237832702626555
2 3 0.45284597607436616
2 53 0.40194469505125785
2 57 0.729688676602781
2 28 0.656749757837548
2 50 0.5922144888628749
2 63 0.536884006282159
2 20 0.09415038417205757
3 62 0.12915769498351093
3 40 0.9167611132857247
3 54 0.1762201710363399
3 60 0.6272995591683262
3 29 0.6123753962090795
3 14 0.12357532176754538
3 50 0.25482300596156815
4 61 0.17462625842343016
4 86 0.9651321421473635
4 18 0.7473735025652982
4 71 0.16364280174227153
4 65 0.13606621159678012
5 39 0.2943694465060147
5 8 0.8989472019984691
5 52 0.428718644217029
5 37 0.19238597803260915
5 14 0.27582625494427804
6 39 0.4465848628200195
7 61 0.36605616620774095
7 38 0.5513935085298237
8 32 0.052853206624360105
8 37 0.4581284080950162
9 10 0.40713534756041025
9 48 0.4851891718711201
10 17 0.7524536312773904
10 34 0.37472596521752355
11 56 0.9099102630938674
11 23 0.5392052195948728
11 52 0.7806257378938163
12 26 0.8335485334753961
12 23 0.23225871255760822
12 44 0.6231726742511667
12 86 0.1628174590075363
13 75 0.43988257982906775
13 20 0.8991635011459338
13 32 0.9195241724368212
13 63 0.47676122273952326
13 41 0.857463345458709
13 35 0.31695370683555746
14 79 0.6062672510404287
14 37 0.807421367906636
14 43 0.5342854336742433
14 58 0.20851330798078682
14 20 0.3445534031220079
15 63 0.8276533829410028
15 42 0.3112457841887841
16 65 0.16052123221656067
16 27 0.3691463183743485
16 18 0.04521713090720991
17 72 0.006651336522048856
17 62 0.05035776529124514
20 21 0.314605454601231
20 57 0.2531442670001357
20 53 0.4728465213211811
21 82 0.3559004512433259
21 64 0.33033458799582427
21 84 0.4470742728600706
21 79 0.7325687330267565
21 57 0.505272808921467
22 46 0.9703773247097055
22 81 0.8562524110630657
23 44 0.7810283625200134
24 38 0.43780882193569337
24 33 0.6934172939811127
24 75 0.8494980253294319
24 30 0.03845231273059013
25 69 0.5710084602272217
25 70 0.4478155324056263
25 48 0.15681332943972393
25 41 0.9883407826606406
26 54 0.9484211003196027
26 65 0.05354056695104381
26 73 0.18333035354527205
27 87 0.7112785746494503
27 75 0.17112230230322634
27 34 0.10841762756582274
27 68 0.27741583201174347
28 67 0.5436477961130691
28 86 0.4388503302582025
28 80 0.01855638680860794
28 57 0.21661912234482394
28 72 0.2689737488589595
29 34 0.004727958514852526
29 70 0.25288120718396745
29 44 0.15710818439366236
30 68 0.06647732320138156
30 77 0.8088882161775833
30 87 0.7620654887001258
31 51 0.5691933528861938
31 34 0.6131547085682534
32 70 0.16487780793036022
32 67 0.7246332262469277
32 72 0.537163750133181
32 47 0.8555861881147124
34 84 0.30837317686742205
34 82 0.41630370368001046
34 42 0.4380855662188653
36 75 0.03465187103726708
36 51 0.48320573532765987
37 58 0.4188862980823276
37 80 0.213652887610562
37 64 0.5239871416905383
37 46 0.7662643245288594
37 69 0.8053760142476099
38 39 0.20390745774434826
39 49 0.7460600077387798
40 61 0.672753387530712
40 83 0.6402177874008611
41 89 0.7811878781905859
41 84 0.3815235899130466
41 78 0.6560551405977075
42 78 0.7234994925631737
43 53 0.9544423011512154
43 54 0.6676755366881971
44 73 0.9725570701023107
44 53 0.97565489187235
44 87 0.17477632874994808
45 58 0.5757734087246085
45 62 0.39997750394367215
46 72 0.23604189827765032
47 86 0.4392373024197179
47 62 0.16892555578989665
48 83 0.38558614530739543
48 70 0.635133659412975
48 55 0.6443575639418454
49 55 0.01286143910002191
49 85 0.7917032404753656
50 75 0.38032862879878626
50 66 0.3682224400125793
50 74 0.5261372051836292
51 65 0.4507793270103093
52 64 0.5114257962792493
53 85 0.1805851441188655
53 75 0.44917103021157745
54 64 0.8308405885433843
54 69 0.34575503147137454
54 80 0.7412366618461347
55 77 0.6028379977225354
55 86 0.7733490305377104
56 63 0.5021722109770635
57 60 0.011657567802823454
57 89 0.48541278042652103
58 76 0.3188950565424835
58 72 0.9736680657888201
60 63 0.8433501227785072
62 68 0.9827415482059351
63 64 0.24181893986240144
64 85 0.7160490563847239
64 86 0.7790615518041464
64 76 0.5048994282993486
65 84 0.764941935135953
66 71 0.6773785904966243
66 88 0.17064987611476135
67 83 0.01800564265230231
68 72 0.06652497181369443
69 83 0.8579568753896516
69 79 0.6763239367690752
70 89 0.47161044716736855
70 77 0.6902944347801393
70 74 0.20797695261667726
70 73 0.8299239291733311
71 82 0.1815059245496794
73 86 0.586166910552854
75 78 0.1014290589990724
