90 180 num_nodes_edgedegree2 90
0 49 0.8082067087416269
0 4 0.21547085905166796
0 67 0.4157217170019666
0 9 0.48197023693037266
1 24 0.7313124638029602
2 47 0.8889779730090723
2 89 0.22207792829882111
2 12 0.7928067998321588
2 65 0.9387545252322493
2 46 0.9953428749260915
2 87 0.5122381098508306
2 57 0.8013887421891923
3 4 0.4102729114840237
3 29 0.7788357377410078
3 10 0.23804638482100116
3 5 0.4225456933489662
3 62 0.8104369357066507
3 57 0.7102291419135314
3 66 0.6217065969465062
3 36 0.6639237285033688
3 79 0.8719146239265965
4 77 0.19854084737255318
4 54 0.21728275768786154
4 32 0.2809563168545388
4 31 0.5746888679767397
4 19 0.9862622771993154
5 75 0.08205390453694617
5 33 0.96559400648341
5 63 0.4662837760227406
6 34 0.6711366303449942
6 53 0.012993594699435063
7 11 0.8687379557508202
7 13 0.44471351166097617
7 26 0.2544793500767142
7 46 0.9089431268816508
7 85 0.7887304288497553
7 52 0.306545223762267
8 14 0.18761237662422336
8 11 0.3441045794012302
9 43 0.04102286247785014
9 32 0.5885287057087114
9 28 0.17092294359030635
9 45 0.7570229918272684
10 46 0.6471535570493515
10 75 0.06946905875812737
10 78 0.36671244490240285
10 74 0.002023420402743059
11 28 0.4765645630162191
11 65 0.7811081054922313
12 21 0.2730744079268159
12 23 0.8435925284943315
12 52 0.7604941884757874
12 73 0.11918435700659413
13 87 0.8447540128635016
13 40 0.4887379945460174
13 30 0.8164403321179612
13 27 0.3572945665754822
13 39 0.6588231967396116
13 88 0.493523416981664
14 80 0.702356421530812
14 20 0.601895358054706
14 73 0.9411523328962439
15 66 0.8167437533625884
15 32 0.08786184585551393
16 32 0.12366831830959912
16 66 0.915390732205973
16 20 0.42850797606575186
17 22 0.7516181096661411
17 66 0.010673446957792265
17 71 0.36316853667001536
17 59 0.14367806550943274
18 41 0.9366968906128693
18 58 0.42319113842143197
18 53 0.8977907506102547
19 31 0.9967143800014352
19 60 0.9583963409990518
20 55 0.8831538163041166
20 57 0.746943363328869
20 23 0.3701725123507651
20 29 0.1913687814116798
21 85 0.1428904165914523
21 71 0.47846810954780616
21 89 0.6865926404005843
22 30 0.9170741683772735
22 41 0.44087434085265786
22 46 0.5849563312736852
22 69 0.3322750948417431
23 57 0.07521759768656366
23 29 0.7362430333018396
24 62 0.9334243291523849
25 86 0.9727389301954404
26 62 0.3624732697775479
26 87 0.9078827828590182
26 59 0.6237125217682119
27 77 0.8587051771451828
27 48 0.0126572305343301
27 50 0.4598076767744752
28 41 0.08820950896574853
29 75 0.4479237586201331
29 65 0.9320559854985382
29 56 0.49832769323992177
29 79 0.04343105071501174
31 62 0.0008879963444480277
31 34 0.2022315031601345
31 86 0.25086622789460433
32 39 0.43623211063732226
32 87 0.3930209870545057
33 43 0.96201968073836
33 77 0.7605688197001099
33 70 0.9246694133136969
34 64 0.014803339769100643
34 78 0.518856607459205
34 47 0.8699134530960073
35 63 0.6731213838219912
35 54 0.876671691266228
36 43 0.8160698055238087
37 88 0.9866403514152362
37 45 0.45788257556142486
37 50 0.9658395014055866
38 64 0.2840087621827153
39 61 0.38267080641883167
39 52 0.5735692607521183
39 57 0.44892789753918194
39 58 0.7089408989117411
39 47 0.5671472703218136
40 48 0.8853135973408429
42 82 0.9680658450531451
44 72 0.21669297068684334
44 78 0.36182934133629086
44 50 0.6993665302560645
45 46 0.20965293824888442
45 84 0.592256442634597
46 59 0.43789080665939595
46 65 0.7608884621519846
46 75 0.35549970602085035
46 79 0.2838951792189357
46 78 0.8961138100418627
47 65 0.20971415472012345
47 50 0.26438095682941154
49 52 0.8277940306519347
50 81 0.24926164127546047
50 74 0.1897547035198227
51 59 0.9342122725465677
51 79 0.6178234881529153
53 67 0.5378648529163729
53 83 0.7414415252295748
53 61 0.5125369610031986
54 67 0.5277288349249608
54 55 0.5106432033907279
54 89 0.6291704784511107
56 69 0.08019753988468481
58 59 0.24453656071315832
58 71 0.059849453717559564
58 81 0.6724991792319598
59 85 0.3733591174836913
60 84 0.4678067704011559
61 84 0.9118411049532374
61 67 0.7732000971186193
62 84 0.3817953987888504
62 65 0.3193147293370482
62 81 0.8693843261133548
62 87 0.10947913401434273
62 76 0.27854451975255645
64 65 0.7456070942078314
64 83 0.7334105108193548
66 71 0.7129725675694198
66 88 0.7500223518845591
67 83 0.8124979941807037
67 74 0.23290572970595302
68 82 0.39436487588989244
70 77 0.5726287936938615
71 86 0.3292154548735875
73 83 0.07193841396893386
74 87 0.06337421728161918
74 75 0.26276767211730345
75 78 0.2398234287072819
79 87 0.42686762598049866
82 87 0.4241627973552653
84 87 0.08607409747633632
86 89 0.062188283635474795
