90 180 num_nodes_edgedegree2 90
0 39 0.7153667179871285
0 61 0.18224570531162798
0 16 0.9966243337879812
0 41 0.5361824199557405
1 77 0.6425785154260032
1 49 0.9402295905999039
1 53 0.7952245639266411
1 61 0.674803475009937
2 19 0.7562227923567518
2 48 0.9190285863161883
2 62 0.780046732977348
2 86 0.40597698260906223
2 67 0.36673566314217
3 34 0.23667495113980164
3 87 0.21190678682445496
3 72 0.5649666568727374
4 17 0.21392410706201526
4 30 0.9455924960102707
4 25 0.9924168840652703
4 67 0.016167788575558117
4 52 0.5735080465041597
4 28 0.49488488438355327
4 5 0.7430944358770921
4 61 0.927635788333484
5 38 0.1646123037547318
5 77 0.4444103605981642
5 78 0.01983897905659404
5 43 0.8454754912762334
5 15 0.31540217752843447
6 73 0.7273396356235567
6 78 0.6849933793141303
6 34 0.08393580080269403
6 60 0.7769150298857019
6 8 0.4713191046789159
7 81 0.03946895072475198
7 75 0.3481367180823901
7 45 0.05021807240792986
7 16 0.7038183675156848
8 74 0.7736419112166423
8 85 0.7087741047747853
8 61 0.6040225043092587
8 52 0.7957938886215178
8 29 0.9299516454437773
9 13 0.5364740358585736
9 40 0.4780538938847796
10 21 0.15460671138728854
10 82 0.18969291114977938
11 44 0.4192378615648932
11 65 0.6172769389928616
12 46 0.7707674513157149
12 13 0.7312708744777451
13 83 0.09239273089768041
13 79 0.2988061491504713
13 48 0.5055917487870496
14 43 0.7692551147638776
15 36 0.535707231275869
15 53 0.9483008670103485
15 28 0.40744179777424516
15 31 0.6311745756996664
15 21 0.13227837551496613
15 68 0.5182984299595038
15 54 0.9706341024023212
16 69 0.08074371833339644
16 87 0.2038536810938486
16 75 0.17431227207950684
16 32 0.29453373990950216
17 56 0.3286019835084114
17 48 0.6623650174070274
17 80 0.08799321849329045
19 81 0.7447954355756308
19 66 0.30992731617988356
19 88 0.06423808463861747
19 25 0.792591349694164
20 75 0.21252846811873838
20 89 0.22713450384851686
20 40 0.32182146937449685
22 46 0.7289283672115675
23 40 0.44851219772196005
23 41 0.7232016427319611
23 73 0.5128970128901034
24 60 0.8688528697391245
24 40 0.029320470003848853
24 42 0.9505977754733917
25 55 0.8884853081848095
25 28 0.2523715536168438
27 63 0.6927910309107915
27 81 0.9697974347483916
27 72 0.3407670164317803
28 83 0.42411280705371746
28 56 0.3314683877388639
29 70 0.3234872229792619
29 81 0.03184298214792203
29 43 0.6215349219293633
30 75 0.883145223006481
30 38 0.5148756238638701
30 34 0.31438690953420123
30 84 0.6249220457647717
30 35 0.5973669019159358
31 34 0.36189867401588993
32 47 0.7771764263582002
33 60 0.6423402666190444
33 86 0.011160700419162506
33 78 0.6329270866490931
33 55 0.26215848153278154
33 38 0.9699960946377296
33 46 0.7721494082196284
34 73 0.8949619008581251
34 64 0.6387898314003283
34 57 0.278952675500478
34 66 0.2300369958104369
35 77 0.7149005587267017
35 64 0.4875056495917778
35 43 0.07775991684088301
36 66 0.17888518845141688
36 75 0.9501592870855374
37 54 0.5924855527668679
37 52 0.3850779903682532
37 53 0.4433836486132904
38 53 0.9225477577523342
38 66 0.7381979782647142
38 75 0.19613636014700264
38 64 0.29661509521978435
39 64 0.5074453422933537
40 46 0.547561876983803
40 74 0.6870015024744288
40 76 0.7072550012600388
41 69 0.6510907067486058
41 76 0.18313292690860894
42 70 0.8027051077990234
42 80 0.6390476216063695
42 86 0.588432692518916
43 70 0.1344780190207887
43 83 0.1754706519161553
43 69 0.6009113792891285
44 73 0.03718440641009246
44 79 0.2334613615564144
44 59 0.06413282555364219
44 49 0.6339430066465698
45 59 0.2913805406776203
45 86 0.5673620516526332
47 77 0.4621124653295786
47 76 0.8721123034725198
48 75 0.4618948487947627
48 58 0.788153373160396
49 54 0.35216467390274586
49 64 0.5431442626000341
49 66 0.8236356975063712
49 82 0.06329834342819252
50 60 0.8792139161665438
50 73 0.5488818454273073
51 73 0.6822583520487029
52 74 0.048415392913562116
52 72 0.2840037419515371
52 68 0.8218782270130086
53 81 0.6942723371867954
54 66 0.804395314039941
55 80 0.9936571598763745
55 81 0.5724607373015612
55 86 0.6791607700190805
55 71 0.16018422123105958
58 80 0.5085733440626103
58 84 0.18339167633266185
60 80 0.9366921431043979
60 76 0.957519872085643
61 81 0.3744426674982939
61 69 0.3478840927767629
62 80 0.09518565318906702
62 64 0.666249287331903
65 79 0.2965503862211799
65 88 0.2139793488379682
67 79 0.6175491359802574
68 74 0.6248536118686784
68 76 0.45586280622725317
69 70 0.4269351295300724
71 87 0.5666435472106445
72 73 0.4685185171080929
75 78 0.002528451667977216
76 82 0.7611270023449257
83 89 0.9825838916585131
85 89 0.24832595540509395
