90 180 num_nodes_edgedegree2 90
0 37 0.6399412289596667
0 27 0.6889866398107387
0 69 0.7121097566465194
0 21 0.3950779246941708
0 86 0.3390780173228779
1 73 0.10507875384631415
1 78 0.3552030722951023
1 66 0.4626444852868171
2 51 0.6360203504237639
2 41 0.1253008136339142
3 82 0.04457037497056193
3 58 0.9921111616930054
3 10 0.20812860647402331
4 15 0.006648462353037399
4 62 0.30728833720359094
4 24 0.6552590824309633
4 32 0.9109264191038521
4 89 0.9940451088361058
5 10 0.9250148449839821
5 59 0.164860063425185
5 45 0.4855195353017404
5 46 0.4329850725144433
5 69 0.17644555610787782
5 83 0.14134965175376024
5 24 0.2051102940367897
5 17 0.12672684476299378
6 41 0.08340545569465707
6 25 0.49006996714094975
6 78 0.3221307226464263
7 28 0.05575263028861577
7 29 0.5708293783517994
7 21 0.46528395538603196
7 85 0.01542555158770298
8 11 0.6752476117409053
8 25 0.04390704837916726
8 80 0.9080766738459523
9 37 0.6422241773992029
9 35 0.11019197486080579
9 10 0.13939623270679924
9 14 0.9889327617183554
9 67 0.3906304171767876
10 89 0.11367505210323692
10 46 0.7361966515686991
11 77 0.6801267539737392
11 35 0.22551015061255508
11 55 0.9704448132885278
12 41 0.5228080457401278
12 56 0.34333790791801466
12 51 0.5892466664625242
13 50 0.5500155610302087
13 22 0.4339204067960386
14 26 0.14127694733337415
14 72 0.8352784754206081
14 32 0.7207522039651688
14 76 0.9383480042763541
14 62 0.6450664891781869
15 42 0.9864598694091449
15 54 0.8116486873309562
15 69 0.027493053851137095
16 34 0.7231138757483403
17 32 0.1652536425223312
18 86 0.03915097310627724
18 33 0.05904560449726337
18 50 0.4722770262769568
19 61 0.40503076916067393
19 41 0.4496107476857416
19 77 0.41141245433461515
19 22 0.8428838348932743
20 29 0.5609603179051835
20 42 0.44602237916425824
20 27 0.2418482611747741
20 85 0.0013130731221669967
20 47 0.837348508500391
21 24 0.0659802507477002
21 58 0.9753185373432618
21 43 0.20513146346761035
21 88 0.6712111844251587
21 71 0.3778498306805893
22 31 0.5812278943686106
22 37 0.3513746826029538
23 45 0.6828741245042239
23 80 0.8550797117864525
24 65 0.9854776710193288
24 79 0.9903895390935619
25 52 0.3620467045578819
25 71 0.7781919122889784
25 61 0.7310905980941553
25 30 0.006998895711411657
25 81 0.9338529697915842
26 54 0.034100082297454426
26 67 0.5874237566396618
26 73 0.035503024843809405
26 48 0.28906176485933244
27 33 0.43927125373472775
27 63 0.1970614592420924
27 67 0.1755534630897061
28 53 0.06162950727562133
28 70 0.3770288704863337
29 53 0.23679916350615138
29 62 0.43711997067446995
29 45 0.7291005306341752
30 38 0.0412507682521821
30 78 0.13533097250661585
31 60 0.46448275806497785
31 41 0.8097154816973692
31 56 0.7442234090389008
31 32 0.3268697666603958
31 66 0.7832492643496093
32 77 0.5277837971741719
32 76 0.7890847479303026
33 34 0.2960515160661712
33 39 0.6668988402283464
33 43 0.1456648883945243
34 43 0.2809925707424068
35 46 0.9726907188199361
35 80 0.16587632575128664
35 56 0.5364604961941817
35 74 0.5049011390174167
36 76 0.7487763112747938
36 86 0.10275723321219565
36 41 0.287261023191161
37 70 0.39321711654291813
37 39 0.8854982664521902
37 56 0.3723417300456794
37 73 0.9796257036432887
37 67 0.9823800151806177
37 84 0.07291197076235689
37 52 0.3817460293081961
38 70 0.1746942889047134
38 44 0.9261586087308423
38 61 0.2557854660582425
39 73 0.11229598468694901
39 49 0.31179714353092314
39 82 0.5860521004568355
39 64 0.6470494336301366
40 72 0.8957903327789181
40 53 0.7151988806068766
40 69 0.10277897026630001
41 81 0.4686475828189032
41 63 0.5802212136164465
42 77 0.3207261994364302
43 85 0.2573174266049124
43 89 0.5140685689657476
46 79 0.09940343880871283
46 84 0.1879212587761213
47 80 0.9385862096489965
48 76 0.10417767865973682
48 50 0.8575128458593249
49 64 0.9667725016160866
49 63 0.6345154750019014
49 51 0.937855349556353
50 63 0.8070016451017844
50 79 0.12881683704751157
51 83 0.4150978763066391
52 54 0.7135355949209419
52 83 0.2467861361298398
52 56 0.5207399112598169
53 56 0.7644006869088134
54 82 0.11068117565188129
55 57 0.34243926472236275
55 75 0.11347788605434284
55 65 0.7346302320665643
56 67 0.6355560574188152
56 78 0.09078261938457566
56 79 0.10439464838096257
58 69 0.9190282611553899
59 81 0.11924622850889333
59 72 0.3465197192725833
60 82 0.6533920957393511
60 72 0.9839212584395364
60 71 0.9839157471263438
61 76 0.860510206837334
62 74 0.10073569984613862
62 71 0.18040081281155118
66 68 0.5189241649820933
76 86 0.3921483463837161
79 87 0.9433552063305385
80 81 0.9456526904513367
80 85 0.4714527390765263
83 87 0.5599976230500983
