90 180 num_nodes_edgedegree2 90
0 16 0.2047874799309225
0 26 0.23901159061178257
0 76 0.505832704691714
0 44 0.35508451803485996
0 84 0.8219103922093977
1 31 0.3484342585594866
1 57 0.4161413410550401
1 74 0.8229602450523523
2 38 0.8162604714871315
2 32 0.5075010549618151
2 70 0.6382869860935272
2 53 0.8850780084682904
3 59 0.2286798014502629
3 25 0.9737617196258759
4 37 0.7917717645271328
4 30 0.024120371090366355
4 81 0.9702642143582249
4 84 0.15453834128094923
4 53 0.8533594861276146
4 47 0.9515710850318303
5 23 0.022029170610965654
5 60 0.10807978523936224
6 20 0.9098066739455714
6 17 0.3300921797561911
7 22 0.44710273767361186
7 18 0.0366387297390629
7 19 0.43043256389597284
8 33 0.8458923484134924
8 39 0.43984066995667304
8 45 0.5766984680365285
9 17 0.15780898993967085
9 78 0.06820985664899981
10 80 0.7697485493655379
10 76 0.32709346038442333
10 85 0.33498160219471507
11 55 0.9714743260241955
11 39 0.6848882329087376
11 23 0.3087140807549089
11 44 0.6921838441264504
12 38 0.8869038873679556
13 73 0.05503075215549735
13 59 0.8599571738480686
13 21 0.8012461323555604
13 48 0.6758345635075107
14 47 0.7354633106423422
14 18 0.9362201221086376
14 40 0.8132915967781545
14 52 0.7309733278005401
15 31 0.4066085737104891
16 56 0.18985273597688945
16 26 0.9207324410224116
16 72 0.04066347984414442
16 45 0.313496314610614
17 77 0.7243121840474305
18 21 0.8504053659776389
18 46 0.7836038138793093
18 58 0.230595300400516
18 67 0.7990078085795409
18 59 0.5398547116156425
18 41 0.5802108147464857
19 88 0.42768465524624466
20 49 0.6221927584174451
20 75 0.5059754150431582
20 76 0.723626243667129
21 27 0.3541512395113553
21 37 0.9294836660110867
21 79 0.7532275849210398
21 25 0.9662557526887857
21 53 0.5462753267171397
21 28 0.9209729641468607
22 39 0.2064599778003149
22 80 0.05524795588102682
22 83 0.44180984167413817
22 88 0.3468122454812621
23 35 0.5791794514117409
23 88 0.31358128822225906
23 40 0.21915901396209936
23 83 0.626328064784674
23 80 0.3872326706789996
23 61 0.32169108585091755
24 70 0.07014807584053229
25 40 0.7459654859600309
25 49 0.22692916808919594
25 79 0.18537199665452486
25 61 0.13652513352950302
26 80 0.21989188474963972
26 43 0.06593333026757375
26 75 0.06966190136959394
27 52 0.9182052409534552
28 87 0.6511604907217327
28 55 0.8631866217099144
30 47 0.6084729885757663
31 83 0.156541217090871
31 60 0.5144367949165473
32 79 0.3749629688439001
32 67 0.3016031577849848
32 58 0.5337971703150584
32 41 0.5131214628793633
32 63 0.5228065722166325
33 88 0.7644726271876544
33 38 0.7169320125641908
34 62 0.15743113038542955
34 81 0.5976861893088011
35 43 0.24031769861743368
35 37 0.3213446115513712
35 62 0.42295298313023166
35 85 0.2958180240183028
35 44 0.6055531641901251
35 51 0.8296171207088947
36 59 0.6271054806626919
36 88 0.06510476326980918
37 53 0.8342093421170086
37 43 0.6161574993768121
37 69 0.7666333517837739
37 74 0.37437270446398296
37 63 0.057706777698752765
38 42 0.39905400056527596
38 53 0.25365880511874195
39 45 0.27766824530766177
39 61 0.2148309930436152
39 46 0.033380474925139736
39 40 0.87227151011684
40 87 0.6062364638020251
40 61 0.5259028413348525
41 72 0.606354084110901
42 63 0.8470544584908658
42 66 0.5601338497921577
43 86 0.6742428054073585
43 63 0.8362145397743905
43 65 0.9482332740927415
44 59 0.8902089155667063
44 76 0.8320252822367629
44 82 0.6075449763826771
44 52 0.4032230171539186
45 88 0.9658278330373233
45 51 0.032507620200378895
45 65 0.8346146486216206
45 86 0.8896335980673756
46 53 0.4965502093929737
46 64 0.07198746592746796
46 57 0.41990960105154007
46 61 0.7229702492713566
47 75 0.4579046195061385
47 55 0.9220538978495025
47 68 0.09691100936164232
48 69 0.7065503323909131
48 74 0.8009022088822091
48 68 0.5203507909330821
48 84 0.03317548770422074
48 72 0.15616463467164732
48 54 0.6480084676322796
48 61 0.5957953816573573
51 68 0.7456144078635932
51 60 0.4181474787232561
52 80 0.21096390505461493
52 53 0.44784008875975445
53 83 0.9015464831770087
56 79 0.007918539665797253
58 66 0.9506136099190888
60 61 0.2985652751962651
60 70 0.76248373876913
61 89 0.26744209097317473
62 88 0.38808030220420076
64 82 0.5732251295693493
65 78 0.6409725082058075
65 70 0.542772568106341
66 85 0.35346701157261384
67 83 0.3312940137854483
69 86 0.9817144427611458
69 89 0.4008271155326112
69 78 0.7628853242210947
70 79 0.9375246060676068
70 88 0.06295929489815622
70 78 0.13712002474809626
71 85 0.7514400745666786
72 82 0.899364393035943
72 80 0.7899782796387269
74 78 0.729599696817245
75 77 0.035951528439301494
75 88 0.03771364044332015
