1600 2400 num_nodes_f_dist 1600
1 662 0.0828
1 1428 0.1299
1 178 0.1077
2 737 0.1575
3 1102 0.1529
3 1253 0.1149
3 1007 0.1667
4 1571 0.0521
6 182 0.057
6 329 0.3738
6 446 0.2653
7 1140 0.7742
7 1389 0.2578
7 1469 0.2572
7 179 0.0272
8 388 0.068
8 1584 0.0192
8 718 0.1543
9 785 0.0913
9 1203 0.162
9 655 0.2321
9 216 0.3118
9 139 0.1724
10 31 0.1388
10 1114 0.174
10 1479 0.1953
11 785 0.4781
11 1107 0.2232
13 388 0.0987
13 1164 0.0253
13 697 0.0711
15 363 0.1003
15 1079 0.1268
15 1258 0.1915
16 412 0.2518
16 560 0.2721
16 1236 0.2233
16 523 0.0917
16 815 0.1106
16 186 0.1322
17 267 0.0595
17 1077 0.205
17 210 0.1742
17 1179 0.1303
17 796 0.1068
18 1108 0.0888
18 81 0.1406
18 71 0.2117
18 1252 0.1033
18 1089 0.0224
18 523 0.1979
19 868 0.1008
19 1100 0.3702
19 1301 0.2198
20 595 0.1422
20 715 0.1096
20 1230 0.1067
20 1197 0.2828
21 605 0.3495
21 1283 0.3158
22 928 0.3092
23 636 0.4308
23 1587 0.3271
24 306 0.2884
24 42 0.0751
24 603 0.1464
24 1324 0.0555
25 464 0.2035
25 1256 0.2412
27 1530 0.0877
27 305 0.3727
27 790 0.176
28 1000 0.0681
29 1544 0.2553
29 1373 0.1907
29 72 0.1341
29 206 0.1929
29 815 0.4522
29 1456 0.0084
30 635 0.0332
30 664 0.1121
30 579 0.1923
31 793 0.1953
31 498 0.1246
31 101 0.0985
32 929 0.2697
32 1152 0.0138
32 128 0.1002
32 1004 0.056
32 700 0.3694
34 927 0.4584
34 690 0.1499
34 1347 0.2592
34 357 0.1853
35 1023 0.2238
35 977 0.1242
35 758 0.0469
35 129 0.7328
35 1158 0.0369
36 813 0.0636
36 445 0.1628
37 321 0.1354
37 1371 0.1553
37 303 0.1813
38 1168 0.3393
38 951 0.0993
38 681 0.0823
38 121 0.022
39 369 0.5657
39 748 0.6189
40 906 0.1264
40 1118 0.3288
41 450 0.0993
41 625 0.2227
41 542 0.4391
42 461 0.2535
42 833 0.1105
42 998 0.0712
42 734 0.1162
42 491 0.1326
43 1185 0.1732
43 1465 0.2206
43 426 0.0147
44 852 0.1257
44 1301 0.0929
44 1209 0.442
44 1193 0.1281
44 1050 0.1676
44 949 0.0946
44 1158 0.0318
44 116 0.1658
45 62 0.0993
46 1060 0.3797
46 902 0.0536
47 1223 0.5655
47 249 0.1494
47 744 0.2103
48 638 0.1816
48 1064 0.25
48 1545 0.1404
48 1156 0.3283
49 994 0.1739
49 221 0.1469
49 1096 0.0549
49 154 0.0478
49 133 0.0436
49 1526 0.0771
50 913 0.1384
50 590 0.07
50 1150 0.1027
50 1158 0.065
51 118 0.2258
52 1330 0.2979
52 901 0.0801
52 1059 0.0967
52 859 0.2682
53 1495 0.2303
53 223 0.1569
54 989 0.0903
54 1236 0.0059
55 81 0.2634
55 1319 0.1054
56 389 0.2564
56 1139 0.1847
56 1026 0.1557
57 470 0.212
57 779 0.0285
57 770 0.0633
58 999 0.4208
58 76 0.1352
58 1492 0.2594
59 1486 0.1835
59 303 0.3668
59 1219 0.2398
59 97 0.2748
59 217 0.3933
60 1500 0.0257
60 705 0.0606
61 596 0.1506
61 1528 0.3324
61 1083 0.0057
61 398 0.2795
62 808 0.0911
62 1353 0.3853
62 311 0.1567
62 1267 0.3059
62 941 0.1144
63 1285 0.171
63 160 0.3628
63 299 0.113
63 305 0.1325
65 1479 0.007
66 1378 0.0563
66 336 0.1199
66 1482 0.1903
66 554 0.0304
67 1088 0.1213
68 1282 0.0421
69 1390 0.1375
69 1372 0.2971
69 1089 0.1831
70 983 0.1386
70 786 0.3226
70 1128 0.4846
70 1334 0.139
70 268 0.0984
71 1399 0.0991
71 354 0.1663
71 1094 0.0466
71 1573 0.1016
71 1595 0.2383
72 299 0.2165
72 905 0.1985
72 926 0.1213
74 1158 0.3046
74 1130 0.0508
74 1202 0.1223
74 570 0.0978
74 1594 0.2306
75 232 0.1557
75 566 0.0319
76 1042 0.0283
76 1595 0.2305
76 1185 0.0412
77 1148 0.2518
77 548 0.1269
77 754 0.0533
77 497 0.1736
77 932 0.0829
78 1063 0.2067
78 332 0.2256
79 912 0.1068
80 832 0.1485
81 235 0.1733
81 930 0.162
81 1250 0.044
81 1450 0.1546
81 569 0.3182
82 1485 0.1783
82 259 0.0944
82 871 0.198
82 482 0.521
83 1494 0.2703
83 1441 0.0452
83 1140 0.2145
83 1372 0.1286
83 836 0.0623
83 356 0.2273
83 386 0.0489
83 293 0.0971
84 628 0.068
84 1175 0.1339
85 460 0.1533
86 227 0.0559
86 1264 0.1426
86 546 0.1064
86 139 0.0603
86 422 0.351
87 560 0.1904
87 1528 0.107
87 238 0.2574
88 1194 0.0937
88 472 0.1786
89 961 0.1711
89 132 0.1659
89 1391 0.1038
89 516 0.1937
90 1250 0.0213
90 881 0.1491
90 1212 0.2286
91 108 0.1928
91 1543 0.4732
92 1045 0.0389
92 113 0.1376
92 1061 0.0468
92 745 0.0555
92 149 0.0883
93 605 0.1033
93 937 0.321
94 161 0.041
95 1487 0.0734
96 1334 0.3299
96 983 0.0903
96 1530 0.1306
97 434 0.2773
97 438 0.1919
97 1357 0.0723
98 449 0.0577
98 139 0.1357
99 323 0.1474
99 275 0.2402
99 1318 0.0456
99 595 0.6694
100 1130 0.1619
100 737 0.0196
101 345 0.0166
101 740 0.084
101 1206 0.2184
101 474 0.1435
102 1269 0.1957
102 1153 0.0696
102 797 0.2215
104 1125 0.0827
104 1195 0.0533
105 764 0.0373
105 1598 0.0968
105 649 0.0384
105 555 0.0778
106 1551 0.2502
106 119 0.0744
106 938 0.1736
107 751 0.3268
107 870 0.0335
107 337 0.1018
108 308 0.1059
108 1080 0.305
109 946 0.366
110 272 0.0765
110 1519 0.2516
110 1528 0.0449
110 422 0.4335
110 1530 0.0855
110 352 0.4396
110 350 0.1156
111 1314 0.1675
111 472 0.2361
112 135 0.1958
112 1093 0.2507
112 1251 0.087
113 739 0.0645
113 1263 0.0734
114 985 0.1029
114 1185 0.0571
114 1263 0.0286
114 699 0.1129
115 1107 0.3627
115 594 0.0319
116 1111 0.3433
116 787 0.2677
117 1366 0.0276
117 414 0.0355
118 1459 0.2818
119 1500 0.1712
119 1091 0.2865
119 1032 0.1116
119 705 0.1628
120 1510 0.2134
120 309 0.235
120 200 0.2548
121 909 0.1836
121 469 0.1527
122 488 0.168
123 1204 0.0267
123 1197 0.1428
124 1099 0.1311
124 1069 0.0061
124 1375 0.2436
124 260 0.4474
124 1561 0.0331
126 1377 0.2419
126 1555 0.1623
126 1252 0.06
126 840 0.4354
127 1416 0.0798
127 430 0.135
128 816 0.1322
128 299 0.1424
128 1348 0.1323
129 1564 0.0921
129 1456 0.0883
129 260 0.145
131 649 0.1343
131 1592 0.0687
131 187 0.1213
132 698 0.3851
132 1026 0.213
132 1126 0.27
132 713 0.09
132 1274 0.0781
132 1411 0.1333
133 480 0.0681
133 400 0.0232
134 1243 0.0822
134 479 0.0724
135 1321 0.0618
136 1294 0.229
137 1345 0.2908
137 1536 0.2582
137 239 0.1618
137 748 0.2301
137 771 0.2454
138 1009 0.1738
139 217 0.11
139 999 0.3402
139 379 0.2235
139 353 0.0262
140 153 0.1149
140 1173 0.1306
140 170 0.0575
141 1340 0.3208
141 1403 0.3064
142 594 0.0963
142 727 0.3756
142 508 0.0053
143 1356 0.1389
144 170 0.0905
144 627 0.0433
144 1186 0.1999
144 1517 0.0584
144 472 0.3775
144 1085 0.532
145 1128 0.2765
145 1488 0.4499
146 1563 0.1548
146 536 0.0452
147 216 0.0399
148 548 0.26
148 1281 0.2434
148 515 0.2216
148 1486 0.0816
148 490 0.2246
148 1346 0.1462
149 778 0.306
149 445 0.2756
149 471 0.304
150 1571 0.235
150 399 0.0558
151 1118 0.0424
151 1193 0.1242
151 694 0.1675
151 945 0.1745
151 567 0.0819
151 647 0.1742
152 319 0.5102
152 1336 0.1586
153 1493 0.03
153 279 0.2708
153 170 0.132
153 1113 0.1825
153 1256 0.1254
154 637 0.1112
155 1587 0.1613
155 705 0.0603
156 635 0.1507
156 774 0.0784
156 826 0.3522
157 671 0.1438
157 1388 0.0979
157 646 0.4952
158 710 0.1431
158 1099 0.0897
158 313 0.0693
158 877 0.1494
160 779 0.3631
160 1312 0.2299
160 967 0.0432
161 507 0.2427
161 1315 0.151
162 947 0.0219
163 329 0.2048
163 221 0.0698
165 1515 0.1574
166 575 0.1227
166 808 0.2428
166 1212 0.1508
167 546 0.193
167 911 0.1093
167 673 0.4362
168 1248 0.1191
169 1280 0.019
169 594 0.1734
170 258 0.1846
170 1152 0.1187
171 1509 0.1046
171 1273 0.2709
171 1105 0.1614
171 601 0.1887
172 1230 0.1648
172 664 0.1072
173 272 0.2976
173 1521 0.1027
173 1073 0.2076
173 284 0.1439
173 531 0.1755
173 1181 0.0823
174 1217 0.1035
174 1478 0.1564
175 618 0.0308
177 767 0.1983
177 1540 0.0405
178 798 0.3063
178 903 0.098
179 1520 0.2786
180 1301 0.1922
180 904 0.0959
180 470 0.0378
181 597 0.1557
181 368 0.0465
182 1254 0.2496
182 1207 0.1179
183 1542 0.0696
183 792 0.188
183 791 0.0492
183 984 0.0786
183 273 0.1058
183 445 0.1378
184 185 0.1623
185 917 0.266
185 1073 0.1385
185 552 0.1431
185 1100 0.2268
185 1057 0.3177
186 885 0.061
186 1304 0.3388
186 1390 0.1604
187 370 0.5012
187 846 0.2708
187 480 0.1544
187 1251 0.07
187 1048 0.3957
188 501 0.4147
188 1484 0.4882
188 819 0.3049
188 962 0.1203
190 1414 0.2247
190 835 0.1072
191 1311 0.1259
192 429 0.4154
192 622 0.0533
192 495 0.0795
192 498 0.0645
193 1146 0.1345
193 720 0.1568
193 581 0.236
193 914 0.0996
194 959 0.0386
195 353 0.1379
195 1162 0.4368
195 1307 0.1482
196 336 0.3315
196 888 0.1008
196 726 0.1246
197 1381 0.0655
197 363 0.0584
197 1490 0.0256
198 400 0.0847
198 1026 0.1431
198 1577 0.1827
199 664 0.4792
199 219 0.126
199 1332 0.2101
200 1011 0.3366
200 1403 0.0575
201 1525 0.1166
201 509 0.1231
202 710 0.2041
202 1586 0.1272
202 431 0.0916
202 606 0.2359
202 309 0.169
202 1011 0.0633
203 640 0.0662
203 1117 0.1326
203 964 0.0925
203 922 0.021
204 380 0.1249
204 382 0.0663
204 508 0.1031
204 565 0.1213
205 425 0.1
205 356 0.1107
206 684 0.1072
206 315 0.3054
206 547 0.0826
206 468 0.1533
207 1150 0.0122
208 795 0.1276
209 650 0.0232
209 1222 0.3866
210 891 0.169
210 1431 0.1993
210 1359 0.2081
211 518 0.2706
211 1504 0.0463
211 614 0.1968
211 1213 0.1233
211 230 0.0595
211 318 0.1481
212 1451 0.1788
213 1008 0.1791
213 656 0.0529
213 756 0.0384
214 985 0.1049
214 1349 0.2295
214 912 0.1732
215 787 0.5464
216 981 0.0769
216 1151 0.682
216 521 0.0538
216 939 0.0942
216 401 0.0715
217 1271 0.348
218 625 0.1638
218 283 0.3772
218 1571 0.2722
218 958 0.1307
219 1463 0.0491
219 978 0.0188
220 567 0.1353
220 1207 0.2542
220 319 0.1885
220 1357 0.2377
221 1041 0.16
222 529 0.1752
222 449 0.1886
224 1279 0.4816
224 393 0.118
225 358 0.2987
225 1579 0.0648
225 942 0.0837
226 449 0.3337
226 693 0.1078
227 437 0.336
227 729 0.0295
227 1412 0.202
227 395 0.1701
228 512 0.0847
228 1195 0.1749
228 313 0.0852
229 721 0.0151
229 822 0.2075
229 512 0.0976
230 273 0.1676
230 1434 0.0382
231 1008 0.0923
231 311 0.2501
232 285 0.1389
232 1378 0.7462
233 970 0.3394
233 696 0.237
233 1329 0.0978
233 1346 0.0772
233 710 0.1575
233 764 0.2441
234 698 0.3369
234 937 0.2863
234 623 0.0755
234 1280 0.0266
234 291 0.0301
235 1203 0.0797
235 1026 0.029
236 331 0.3968
237 1470 0.3012
237 1241 0.252
237 463 0.154
237 1491 0.0739
237 883 0.2849
237 736 0.1046
237 1177 0.3192
238 934 0.1379
238 1590 0.1287
239 1388 0.3354
240 1599 0.0694
240 715 0.1531
240 1136 0.5375
240 1320 0.0845
241 522 0.2787
241 1352 0.1241
241 1165 0.2145
241 562 0.1131
241 1230 0.3242
242 1517 0.1238
242 261 0.1733
243 1161 0.2044
243 871 0.0279
244 434 0.0549
244 379 0.1389
244 1375 0.0954
245 619 0.0331
245 1375 0.051
245 833 0.2164
245 300 0.0376
245 1072 0.2185
246 1110 0.0925
246 1339 0.3159
246 521 0.1565
247 607 0.2001
247 412 0.5201
248 1454 0.0502
248 812 0.0061
249 860 0.1006
249 304 0.1334
250 1036 0.068
252 1241 0.0741
252 644 0.0882
252 1102 0.1421
252 1506 0.1828
253 905 0.1125
253 1369 0.1309
255 1309 0.1075
255 561 0.2876
256 301 0.0305
256 283 0.1984
256 545 0.1603
256 760 0.4086
257 611 0.5223
257 1241 0.0892
257 1030 0.1662
257 1594 0.0824
258 423 0.0317
258 897 0.0275
258 1177 0.2522
258 825 0.4035
259 1160 0.1263
260 753 0.3203
260 619 0.0988
260 1313 0.1742
262 809 0.0773
262 1599 0.1928
263 1103 0.1624
264 1062 0.4588
264 1075 0.6601
264 1222 0.1114
264 1410 0.0616
265 1336 0.2354
265 422 0.0955
265 1370 0.175
265 598 0.3735
265 686 0.0516
266 520 0.068
266 1524 0.2721
266 1505 0.0375
266 303 0.0461
266 517 0.2322
266 1201 0.1739
266 1069 0.4336
266 308 0.4735
266 1472 0.2622
268 1036 0.1536
269 369 0.1411
269 474 0.1458
270 1397 0.1843
271 1316 0.0143
271 1288 0.2288
271 482 0.0472
271 427 0.3062
272 1218 0.022
272 1057 0.1719
272 1265 0.2217
273 1582 0.1638
273 893 0.0392
274 1059 0.1044
274 883 0.0276
275 1165 0.3791
275 905 0.2708
275 1258 0.1382
275 1404 0.2448
276 1153 0.0624
276 1413 0.1156
276 311 0.0898
277 1187 0.0398
277 456 0.1056
277 715 0.0599
277 1303 0.165
280 1217 0.2126
280 656 0.1887
281 1210 0.2131
281 908 0.0314
281 716 0.1047
282 1465 0.4165
282 1451 0.1918
282 1027 0.1293
282 337 0.1845
283 1215 0.0935
283 1594 0.0613
283 536 0.3836
283 458 0.2125
283 1324 0.2746
284 1588 0.0784
284 817 0.4025
284 514 0.079
285 1202 0.1124
285 1134 0.0679
285 585 0.1193
285 1591 0.0927
286 1430 0.073
287 1126 0.4018
287 875 0.3704
288 545 0.3186
288 1270 0.1906
289 654 0.1538
289 871 0.0461
290 1117 0.1143
290 1186 0.0541
291 1562 0.2092
292 688 0.351
292 660 0.1241
292 1156 0.1412
292 883 0.2125
293 1395 0.1337
294 712 0.3204
295 1062 0.165
295 697 0.1476
296 850 0.1068
296 1281 0.2302
296 487 0.0846
296 448 0.0842
297 1361 0.126
297 552 0.1655
297 362 0.2663
298 654 0.1253
299 438 0.1174
299 663 0.2301
300 849 0.3364
302 362 0.0686
302 1010 0.07
302 471 0.0828
303 1110 0.2707
303 1241 0.0715
303 1188 0.1328
303 1047 0.3742
304 847 0.1304
304 894 0.0529
305 791 0.0713
305 649 0.2646
305 1035 0.2307
305 684 0.1785
306 1589 0.1164
306 469 0.3226
306 1095 0.3605
306 1488 0.0859
307 907 0.0659
307 920 0.0742
307 466 0.268
309 954 0.2862
310 737 0.2102
310 928 0.1171
311 946 0.1774
311 1273 0.1463
312 812 0.1703
313 667 0.0931
313 806 0.183
314 912 0.1547
315 1074 0.1484
315 1126 0.3398
316 1397 0.0113
317 527 0.296
318 982 0.1876
318 781 0.1748
318 590 0.6336
318 437 0.0648
318 562 0.1071
319 513 0.131
319 1297 0.3064
321 1522 0.2976
324 852 0.2724
324 732 0.0387
324 337 0.2625
324 432 0.1108
325 1523 0.3351
325 1356 0.056
326 342 0.0811
326 755 0.3993
326 990 0.1047
326 1297 0.3067
326 457 0.1942
327 819 0.3935
327 598 0.2124
327 646 0.0851
327 541 0.0294
328 1472 0.0745
328 1101 0.3291
328 881 0.1722
328 798 0.0726
329 359 0.0776
330 399 0.219
330 494 0.0961
330 1583 0.2439
330 443 0.7322
331 1454 0.1554
331 1092 0.0863
331 858 0.1067
332 1078 0.0979
332 467 0.0587
332 1297 0.7098
332 1092 0.0376
333 1582 0.0719
333 1047 0.1162
334 1340 0.6016
335 1594 0.1974
335 1535 0.1075
335 994 0.1423
336 1038 0.2709
337 1114 0.0716
337 666 0.1185
337 701 0.1492
337 1462 0.1961
338 761 0.1006
338 549 0.2078
338 922 0.3112
339 1499 0.0781
340 493 0.1333
340 1167 0.2419
341 347 0.3032
341 851 0.0147
341 937 0.0727
342 923 0.1962
342 412 0.063
342 1171 0.4657
343 1039 0.1611
343 1431 0.0858
343 1307 0.1545
343 938 0.1051
344 1344 0.1388
344 1116 0.0543
344 618 0.0755
345 1028 0.1933
345 1537 0.1067
346 675 0.1996
347 956 0.0336
347 637 0.158
347 384 0.1562
348 1325 0.1661
348 920 0.0417
348 1451 0.1186
348 928 0.2263
349 1382 0.2189
349 1065 0.086
349 932 0.202
350 1574 0.0239
350 667 0.1907
351 1597 0.0487
351 528 0.1699
351 567 0.1905
351 1534 0.0605
351 1002 0.0868
352 821 0.1877
352 818 0.1556
352 532 0.0488
352 1402 0.1035
352 1050 0.3044
352 1275 0.2067
353 1383 0.0898
354 1361 0.2557
354 367 0.2395
354 583 0.3322
354 386 0.1183
354 973 0.0938
355 1317 0.0404
355 1164 0.1754
355 1548 0.4022
355 1526 0.0745
356 1595 0.476
357 813 0.2468
358 1209 0.2338
358 572 0.1884
358 972 0.0738
359 1584 0.0136
359 713 0.0995
360 1240 0.038
360 962 0.1589
361 772 0.1641
361 622 0.0958
361 1101 0.2023
362 1301 0.0891
364 612 0.069
364 553 0.0403
364 1016 0.0235
365 461 0.0746
365 1238 0.1122
366 570 0.0123
366 701 0.1564
366 1504 0.1182
366 462 0.1175
367 1543 0.1124
367 475 0.0785
368 1002 0.1065
369 1588 0.0954
370 1406 0.069
370 1357 0.0291
371 1554 0.0568
371 1217 0.1661
372 813 0.4466
373 657 0.0566
374 939 0.2438
374 1547 0.0356
374 478 0.4341
374 972 0.1317
375 530 0.1698
375 570 0.0212
376 743 0.2232
377 869 0.0667
378 705 0.2467
378 1569 0.0852
378 1035 0.043
378 1559 0.54
378 768 0.1335
382 670 0.1755
382 1145 0.0967
382 982 0.0953
382 545 0.0504
383 1481 0.1307
384 490 0.1749
384 1401 0.0413
385 862 0.0885
386 987 0.0394
387 1062 0.295
388 621 0.0559
388 551 0.0677
388 1569 0.0669
389 1434 0.1442
389 1043 0.1652
390 1097 0.4846
392 1330 0.1381
393 1357 0.4407
393 810 0.1772
396 884 0.1258
396 1251 0.1209
397 1211 0.0561
397 1209 0.4861
397 427 0.0653
397 445 0.0183
397 1475 0.2763
398 667 0.0937
399 524 0.1906
399 1436 0.1114
399 534 0.1986
400 886 0.0453
401 588 0.054
401 1457 0.1021
402 462 0.0807
402 938 0.0827
402 1232 0.1394
403 738 0.3426
403 945 0.2829
404 1087 0.5226
404 476 0.1516
405 1048 0.1571
406 1112 0.347
407 629 0.2627
407 1046 0.2356
407 834 0.0885
407 426 0.3128
408 1578 0.0767
408 1457 0.2561
408 1153 0.3085
409 1135 0.0797
409 758 0.0229
409 960 0.1069
409 1098 0.2144
410 774 0.0533
410 559 0.0439
410 450 0.037
410 1081 0.0507
410 906 0.175
410 1542 0.0729
411 671 0.0423
411 796 0.1079
411 893 0.1134
411 1429 0.1701
412 1101 0.4046
412 1225 0.1265
414 1355 0.144
414 816 0.0688
416 876 0.0725
416 612 0.1952
417 638 0.1017
417 783 0.037
417 617 0.2022
417 787 0.1361
418 535 0.0788
418 1088 0.0281
419 581 0.0679
420 872 0.0851
420 1412 0.1845
420 676 0.0907
420 468 0.1253
421 1174 0.245
421 1124 0.4455
422 1471 0.1604
422 1411 0.2018
423 533 0.3716
423 1212 0.2141
425 1109 0.1682
425 485 0.2848
425 1525 0.0754
425 728 0.1542
425 971 0.1347
426 1043 0.1011
426 1077 0.3819
427 1575 0.0853
427 1081 0.2157
427 1444 0.6041
427 1467 0.1011
428 1044 0.0563
428 983 0.0922
428 907 0.0762
428 909 0.0901
428 591 0.0893
428 738 0.2709
430 776 0.2669
431 801 0.2372
431 1212 0.1895
431 983 0.4207
431 657 0.1505
432 1144 0.2565
432 1425 0.0351
432 672 0.2798
433 797 0.309
434 1449 0.1747
436 545 0.0345
436 1102 0.4862
436 645 0.1909
438 1000 0.0473
438 630 0.0082
439 1115 0.2955
439 1006 0.0868
439 1572 0.0555
440 1265 0.1401
440 492 0.1036
440 1343 0.1641
441 1465 0.0332
441 558 0.1835
442 1385 0.1621
442 460 0.2446
442 820 0.045
443 864 0.032
443 1540 0.2369
444 875 0.0749
445 1209 0.0851
445 873 0.2867
445 569 0.4891
445 448 0.2477
445 1436 0.2427
446 1098 0.2161
446 1159 0.1812
447 1094 0.2668
447 460 0.0953
448 1558 0.0307
448 550 0.0363
448 601 0.0901
449 1295 0.2576
450 726 0.1259
450 585 0.4108
450 1477 0.0546
451 1291 0.1266
451 1260 0.0223
451 1240 0.2211
451 627 0.2499
452 1152 0.289
453 526 0.0877
454 1080 0.3159
454 818 0.0355
454 865 0.0219
455 1466 0.0851
455 1260 0.1601
456 1143 0.1441
456 895 0.2352
457 923 0.2833
457 626 0.0177
458 1159 0.1592
458 829 0.1111
459 573 0.1854
459 498 0.0435
459 642 0.1022
460 1459 0.1494
460 525 0.0345
461 1087 0.0425
461 1583 0.275
462 488 0.1254
462 670 0.2193
463 481 0.0458
463 486 0.2003
465 799 0.0975
465 1145 0.0385
466 813 0.2745
466 1467 0.1004
466 1361 0.0626
467 1101 0.2502
468 1210 0.0704
468 772 0.0283
469 1486 0.4844
469 1506 0.2174
470 912 0.0498
471 1566 0.0781
471 1449 0.2499
472 1386 0.2143
472 1256 0.3085
474 482 0.1606
474 1244 0.0118
475 828 0.1112
475 1515 0.364
475 1040 0.0655
476 736 0.2139
476 697 0.2201
476 508 0.1722
477 707 0.3725
477 1013 0.3363
477 840 0.1931
477 1043 0.3088
477 734 0.2079
478 995 0.257
479 1248 0.1443
479 1135 0.1859
479 1565 0.0973
480 538 0.1002
481 596 0.4493
481 871 0.2544
482 728 0.1677
486 1388 0.2272
486 1408 0.236
486 493 0.1882
487 1432 0.5016
489 1356 0.1611
489 1592 0.035
491 1273 0.3091
491 1182 0.2442
491 734 0.0511
492 820 0.1226
493 783 0.1044
493 1289 0.2127
493 1472 0.0739
493 1371 0.3749
494 1394 0.032
494 693 0.2668
494 781 0.1254
494 948 0.0273
495 839 0.0758
495 770 0.0801
496 1240 0.0342
496 1006 0.1325
497 1523 0.3093
497 502 0.0784
497 591 0.184
498 1002 0.0331
499 822 0.0399
500 1447 0.1028
500 872 0.1142
500 825 0.023
502 870 0.0569
502 1439 0.1162
502 1428 0.1143
502 1344 0.0546
502 1217 0.2304
502 1301 0.1893
503 620 0.1039
503 1201 0.2492
504 738 0.1391
504 843 0.0359
505 543 0.2996
505 623 0.0629
505 1378 0.0935
506 517 0.084
507 1527 0.2828
507 815 0.2043
508 775 0.0526
508 1559 0.1855
508 1192 0.1024
509 649 0.0705
509 1479 0.1624
509 753 0.1837
510 866 0.161
511 550 0.1783
511 1377 0.1923
511 1077 0.2266
512 1108 0.4683
512 666 0.2321
512 1407 0.2074
512 1103 0.0604
513 1551 0.1841
513 1576 0.0418
514 1068 0.1112
515 1178 0.2457
515 1566 0.0889
515 1529 0.1575
516 1156 0.1128
516 715 0.0523
516 1462 0.3734
516 627 0.172
516 1204 0.0718
516 1555 0.238
517 1303 0.1609
517 1346 0.2193
518 1457 0.2709
518 1130 0.1202
519 1495 0.0803
519 1346 0.1365
519 1253 0.0703
521 1484 0.0387
521 1552 0.0265
522 1128 0.1406
522 1080 0.0573
522 1036 0.0482
522 1287 0.1436
522 529 0.1314
522 1266 0.0659
523 530 0.0598
524 1246 0.0941
524 1219 0.2469
525 834 0.2779
525 710 0.2687
526 1379 0.2657
527 1066 0.1674
527 1415 0.0591
528 676 0.9204
528 845 0.3619
529 1249 0.1468
530 567 0.4531
530 633 0.0599
530 720 0.0538
530 793 0.0798
531 992 0.2378
531 990 0.2508
531 1160 0.1396
531 1101 0.3626
531 587 0.3179
531 1316 0.042
532 548 0.1536
532 1246 0.2122
532 907 0.0279
533 778 0.2651
533 802 0.0818
534 641 0.2842
536 940 0.0753
536 969 0.0676
537 641 0.1456
537 1590 0.1033
538 593 0.0449
539 1452 0.0863
540 715 0.1185
540 1576 0.2056
540 1140 0.2168
541 1450 0.1182
541 1041 0.1351
542 1534 0.1046
542 1220 0.1977
542 1536 0.067
543 1401 0.2426
544 1395 0.0903
544 1484 0.2486
544 588 0.1102
545 1477 0.1418
545 604 0.0759
546 626 0.106
546 891 0.0724
546 1166 0.0943
547 1461 0.1001
547 1451 0.147
547 847 0.0343
547 845 0.1243
548 1554 0.251
548 807 0.2507
550 951 0.174
550 1052 0.113
550 1576 0.3659
550 636 0.0045
550 795 0.1114
551 940 0.0425
551 683 0.2981
551 698 0.1134
551 1084 0.0359
552 1139 0.0479
553 1446 0.1657
553 573 0.4952
554 1045 0.0263
554 1085 0.0965
554 1128 0.1614
555 829 0.3107
555 980 0.1729
555 1047 0.0934
556 763 0.0471
556 1114 0.3131
556 872 0.0335
557 816 0.2024
558 1327 0.1154
558 666 0.0355
558 872 0.035
559 1224 0.091
560 1415 0.1445
560 1574 0.4525
562 1040 0.0995
562 890 0.1115
563 1323 0.1541
564 1410 0.0986
564 1258 0.1767
565 864 0.0423
565 879 0.1515
566 1270 0.052
567 1478 0.1287
567 1090 0.2318
567 1070 0.1596
568 605 0.0723
568 1301 0.0168
568 1138 0.121
569 1480 0.1285
569 959 0.1803
570 1014 0.3262
570 850 0.119
571 1406 0.1742
571 786 0.1567
571 953 0.1089
572 925 0.2679
572 1113 0.0368
573 658 0.1589
573 1516 0.2709
574 1366 0.1618
575 1547 0.3545
575 1519 0.0235
576 823 0.0546
576 1179 0.081
578 1076 0.0522
578 1128 0.0284
578 1379 0.409
578 972 0.0645
579 1468 0.0999
580 947 0.1641
580 946 0.3432
581 1203 0.4048
581 1454 0.0564
581 1127 0.0823
584 960 0.3494
584 711 0.0825
584 1057 0.2484
585 1183 0.1084
586 1531 0.1915
586 771 0.3743
588 1207 0.1051
588 1052 0.1208
591 1099 0.0723
593 941 0.2134
593 1542 0.0249
593 1305 0.0738
594 1274 0.1055
595 1289 0.6409
595 1428 0.1945
595 798 0.2068
595 1514 0.4111
596 1436 0.5737
598 1322 0.188
598 795 0.1086
600 611 0.26
601 1232 0.1016
601 1544 0.0611
601 774 0.109
601 1455 0.0394
601 1193 0.0437
601 866 0.0865
602 1126 0.1124
602 916 0.0536
602 1414 0.0827
602 630 0.1747
603 1457 0.402
603 1177 0.3129
604 1365 0.0387
604 1469 0.2037
605 747 0.0446
605 932 0.1614
606 1032 0.075
606 695 0.1494
607 1116 0.2526
608 1337 0.1614
608 1276 0.1415
609 1452 0.1636
610 1523 0.1186
610 855 0.0923
610 1147 0.2096
610 1178 0.0469
611 1418 0.1089
612 1053 0.2025
612 1474 0.1659
612 1018 0.1396
613 1131 0.1384
613 1425 0.1766
613 778 0.0688
614 1556 0.2123
615 1333 0.1203
616 806 0.0345
617 1323 0.2325
617 1153 0.0662
617 1517 0.1096
618 926 0.0445
618 1462 0.3123
619 1124 0.036
619 749 0.0045
620 1458 0.1632
620 1108 0.2212
621 1114 0.1376
621 1335 0.1161
621 1119 0.1898
622 686 0.0763
622 1427 0.1804
622 974 0.0472
623 1239 0.0522
623 874 0.3401
623 1446 0.071
624 717 0.1394
624 1084 0.2026
624 1123 0.3238
625 1439 0.101
625 1395 0.3248
626 636 0.0263
627 775 0.242
628 1197 0.1145
629 824 0.6767
629 1407 0.4291
629 998 0.1713
630 1190 0.3994
630 1351 0.125
630 725 0.6215
631 1440 0.1417
631 912 0.0248
631 1085 0.0251
632 692 0.3643
632 1038 0.1742
632 1141 0.157
634 1538 0.1372
634 968 0.068
636 1580 0.1466
636 1028 0.2182
637 1199 0.2003
637 1172 0.8752
638 955 0.1872
638 1239 0.1395
638 1466 0.0757
639 966 0.1075
640 1013 0.2336
640 1503 0.0802
641 801 0.1547
641 792 0.0966
642 1092 0.2364
642 865 0.0718
642 1487 0.2507
644 976 0.0921
645 1321 0.2004
646 1590 0.0778
646 1127 0.3157
646 855 0.0918
646 811 0.1732
646 1401 0.1744
646 1493 0.1318
647 1596 0.2661
647 983 0.4105
647 1012 0.2066
648 1185 0.1851
648 884 0.2025
649 1082 0.2489
649 1488 0.0259
649 827 0.1272
649 1394 0.4617
649 896 0.1097
649 899 0.2441
650 1335 0.1201
650 1236 0.1256
650 1173 0.0332
651 1578 0.0766
651 1179 0.0617
652 722 0.0716
652 1046 0.0486
652 1098 0.1538
652 812 0.0473
652 782 0.0516
652 1055 0.1955
653 904 0.0759
654 983 0.0287
654 1151 0.1962
655 921 0.2617
655 1252 0.2566
657 1351 0.2614
657 1269 0.2404
658 1008 0.2422
658 1586 0.1472
659 1016 0.337
659 1055 0.2407
659 1239 0.5079
659 914 0.0917
661 1322 0.2631
661 1098 0.4972
662 992 0.0612
665 739 0.1887
665 760 0.3556
666 1253 0.0577
666 670 0.2085
666 1110 0.3588
667 1082 0.1582
667 1109 0.0966
668 711 0.2406
669 678 0.0513
669 1153 0.0642
669 732 0.0459
670 1432 0.0663
670 1234 0.1845
671 864 0.1502
672 859 0.0826
673 1391 0.1901
673 687 0.1144
675 1250 0.2396
675 1292 0.0892
675 983 0.5062
675 710 0.0875
675 1173 0.124
676 720 0.0328
678 1254 0.1152
678 1039 0.15
679 819 0.0764
680 1229 0.1763
680 689 0.1418
681 1521 0.0748
682 1067 0.0149
683 1242 0.0441
683 1056 0.1424
685 913 0.1232
685 934 0.2432
686 1527 0.0481
686 1386 0.0744
687 887 0.0814
687 747 0.2115
687 1425 0.1313
688 1273 0.0438
688 1103 0.0566
689 795 0.075
689 913 0.3104
690 844 0.1814
690 995 0.0409
690 1161 0.6579
690 906 0.1797
692 851 0.2932
692 1036 0.0534
692 1221 0.0407
693 753 0.0405
693 810 0.4508
693 1043 0.1871
693 740 0.1341
694 879 0.2071
694 1317 0.453
694 1101 0.163
694 803 0.0473
695 1497 0.104
697 1089 0.1136
697 987 0.3574
698 903 0.0162
698 1551 0.4047
698 1301 0.363
699 737 0.1442
700 1134 0.125
700 767 0.0544
700 1198 0.1558
700 931 0.4875
701 1357 0.09
702 875 0.0878
702 1205 0.0399
703 791 0.0281
703 1192 0.0954
703 1002 0.2442
703 1206 0.1189
704 1052 0.3247
704 1407 0.1041
706 1579 0.1477
707 838 0.1132
708 848 0.1797
708 1505 0.2668
708 1582 0.1317
709 1489 0.2292
710 864 0.3476
710 1346 0.2454
711 1575 0.068
712 1304 0.0567
714 1588 0.1129
714 1537 0.0124
715 875 0.0256
716 877 0.0761
716 731 0.1156
717 1333 0.0882
718 1001 0.2002
719 931 0.0366
720 938 0.3559
720 746 0.136
721 963 0.0422
721 1238 0.1313
722 896 0.1248
722 1031 0.0633
723 1183 0.0339
723 1120 0.3908
723 920 0.1368
723 1583 0.2807
726 1187 0.2255
726 990 0.1011
727 1031 0.0445
727 1285 0.1077
728 1355 0.1141
728 1248 0.1184
728 937 0.4103
728 1049 0.2564
728 827 0.1563
729 1563 0.1427
729 970 0.0602
729 1506 0.0111
730 993 0.0846
730 1387 0.1812
730 1534 0.1912
730 1573 0.163
730 813 0.329
731 1005 0.032
731 1552 0.1296
734 770 0.1515
734 1447 0.1442
734 988 0.1349
735 1537 0.1168
736 1077 0.0418
736 1581 0.1018
736 740 0.2179
738 1497 0.1834
739 902 0.1085
739 1588 0.1928
743 1114 0.1311
744 905 0.2232
745 1518 0.1264
745 1530 0.0822
745 1071 0.0486
746 1167 0.1008
748 1440 0.3873
749 1039 0.044
749 1452 0.3883
751 1123 0.3568
751 1115 0.2624
752 886 0.2985
753 996 0.223
753 1021 0.1891
753 893 0.1339
754 1349 0.0565
754 861 0.5704
754 1536 0.0419
754 1486 0.1399
755 1036 0.1753
755 1409 0.1482
756 1008 0.1836
758 1002 0.3039
758 1026 0.071
758 1317 0.2277
758 836 0.1313
758 1305 0.1644
758 1545 0.072
758 1541 0.1056
759 894 0.0742
759 930 0.143
760 1327 0.1852
761 1474 0.3138
761 816 0.1937
763 1259 0.2063
763 894 0.2824
764 1525 0.1437
765 1024 0.2068
766 1352 0.4239
767 1147 0.1253
769 1198 0.2274
769 894 0.026
770 849 0.1815
772 1568 0.0871
773 1326 0.2049
773 921 0.4125
773 840 0.0406
774 1111 0.1426
774 1357 0.1624
775 1305 0.1311
776 1121 0.0567
776 1061 0.0621
777 1334 0.3152
777 1156 0.3507
777 1529 0.1691
777 1071 0.1476
778 1460 0.2649
779 1577 0.2481
779 1357 0.1279
780 1405 0.3766
781 1066 0.3291
783 830 0.0162
783 1390 0.1441
783 936 0.0965
784 1168 0.1689
784 1188 0.1229
784 1293 0.0319
784 939 0.1924
785 973 0.0611
785 842 0.0812
785 1535 0.3046
786 1054 0.0297
786 1353 0.1508
786 895 0.4398
787 1371 0.0405
788 1068 0.2288
789 1111 0.1189
790 1444 0.3381
791 1159 0.1634
793 1102 0.1993
793 997 0.1294
796 1338 0.1185
797 1186 0.0575
797 1067 0.136
797 1118 0.1045
798 886 0.1735
798 1363 0.0948
798 916 0.133
800 1196 0.1783
800 1424 0.0355
800 850 0.214
800 1104 0.4559
801 943 0.076
801 1147 0.1966
802 1338 0.2356
802 1286 0.1433
802 1422 0.0443
803 1149 0.1011
804 1261 0.0524
805 1206 0.1616
805 1066 0.0776
805 1019 0.3375
805 1182 0.0775
806 1184 0.0608
806 1468 0.0711
806 1495 0.2647
806 935 0.3637
806 1317 0.1923
806 1152 0.0904
806 1372 0.1123
807 1415 0.0203
808 1460 0.227
809 1430 0.0997
809 1449 0.6081
811 1158 0.1393
811 1566 0.0593
811 908 0.5578
812 1298 0.3045
813 886 0.1569
813 1595 0.0879
813 1472 0.2805
813 1545 0.2135
813 1430 0.1059
814 1155 0.0837
814 1018 0.1379
814 1555 0.3525
814 1129 0.1739
815 977 0.0157
815 1049 0.3858
816 902 0.1593
816 1047 0.0751
816 1272 0.1291
817 1104 0.2971
817 1330 0.0491
817 1281 0.0721
819 954 0.1468
819 887 0.0989
819 871 0.1645
821 1108 0.2565
823 1302 0.1889
823 1006 0.1981
823 943 0.1854
824 1274 0.3601
824 1347 0.4173
824 1544 0.0346
827 848 0.1492
827 1085 0.1909
828 1504 0.0662
829 872 0.0772
830 900 0.0639
831 1240 0.0946
831 867 0.1104
832 1444 0.1415
835 1148 0.2378
836 1093 0.0515
836 1060 0.2241
836 1561 0.0876
836 1370 0.4338
837 1058 0.2543
837 1353 0.1915
838 1244 0.0469
838 934 0.09
838 952 0.0069
839 1323 0.0754
840 1401 0.077
841 1490 0.121
841 1137 0.0249
841 1321 0.0625
842 1402 0.0419
842 1110 0.0204
843 1215 0.1881
845 1102 0.3387
846 1033 0.0526
847 1403 0.2378
848 879 0.1021
849 890 0.0965
849 1595 0.011
851 998 0.088
853 1323 0.2993
853 1522 0.3622
854 1397 0.1594
855 1134 0.1019
857 1097 0.084
859 1375 0.0601
860 1324 0.0953
861 1514 0.1816
861 1041 0.1653
861 1078 0.1989
862 1201 0.1853
862 1355 0.4304
863 1133 0.1115
864 1025 0.4519
864 893 0.1115
864 1219 0.0383
865 1209 0.176
865 904 0.1426
865 1079 0.1709
866 1498 0.0479
868 1098 0.1622
870 1466 0.1052
872 1190 0.1137
872 1409 0.0758
873 1115 0.2041
873 1292 0.0425
874 1256 0.4136
875 1253 0.3858
875 1447 0.1158
878 1174 0.1836
879 1466 0.0648
880 1124 0.154
880 1262 0.1113
880 1202 0.1118
880 1407 0.1084
881 1255 0.429
882 1207 0.1047
882 1376 0.2418
883 1230 0.0586
883 1452 0.0208
884 1240 0.214
884 1047 0.2439
884 1595 0.2341
884 899 0.0774
884 1049 0.1089
884 1251 0.1265
885 1449 0.0738
886 1380 0.0752
886 1100 0.0819
886 1106 0.0874
891 1297 0.1567
892 1202 0.0625
894 1582 0.0451
895 1030 0.2446
896 1564 0.1739
896 979 0.1899
896 1446 0.349
896 1063 0.0385
896 1219 0.1881
897 1405 0.1761
898 1359 0.1139
898 1082 0.1429
899 1101 0.089
899 1096 0.1199
900 1265 0.1375
900 1365 0.3119
901 1280 0.1216
901 1277 0.1986
902 1262 0.2179
903 1599 0.1648
903 1148 0.0897
904 978 0.1516
905 1255 0.1453
905 1197 0.0676
906 1494 0.0377
907 1360 0.0577
908 1186 0.1088
908 1545 0.105
909 1200 0.2165
909 1019 0.0498
912 1425 0.1334
912 1443 0.2075
912 1467 0.0847
912 961 0.297
914 1396 0.0239
914 1399 0.0345
916 1173 0.2371
918 1072 0.0815
918 1027 0.1879
919 972 0.0873
920 967 0.2672
920 1470 0.6032
920 1092 0.0847
921 1572 0.0788
921 1000 0.0843
923 1421 0.0655
925 1464 0.0244
926 1383 0.3774
926 1355 0.1916
927 1388 0.1553
929 1330 0.5224
930 982 0.0589
930 1565 0.1221
930 1036 0.181
930 1102 0.2505
931 1438 0.0332
933 1231 0.2896
935 1449 0.1825
937 958 0.1005
938 1228 0.2412
938 1138 0.2069
943 1167 0.3236
944 1386 0.4407
945 1230 0.0931
947 1213 0.01
949 1463 0.4822
951 1508 0.0603
951 1225 0.0901
952 1596 0.1261
957 1158 0.0837
958 1047 0.1338
959 1352 0.1814
959 1340 0.0979
960 1409 0.2108
960 1010 0.1106
960 1050 0.4287
960 1091 0.402
960 1480 0.063
963 1226 0.124
963 1271 0.086
964 1521 0.0853
964 1236 0.1419
965 1047 0.1769
965 1038 0.1391
966 1361 0.1372
966 1254 0.2668
967 1306 0.1712
967 1083 0.1727
970 1256 0.3044
972 1029 0.0705
972 1010 0.2728
973 1155 0.4286
974 1432 0.1706
977 1265 0.1873
977 1442 0.0615
978 1026 0.069
978 1517 0.1817
978 1502 0.4731
979 1004 0.094
980 1406 0.0929
980 1313 0.0926
980 1193 0.1314
981 1555 0.0939
982 1442 0.1389
983 1424 0.1723
985 1574 0.1379
985 1429 0.1929
985 1344 0.2187
985 1532 0.3039
987 1116 0.0784
987 1599 0.1678
988 1335 0.1833
990 1566 0.0519
991 1571 0.1928
991 1167 0.3338
992 1094 0.0477
993 1299 0.1936
994 1591 0.246
997 1053 0.1169
998 1281 0.1415
999 1274 0.0201
999 1170 0.13
1000 1213 0.016
1000 1152 0.107
1001 1464 0.1361
1001 1493 0.247
1002 1051 0.2363
1004 1036 0.0998
1007 1072 0.1331
1007 1096 0.0546
1007 1308 0.2072
1007 1580 0.4909
1008 1297 0.2281
1009 1350 0.1742
1010 1224 0.3205
1010 1321 0.137
1011 1274 0.0555
1011 1200 0.338
1012 1441 0.3011
1012 1053 0.0418
1012 1158 0.1266
1013 1395 0.1103
1014 1558 0.1275
1015 1132 0.167
1016 1215 0.225
1017 1419 0.0803
1020 1084 0.1494
1022 1034 0.0415
1023 1305 0.4057
1023 1145 0.291
1024 1114 0.083
1025 1328 0.1093
1026 1592 0.1789
1026 1065 0.2524
1027 1416 0.1788
1027 1043 0.0742
1028 1366 0.0942
1028 1219 0.1431
1029 1141 0.199
1029 1135 0.1956
1030 1162 0.0153
1031 1492 0.3035
1032 1414 0.0309
1032 1039 0.1101
1032 1535 0.1582
1036 1388 0.1167
1037 1581 0.2174
1039 1372 0.1645
1039 1481 0.2109
1039 1592 0.0954
1040 1396 0.3042
1040 1086 0.1104
1041 1228 0.0525
1042 1362 0.0978
1042 1104 0.1352
1042 1112 0.2084
1043 1247 0.1704
1044 1261 0.139
1044 1348 0.2381
1044 1206 0.1096
1045 1174 0.1514
1045 1130 0.2559
1047 1321 0.0634
1047 1568 0.1605
1047 1334 0.0582
1048 1172 0.3648
1048 1510 0.1449
1048 1189 0.1128
1049 1516 0.1748
1049 1529 0.1323
1049 1352 0.0719
1050 1340 0.1561
1052 1169 0.0476
1053 1452 0.1291
1053 1055 0.5798
1053 1280 0.0718
1053 1327 0.0531
1056 1484 0.1375
1057 1423 0.0831
1059 1104 0.1213
1060 1364 0.2478
1062 1242 0.2489
1064 1260 0.0764
1065 1096 0.101
1066 1516 0.1752
1068 1215 0.1132
1069 1524 0.306
1070 1454 0.2883
1071 1431 0.4656
1072 1328 0.1222
1073 1207 0.1393
1074 1508 0.1264
1074 1383 0.0805
1076 1289 0.3497
1078 1169 0.2124
1078 1269 0.0782
1080 1485 0.3608
1080 1262 0.186
1082 1553 0.1607
1082 1482 0.1219
1082 1092 0.1076
1084 1175 0.1317
1087 1217 0.1453
1089 1529 0.0418
1090 1572 0.2715
1090 1560 0.1911
1092 1500 0.3928
1094 1155 0.0365
1095 1303 0.132
1097 1220 0.2228
1098 1142 0.1587
1098 1175 0.1807
1100 1266 0.1043
1102 1377 0.228
1103 1439 0.0564
1105 1122 0.1957
1105 1243 0.0591
1106 1276 0.1225
1108 1538 0.1118
1109 1229 0.156
1109 1461 0.1686
1110 1115 0.2328
1111 1593 0.0234
1112 1321 0.1083
1112 1316 0.1005
1114 1252 0.1433
1114 1234 0.0953
1115 1137 0.1692
1115 1232 0.0808
1120 1187 0.0696
1122 1350 0.3577
1122 1357 0.1461
1123 1456 0.3235
1124 1494 0.0906
1126 1168 0.0397
1127 1196 0.2389
1127 1352 0.0991
1127 1191 0.1762
1128 1577 0.4688
1129 1171 0.1333
1131 1483 0.0452
1132 1528 0.1146
1132 1390 0.0946
1132 1272 0.3269
1137 1434 0.2652
1139 1315 0.0948
1139 1521 0.3737
1139 1358 0.0537
1140 1219 0.1186
1142 1508 0.0757
1144 1473 0.1172
1144 1386 0.4649
1145 1535 0.049
1146 1222 0.1735
1147 1251 0.1655
1147 1307 0.1631
1149 1592 0.2846
1149 1462 0.1321
1150 1449 0.0445
1151 1519 0.1062
1152 1563 0.1271
1152 1413 0.1044
1153 1450 0.0662
1154 1245 0.3326
1157 1368 0.2263
1160 1545 0.0223
1161 1371 0.2275
1161 1426 0.0663
1163 1341 0.1473
1166 1473 0.2119
1166 1494 0.1294
1170 1399 0.1083
1175 1529 0.0836
1175 1266 0.1434
1175 1312 0.2208
1176 1335 0.0425
1177 1415 0.2497
1178 1191 0.1669
1179 1382 0.242
1179 1512 0.2488
1180 1271 0.3463
1181 1471 0.2725
1183 1281 0.0724
1184 1197 0.1423
1184 1466 0.0544
1185 1220 0.0726
1188 1513 0.2168
1189 1402 0.2072
1190 1491 0.0529
1190 1436 0.027
1190 1318 0.366
1190 1482 0.2053
1196 1502 0.4664
1198 1208 0.0427
1200 1348 0.153
1202 1497 0.0483
1203 1259 0.2467
1204 1447 0.1143
1204 1239 0.0697
1205 1533 0.0629
1205 1215 0.0339
1206 1220 0.2248
1210 1339 0.2533
1211 1274 0.189
1214 1259 0.2538
1214 1292 0.1076
1215 1491 0.1937
1218 1317 0.3502
1219 1229 0.2179
1221 1487 0.2775
1221 1276 0.0919
1225 1479 0.0523
1225 1290 0.0678
1225 1391 0.0676
1228 1393 0.0883
1228 1290 0.1068
1231 1472 0.1391
1234 1290 0.412
1236 1596 0.017
1237 1597 0.1379
1238 1551 0.3699
1239 1589 0.206
1239 1429 0.1018
1239 1464 0.2831
1244 1561 0.2935
1247 1493 0.1576
1248 1300 0.3808
1250 1522 0.1083
1251 1428 0.078
1253 1338 0.0583
1254 1435 0.5266
1255 1418 0.1154
1256 1438 0.0977
1257 1457 0.1136
1257 1278 0.1545
1258 1481 0.4459
1259 1571 0.0241
1260 1350 0.0495
1263 1351 0.1754
1264 1518 0.0855
1269 1369 0.2047
1269 1360 0.0542
1269 1305 0.4773
1271 1422 0.1325
1274 1544 0.1093
1275 1441 0.4381
1276 1376 0.0358
1277 1555 0.0496
1279 1436 0.0141
1279 1299 0.0891
1281 1394 0.2316
1281 1581 0.0213
1281 1327 0.0672
1282 1456 0.1338
1284 1320 0.1757
1284 1363 0.0587
1288 1482 0.2612
1288 1477 0.3512
1288 1539 0.0174
1289 1447 0.1456
1290 1540 0.1264
1291 1571 0.3384
1299 1581 0.0395
1301 1314 0.0603
1302 1534 0.1162
1303 1412 0.1625
1304 1551 0.0279
1304 1591 0.0166
1306 1435 0.1777
1307 1415 0.0354
1308 1497 0.073
1308 1406 0.192
1310 1495 0.2982
1311 1328 0.1562
1312 1487 0.059
1313 1483 0.1043
1313 1362 0.1387
1314 1415 0.0574
1314 1519 0.2714
1317 1531 0.0802
1318 1343 0.2067
1319 1386 0.196
1320 1356 0.2661
1321 1559 0.1571
1323 1553 0.1291
1323 1442 0.18
1329 1483 0.0844
1334 1583 0.3273
1338 1491 0.2228
1339 1472 0.2327
1349 1538 0.4853
1353 1501 0.2445
1354 1507 0.1063
1358 1481 0.0528
1359 1437 0.1637
1360 1518 0.0568
1365 1418 0.1543
1367 1463 0.2846
1368 1405 0.3994
1373 1375 0.0997
1373 1447 0.0662
1376 1387 0.2316
1380 1558 0.0162
1380 1447 0.2011
1381 1511 0.0705
1391 1517 0.2648
1395 1469 0.0972
1395 1429 0.1634
1402 1499 0.0721
1405 1413 0.1299
1406 1434 0.1137
1409 1424 0.0048
1412 1434 0.0769
1415 1443 0.1726
1423 1580 0.1601
1432 1533 0.1721
1438 1500 0.2595
1439 1588 0.148
1441 1467 0.0883
1441 1597 0.144
1442 1459 0.017
1443 1507 0.4368
1449 1563 0.0617
1456 1477 0.2887
1458 1525 0.2366
1461 1505 0.2083
1472 1523 0.0346
1473 1564 0.2136
1476 1540 0.1225
1476 1598 0.1856
1491 1512 0.1464
1491 1526 0.3784
1493 1551 0.1006
1498 1535 0.1828
1498 1554 0.2409
1532 1533 0.1815
1549 1569 0.0333
1550 1591 0.1565
1569 1587 0.248
