1000 2000 num_nodes_f_dist 1000
0 174 0.007593294541931912
0 277 5.804759645844251e-09
1 708 3.2735179042501986e-23
1 990 0.0004542399375414838
1 134 1.6241619499167496e-05
1 165 5.178849000511621e-29
1 222 1.0295678893618897e-07
1 705 3.610882564980648e-08
1 444 0.07501977334379571
1 946 3.532195045666975e-08
1 767 0.07558752435897681
2 861 3.0076021332290737e-10
3 358 6.155523297325433e-07
3 55 0.045244183619288066
3 86 0.0011402484492247056
3 563 1.5740262740737223e-07
3 447 3.1412619904133367e-06
4 352 1.7544030451714867
4 768 8.398569318319502e-22
4 250 4.3105709245812466e-05
4 24 3.454872504481828e-17
5 75 4.482481054075674e-16
5 896 0.05298748621505777
5 260 1.9422490336971847e-17
6 841 7.734136634492408
6 708 5.548775973515216e-20
6 629 2.7770025051175816e-20
6 684 0.023222829173727443
6 249 2.605759355413749e-18
7 840 4.985013141335675e-23
7 474 0.029166030974543684
7 78 2.7350027857608503e-19
7 117 2.3823863400660177e-15
7 203 0.7102600232174218
7 893 1.5492786916695932e-11
8 929 0.0005792999021748549
8 627 3.2701183598860493e-28
8 446 0.6071186623682645
8 648 0.00046281554341495696
8 261 0.000208617253268604
8 340 0.11275765550531648
9 259 9.432313426203362e-06
9 337 0.17894530154234145
9 421 24.992472523344876
9 176 6.012103463857816e-09
9 644 0.23682885695230202
9 527 1.5920797736570175e-23
10 289 4.358921653171809e-07
10 964 2.5099047638214248e-15
10 22 0.001155312645747812
11 936 1.5469278960835059e-09
11 410 0.05821447465252073
11 427 1.5279111222425898
11 69 1.0907847734706484
11 130 4.461320078794866e-18
12 807 0.00011228513843215853
12 561 1.615327952330834e-18
12 786 7.694085264564719
13 791 5.047945205615608e-10
14 887 0.10588531872701584
14 259 2.546410514491275e-10
15 76 3.4553125800739e-21
16 831 1.4904344431888748e-29
16 932 2.2275203083188857e-07
16 46 1.8028019797092762e-08
16 39 2.733523951873307e-07
17 96 5.66368034525494e-11
17 348 4.34262732511487e-11
17 28 2.2682584288440915e-16
17 250 0.65524027701489
17 609 2.9162763098229223e-33
17 414 1.0541650972700004e-12
17 707 0.05738928920167754
18 668 4.0151928080797584e-29
18 728 4.876514475085822e-22
18 617 0.1237190589794294
18 403 1.0085090399685894
18 658 9.917807475956991e-07
18 659 2.6223651621154325e-18
19 531 2.180070661485441e-12
19 895 8.182524207124417e-07
19 608 6.162911940069382e-28
20 186 0.6788293372381551
20 301 0.05079328030409262
20 770 4.0902165743016905e-08
20 600 12.629823250886576
20 560 0.0053141283274628385
20 389 7.332373932329581e-05
21 382 1.1043999785727366e-07
21 595 6.853814305739431e-11
21 31 6.3638222842059024e-21
22 203 4.347838364397522e-35
22 50 50.77921290396688
22 799 1.0002769644300415e-08
22 838 1.0355423023806984
23 257 1.9147983619171206e-08
23 210 0.0007167926037549997
23 870 2.6584623488843886e-06
24 180 4.1014184132760586e-12
24 688 5.008996210230725
24 458 1.6980402151175674e-08
24 291 0.6309566016373338
24 640 8.750002081057502e-05
24 860 1.407392041723294
24 770 2.208240174048139e-09
24 795 3.880400374603219
25 41 2.79963214266123e-17
25 533 1.3860870240236897e-05
25 633 0.0057629436978503855
25 177 5.4548338265270726e-17
25 286 2.0919076501710865e-17
26 153 2.208512702817961e-17
26 162 1.2902735812865635e-06
26 298 1.50827370186866e-11
26 158 7.616951018520479e-05
27 937 0.0067714318334735745
27 114 3.421987450535647e-37
27 177 0.00018884534272324932
27 538 2.0841859132824817e-07
27 997 0.053864096044114476
28 372 2.9632359651554534
28 471 4.0030953904385774e-15
28 106 6.099767567746723e-06
28 436 0.483500019173079
28 342 0.0013372755616570013
28 385 0.06703449319587465
29 891 0.5260936275512093
29 330 1.9482215148936147e-11
29 302 0.0004243663494296024
29 283 1.8643602947676685e-24
29 904 4.4373480079553993e-08
30 829 0.0015003244841300207
30 490 0.0001036245705933385
30 155 1.175104055936389e-05
31 500 7.934078126085168e-08
31 141 7.312137686848491e-16
31 616 0.006661495309916407
31 352 0.03204898952671725
31 158 9.112213795214108e-13
31 934 0.0016531436173121904
31 359 4.367768316468991e-17
32 58 0.001172749489424995
32 956 1.898672753115926e-06
32 975 5.909986709442528e-26
32 919 1.7217851981014173e-15
32 692 1.1430071306847327e-43
32 689 1.7424799657000547e-38
32 163 3.860630253061541
32 731 1.183554467466981e-06
32 912 0.018797069276785705
33 194 0.0001149974453346293
33 588 2.7319912761710204e-15
33 78 1.6091447068146452e-05
33 186 0.004853892681565723
34 259 0.011623643098419493
34 375 8.423821583133e-07
34 737 0.09664482038046833
34 317 0.018649030569948266
34 994 1.3914254319048302e-06
36 621 3.4465284181278663e-11
36 891 5.38493272114382e-29
36 154 3.0062613354035965e-09
36 584 7.777591580917523e-13
37 994 6.979786941444585e-07
37 381 1.9097414583282966e-13
37 506 1.6353720416603287e-22
38 663 3.036443400322482e-07
38 853 0.0001256338632051184
38 844 7.176270648731288e-10
39 705 7.554083032543064e-05
39 536 0.0007835401860278735
40 593 0.002030562860557488
40 877 2.476587747445009e-20
40 351 2.2587144624129156e-15
41 315 5.2838561977857526e-27
41 991 0.00019461641540652094
41 606 26.90702664352126
42 132 6.538077152910909e-13
42 470 4.025281849759353e-36
43 883 4.0084228181680545e-09
43 566 4.1931977198625276e-15
43 678 4.259168627423429e-34
43 344 0.028883531122264865
44 813 7.46625677988982e-07
44 795 0.07189064999370577
44 232 6.906048475053462e-26
44 61 0.0004838817954468277
45 348 3.419870960073487e-12
46 923 1.5556575505312965e-08
46 848 0.11090012946129582
46 106 2.269789393214072e-25
46 769 0.12226581620042169
47 625 0.05903032066928641
47 463 1.1897220618968125e-06
47 478 7.975414665812072e-23
47 713 3.2951006002590694e-05
48 754 0.00048097728499379576
48 967 4.1514339351428085
48 771 3.280850526260394e-14
48 237 7.0871107590510185
48 457 1.9373916591817762e-30
48 256 3.964187508413801e-06
48 248 0.28944214536786106
48 313 1.5039857724897402e-06
49 204 1.0994670904749742e-06
49 630 6.58126899282847
49 608 2.0102244550070998e-21
49 429 0.0002483432360164762
50 668 1.724057851360754e-14
50 476 0.014954189737912694
50 195 2.0712836626373574e-16
50 347 4.186712754811366e-06
50 448 1.2244265428270193e-11
50 913 1.3518488257521237e-07
51 732 4.5563084569641e-05
51 85 8.01132306071425e-06
52 605 0.13355595118508626
52 724 4.516234980576545
52 734 1.0772214356881912e-13
52 98 4.38898920941947e-53
52 255 0.015412037333835027
52 279 4.632977864844204e-19
53 538 7.057073289947385e-11
54 522 0.34838736899921735
54 817 1.840945783208911e-17
54 997 3.9744213797350557e-22
55 166 3.6792432515334746e-19
55 401 0.00016899001871672407
55 808 0.05672798879630686
55 625 2.441645910953593e-06
55 329 0.001058979236571768
56 545 1.382888824609715e-09
56 353 6.674176234622628e-07
57 93 1.899590207614879e-10
57 801 2.8510775460578835e-10
57 808 3.2404618068749125e-12
57 800 0.002850931408345393
58 686 0.0005595171288313359
59 326 2.3101156575975945e-14
59 839 7.934919338531753
60 588 1.7284055167035175e-09
60 777 1.4426499250071375e-09
60 308 1.110897405927973e-10
61 901 1.772526368481999e-15
61 462 0.08730256676965507
61 555 3.789198809985901e-10
61 832 0.0011481977562816709
62 284 1.881057986208808e-08
62 370 2.446611712720247
63 882 0.08244394476014447
63 574 0.033434655953875556
63 157 2.496060862596823e-16
64 871 12.10721653065708
64 412 1.3315433034928126e-10
64 656 1.1702372694390902e-08
64 152 2.9043632009666895
64 786 0.00014438553439705785
65 304 0.9426920742744359
66 493 2.1461584601665092e-08
66 738 0.0002595205835411031
66 472 1.216093398691053e-18
66 774 0.03414038041736057
67 772 6.606034711523023
67 852 2.838408104537598e-07
68 919 0.07693413859484961
68 132 0.0011775477466040114
68 96 15.170293387506737
69 977 8.020810255218125e-11
69 582 1.4752151785696217e-08
69 248 2.848210922080437e-20
69 329 3.713514497964356e-09
70 288 1.930294548769314e-20
71 721 0.0021137995450394723
72 98 2.7132996059762886e-07
72 316 0.09185408155342877
72 886 0.002207473561270943
72 348 9.818470540842507e-15
72 814 8.436094070890333e-08
72 829 2.4758532314192525
73 429 0.0006096878408739756
73 793 23.13893276871362
73 576 5.0287041615954596e-23
73 688 2.6364547922622207e-08
74 778 4.3616777833785424e-13
74 686 4.91671134828287e-08
74 726 0.3678713607979881
74 222 0.17017348142417926
74 351 2.9894249697068623e-37
75 256 3.8026458099449445
75 736 19.88789362651305
75 303 0.06749105453887543
75 212 4.3616522743357497e-13
76 550 2.433488378221085e-06
76 410 3.1522606996735573e-20
77 903 1.0258416972674878e-09
77 981 5.639907601269916
77 105 2.5297723509547224e-06
78 224 9.21242520182673e-27
78 264 0.0003814497630123041
78 367 4.07773415414949e-09
78 706 3.032089781815253e-25
79 342 1.6046180577858174e-09
79 402 10.925200412047225
79 427 1.4705676495499539e-12
79 747 1.2486388686361952e-20
80 312 1.0622646869932526
80 173 0.9013352251393906
81 628 0.016685799337309338
81 415 7.167304668523568e-15
81 404 3.6069980775591596e-10
82 605 1.480154319720458e-05
82 631 2.5832439292784215e-11
82 801 22.1359191052403
82 231 2.4765675987297947e-11
82 594 2.081739172676505
82 351 3.109155291236401e-12
83 674 4.2135182682214095e-18
83 621 1.0635368019028508e-11
83 572 0.0010921228435538906
83 244 0.0004177079434397408
84 117 2.4290670444866543e-09
84 507 40.36424528509253
85 636 0.00020322083233350534
85 707 6.693881851884552e-07
85 396 7.170536773372973e-10
85 848 7.213295621570083e-06
86 369 0.010189697884954224
86 940 0.013060430007063162
86 432 0.00015079158486532381
86 722 0.0863958455868885
87 515 0.04497570619012385
88 817 1.6061479052439103e-11
88 553 2.763001583606478e-11
88 126 1.4409482883715579
88 180 6.039138428781035e-18
88 510 1.2923881943632693e-19
88 832 9.679886890743525e-10
89 246 9.929026195304319e-08
89 488 1.8030791489676052e-13
91 643 0.0016500583106085205
91 256 2.7957620789560936e-09
91 132 1.7903718490626896
91 913 2.6582872127402968e-18
91 998 0.028680023582395273
91 852 1.309076424575591e-09
92 602 3.882830039138152e-14
92 907 2.1951428580378116e-25
92 465 0.12135274153403709
92 919 6.2674884199089275e-06
92 342 2.942204356915695e-22
93 762 0.0022465432830378364
94 685 7.743113191291954e-09
94 703 2.00411807079069
94 754 4.428719742443607e-06
94 908 4.484612515147065e-22
94 144 0.026129639873717306
95 676 0.0002479433828487412
95 520 0.1741469431515584
96 942 6.657790709583889e-09
96 906 1.7902584285730523e-10
96 858 2.334753756269038e-12
96 713 0.022236752158979828
97 994 7.185769097787115e-45
98 174 2.889787053376916e-26
98 433 0.0009278206042818309
98 853 2.3961130457866982e-20
98 990 1.7317963114629846
99 620 9.023596425608158
100 306 8.710811185191844e-14
100 434 4.325661579533809e-31
101 162 2.9859885377599664e-12
101 575 0.8902900025621169
101 832 2.5787128842197607e-11
102 104 1.7453797859042115e-27
102 995 1.975779150546742e-09
102 484 2.596533713326116e-06
102 417 3.341009046616873
103 107 2.701705151351295e-12
103 279 6.964051812507182e-15
103 117 0.0009688935812870162
104 858 9.01859579996252e-19
104 780 0.08561426899937616
104 283 0.005728476558090928
104 254 4.880294382384066e-10
105 194 1.5323288051658586e-33
105 859 6.784389205313748e-29
105 167 2.501798346238678e-13
105 114 2.8764442572438384e-06
105 481 0.72534052298736
106 674 1.5384263090330107e-10
106 381 0.03789928651926752
106 154 2.7737802371725603e-08
106 346 1.0957652396570162e-11
106 927 0.00015767839482428548
106 597 7.552391772245652e-11
106 618 9.219855372393566e-11
107 222 7.909756459082153e-06
107 709 2.902012018711423e-06
107 523 5.985100721556049e-06
107 268 2.226541480944073
107 893 9.603639562279792e-12
108 762 0.001240385309439684
108 772 0.03865200523011229
108 684 1.432965758823512
108 834 1.9431385992996957e-13
108 396 0.06068559490104212
108 255 1.116824718589396e-11
108 249 4.084581074454134e-06
109 368 2.4391104970041487e-17
109 321 0.38746864285015153
109 352 6.679909132725765e-08
109 153 5.610672653799194e-22
110 899 1.206573489341478e-14
110 252 1.1720025820110676e-45
110 200 0.22946993379650069
110 660 0.0024186986938131974
112 429 1.0079029238091158e-06
112 902 2.6716330999798894e-24
113 164 0.0014517198926260874
113 951 0.0009356483519543502
113 432 0.0027460814598435266
113 351 1.1167218509456164e-07
114 159 1.8765919593595006e-07
114 980 0.44288062183041343
114 691 2.874883618423753e-05
114 396 4.832518429969472e-07
115 765 0.0001548312008271729
115 453 4.797240850356934e-06
116 791 9.047273142463001e-07
117 756 0.0028314501762410817
118 196 8.797269125594358e-21
118 312 0.2571289459861569
118 172 0.009349009622111675
118 200 2.6573654085094396e-13
119 865 3.127356513010034e-05
119 553 0.12089142377359692
119 443 3.1028549025497013e-27
119 576 4.9890969132955316e-09
119 279 0.20105610838840432
120 672 4.183396861104002e-07
121 625 1.1389936477630877e-08
121 131 6.0126695659937886e-12
121 279 0.014528973793651546
121 461 1.6550083518280354e-05
121 770 2.2007610106298144e-08
121 388 1.9512238676182553e-05
121 234 1.0655406112365239e-05
121 687 1.4411932293249303e-17
121 232 0.0003193295883834924
122 993 0.00075871530688878
122 261 0.3014021400820323
122 327 9.447102736560398e-28
122 788 1.2270879025750275e-05
123 676 2.712037446074692e-07
123 691 5.435407289901965e-10
124 260 0.0010859799686277673
124 125 1.3102687902166943
124 651 0.00028420250332917353
124 389 11.026092476835512
125 842 1.7587738059412723e-16
125 766 3.502556337904228e-12
126 978 1.1933087121067724e-13
127 932 0.16655860904926306
127 871 0.5512197405042194
128 933 1.6572693466293518
128 701 0.0056423673399202505
129 801 8.489562095014483e-32
129 995 0.00017401753932687295
129 600 2.300738942256033e-17
129 411 2.1083372264353493e-15
130 261 0.009857894694701896
130 970 1.3666536321077956
130 991 5.034898659211029
130 873 0.012510976854697566
131 997 1.3562901124236872e-18
131 790 0.028452534015859402
131 906 1.0619994378659516
131 399 2.1345965189011245e-21
132 470 1.8730807636711767e-10
132 321 1.4051453272925831
132 788 8.719366360838065e-12
132 690 1.6257226080044654e-20
133 407 7.017600420626049
133 982 0.028017510921667578
134 165 4.4142835406384843e-10
134 359 0.00766017829804234
134 583 0.002639838598236517
134 936 6.046546597815003e-10
134 248 3.434806014129938e-14
135 328 6.712322552326536e-41
135 588 4.753194527575117e-35
135 650 8.358457371388958e-13
135 316 0.03605605791964529
136 664 4.946092067055293
136 939 8.047218588618376e-06
136 919 4.602763574469386e-10
137 916 3.7329947791383373e-06
137 492 2.9603183062961777e-13
138 736 8.542791236466378e-09
138 238 4.780978285414385e-08
138 628 2.1397169720107595e-10
138 443 4.1423043282591
139 522 1.86200766319419e-11
139 534 8.37015118396864e-12
139 447 0.41891259538990533
139 702 8.183853333461992e-10
140 719 2.3067243045490087e-38
140 995 9.271146675924163e-07
140 447 2.717981893414356e-10
140 864 0.0003328008015633191
140 204 0.20678580429236415
140 698 0.10736502737233336
141 626 0.20448817526929128
141 660 0.0008490813660536816
141 255 2.6535615122770275e-15
141 317 0.005352169561731813
141 703 0.00016192342857170724
142 572 0.09472168051955887
142 693 12.713390811801856
142 488 1.411943498486357e-09
143 982 1.570815045284769
143 474 1.5331275773382976e-17
143 814 12.267958403902227
143 244 0.0007248800901058213
143 651 8.025818028627426e-08
143 724 1.9598059348219383e-06
143 731 0.7739444480117218
143 171 5.600414875923228e-20
143 673 7.253142673176238e-16
144 468 0.4082017179963623
144 257 1.5812436532993221
144 466 4.2250514901389336
144 599 6.906071552977733e-22
144 791 1.469224770816215
145 802 0.008860897753132103
145 664 0.23006957942956766
146 824 7.881998733434518e-23
146 360 5.6425924643957295
146 491 2.2298248445781947e-14
146 970 46.82145060057511
147 335 7.119566613275242e-07
147 181 0.03831008897356201
147 437 0.005380102382190976
147 855 0.0927417354333914
148 477 1.1425434843301314e-06
148 661 6.0043561953310025
148 431 9.305589860410069e-08
148 966 0.26006516638547766
148 842 9.410837544273579e-09
148 687 1.2998220973270202e-06
149 359 0.03828994180845601
149 893 0.07064828581547435
149 774 0.016560936526069273
150 558 2.4389124379748784e-22
150 437 6.109782462632341e-19
150 239 5.361114348573705e-19
150 679 0.049218994003443414
151 273 1.5146951306305554
151 633 0.6590539188268704
152 951 0.2546877888328007
152 616 2.479373896766498e-15
152 341 1.6568520932822078e-05
152 211 4.618807965645527e-22
153 871 7.456234998552674e-15
153 654 0.08680618157572915
153 721 0.00013543392569922188
153 963 2.0174944724527585e-09
153 406 7.63781139946489
154 368 0.001811823469318522
154 217 1.6116787630260325e-05
154 243 1.4337073796132492e-17
154 653 2.6861645576457975e-08
154 984 5.106738600066159e-07
154 942 2.430311822255741e-08
155 253 1.1770619493236677e-12
155 642 2.0450233299712095e-05
155 501 7.422139752826593
156 595 2.516852616725508e-07
157 484 0.05236205759636556
157 276 9.749770457886123e-24
158 437 8.5175909731301e-08
158 867 5.583588533372726e-05
159 301 4.221434043427812e-07
159 833 0.0055041604082732435
159 729 0.02684169680221755
159 331 0.0005338904176861533
160 752 5.379250624065818e-11
160 237 2.0028188980686812e-36
160 509 1.264280226033842e-10
161 472 8.374232479013112e-05
161 213 17.024838535078477
161 988 13.764514530759211
161 452 0.0486332051617896
162 441 1.8515666140410524e-14
162 604 7.215402371564073
163 547 0.023141685001038748
163 605 9.209473582408018e-34
164 605 6.679613180813668e-19
165 456 2.4817783489105586e-17
165 238 0.1946099115844059
166 691 4.338066621791677e-34
166 621 1.6355009203777035e-05
166 628 1.7519173118381757e-12
166 456 1.9799026416237572e-06
166 832 2.7276382894517213e-17
166 907 0.43022494352489893
166 623 0.08534812206772907
167 542 1.5152328608297359
168 538 0.011895968782892338
168 783 5.537151943654892e-09
169 357 0.00018965857183120727
169 335 8.427111035199066e-17
170 855 1.1270669560464057
170 509 1.9403337988160474
171 359 2.4692623035141123e-11
171 921 3.6528873842892066e-11
171 812 0.0011584460187313613
173 855 1.959376955450398e-09
173 916 9.174103584402257e-13
173 421 0.010680504748118727
173 351 2.0037740953110664e-35
174 709 0.31674133486806283
174 378 3.265194736139654e-07
174 674 8.423133908354634e-06
175 401 5.632287616447395e-25
175 991 1.842603317700991e-08
176 255 4.283528445251921e-16
176 449 1.0064995993651995e-06
176 416 0.003460260570191531
176 472 0.019710489367915994
177 332 0.10855909492009116
177 478 4.147448389796412e-17
177 777 15.71432809352122
177 386 0.016913947658659584
177 668 1.2103866916109214e-31
177 781 7.989379479511512e-23
177 571 1.0560253732874665e-08
177 678 4.931778842925216e-05
178 264 8.687639625487087e-11
178 664 4.808896808764621e-17
178 274 7.493134443305959e-07
179 937 6.294064467517589e-14
180 364 0.002528516760059443
180 473 4.527798056129168
180 639 1.7193931977903769e-31
181 573 0.6726135511627178
181 835 2.2496288307684036e-10
181 633 3.688588106267905
182 415 0.020253045598356303
184 402 0.0716132399920298
184 693 3.3338622161140323e-16
184 306 5.535273048803061e-07
184 404 8.362817237254734e-18
185 595 1.3815859532782184e-07
185 689 1.7144267915920506
185 916 1.0104543997978194e-09
185 457 1.928692276673645e-11
186 573 2.0805192216988204e-12
186 809 0.5668368007258231
186 947 2.29966159220903e-12
186 826 4.98840995044635e-06
186 855 7.696449534814233e-14
186 271 6.211376677624462e-05
186 252 7.143432426419979e-11
186 843 1.1875152324852937e-12
187 528 0.010757968691775381
187 392 16.27242764094591
187 941 0.02570749926687577
188 535 0.00011729615792777517
188 343 0.4379155775214238
188 333 1.2185572112649241e-17
189 364 0.00047369198662196754
189 758 3.1770051894252734e-12
189 946 0.029655685986420464
189 944 7.962740336701654e-25
190 322 5.1967052346490945e-20
190 938 1.363576322910243e-07
190 600 5.85091579824331e-05
190 225 0.2738295957637725
190 788 0.00017921041922438303
190 346 1.7354641417205984e-05
191 722 1.0203719490205433e-14
191 896 0.260139581318471
191 673 1.1454090459186107e-19
191 708 0.09574860983652696
191 661 3.2727656660281454e-34
191 528 3.641619213870025e-08
191 214 4.392232192546946
192 636 1.6752381612345863e-34
192 350 4.6993046268915215
192 475 4.2376389276150105e-06
193 874 9.231412206109795e-06
194 480 1.018874543488222e-09
194 870 0.13668611085460705
194 384 0.01707108650490025
195 834 18.885446391791366
195 594 0.0003322737385839532
195 519 7.715978902871975e-05
195 583 2.9699373618881353
195 927 1.979678066354139e-26
196 594 0.00764690597448397
196 773 0.007564450665773198
197 814 0.00016080770728567703
198 983 1.3735679752803003e-24
198 742 0.17199867959034273
199 400 0.08855948583841158
199 502 3.9262992027616423e-16
199 389 0.6207269502847554
200 317 1.0175157279911736e-11
200 778 5.564288734966131e-16
201 653 0.08702490718009316
201 309 0.01556317479132148
201 834 0.000278706198973154
202 320 6.123329300025342
202 744 4.566179912526494e-07
202 947 1.9501969058495234e-05
202 229 2.426571328871248e-17
203 313 3.346153451451607e-26
203 677 0.06625193942732255
204 820 2.267813245638234e-08
204 597 1.1471114258796657e-05
204 848 2.338880900723969e-06
205 440 2.226292306686875e-06
205 957 1.0780115338159114e-26
205 964 8.243190663397391e-11
205 281 1.1545267056989629e-12
205 556 0.009588105279987026
205 722 0.06634295246003898
206 323 8.101101839681021e-19
206 304 1.5015069739258306e-08
206 217 5.170246049416192e-09
206 620 0.09109706099524385
206 329 1.8544716776558076e-29
207 232 2.4153259965779496e-07
208 228 1.5101593715593804
208 601 2.352848215951116e-08
209 729 0.20872809762507746
209 453 6.712771627643405e-06
209 339 0.0478657887679826
210 649 0.22084809733298041
210 638 5.5771899361329165e-15
211 329 0.001620703769863447
211 465 0.03038295333139296
211 228 6.251737133754332e-10
211 947 8.799685304573762
211 590 0.5668783840318457
211 641 6.721870832911836e-18
212 748 7.449640619306145
212 548 12.4039763361363
212 376 0.915564516781827
212 300 1.881372366339145e-09
213 910 3.4403665307025274e-10
213 573 2.059688352413889e-07
213 646 1.36262688998804e-40
213 699 7.870267689173771e-08
214 230 2.327613209023648e-08
215 966 5.639368488619825e-20
215 746 6.152193007635228e-08
215 648 0.00013541639529944836
215 980 0.7382993582480657
215 720 7.914378870455278e-16
215 420 15.341512883113236
215 218 2.0097938142659766e-23
215 463 1.6968321747108427e-07
216 477 4.283010084839002e-05
216 443 5.780175475330762e-17
216 338 1.7424563629426894e-09
216 465 9.59806977886974e-25
216 652 7.253060328151036e-08
217 620 1.7273338502567742e-21
217 389 0.002871588848916452
217 982 1.9538876717734417e-08
217 870 1.1553301466169284e-12
217 758 4.854930713652216e-08
218 373 0.04667375366454857
218 659 2.2596515583335699e-10
218 586 0.0006164264621106008
219 428 27.80270534700286
219 374 2.47369191598552e-07
219 719 6.292707795047545e-08
220 905 2.3482299205457027e-08
220 630 4.0730160007921363e-25
220 291 2.578521714780148e-09
220 832 4.213758338589268
221 746 0.00042884604041220617
221 951 3.218318626658978e-05
221 838 5.006915225838474e-16
221 839 5.075158116459444e-11
221 365 3.444061349506088
222 242 1.6960427343566828e-09
222 587 1.810420024815683
222 985 1.7172862179743223e-13
223 378 0.0016032391750634622
223 554 11.833815998220167
223 861 1.4191762774395493
224 916 0.01555309767930309
224 361 8.095482439041227
224 601 1.751269150929285e-27
225 359 1.512533453416175e-17
225 355 0.0005189528047420153
226 719 6.006650057311151e-16
226 667 0.005904432224422485
226 810 0.026538715221804912
226 848 4.581477689672744e-08
227 674 3.811159389738791e-12
227 786 0.07762556384050641
227 944 1.1945156563128656e-23
227 752 0.001849628254912854
228 755 8.306278352747522e-11
228 350 1.6985577713304482e-08
229 842 24.383147351437003
229 246 0.003474776790891334
230 981 1.0293571090358896e-11
230 545 0.1024865534363473
230 961 1.9261361639796897e-13
230 670 1.4896367793098484e-10
231 668 2.5824010169802485e-08
231 437 1.1728037196919536e-42
231 547 0.006203445365295631
232 698 1.7408409793381562e-09
232 837 0.0015861951614505928
233 639 4.836786161351439e-05
233 404 2.0312193525043063
233 873 3.739761446318302e-16
234 430 1.7810159497351426e-17
234 952 1.7906270448255155e-12
234 513 1.439095995763408e-22
234 838 11.648525209324685
235 824 1.428538801977218e-22
236 241 3.1288652412358695e-17
236 527 0.008515360059158211
237 520 0.00015967183671379228
237 768 7.009471503827101e-32
237 725 4.885377443951168e-16
237 535 3.042556737798191e-15
237 900 0.8432135754431066
238 252 0.00017294133538812032
238 972 0.006439836284752384
238 563 9.568702287034943
238 583 2.629252589647845e-21
238 619 3.1696245556621023e-06
240 413 3.5784775484889445e-22
240 416 2.971329696459219e-18
240 249 6.809228024353742e-10
241 455 1.4967327013298176e-09
241 616 0.29784553646264095
242 844 2.056082307340608e-07
242 514 0.00018020844809595336
242 684 2.1665169596951764e-05
242 471 12.615857427188178
243 909 0.00796724759843985
243 407 0.09986362526836261
243 694 48.23706482155865
243 562 5.12727495581388e-07
244 895 0.00020925904502398305
244 458 0.317419077721144
245 745 1.1073152875408627e-05
245 429 0.009334328759953202
245 599 11.85617354896166
245 772 0.05653313068484636
245 801 0.010537738151805821
245 755 0.00012354196671365134
246 567 5.213368179803632e-09
246 914 8.914781031329164e-08
246 852 1.6976042696429588e-12
247 486 0.017269065320996205
247 550 9.870373593991707e-08
247 375 1.2295008681777601e-08
247 552 2.905350598227002e-20
247 660 4.265543551739286e-21
247 484 0.13248703264822703
248 859 27.72017201133941
248 783 0.28374423232436374
249 890 2.151740970592073e-18
249 474 0.5654467795460758
249 764 7.073602575118414e-05
250 844 1.878580603246965
251 919 3.0150609041574078e-05
251 528 0.15859877071312037
251 721 0.8331747346850891
252 724 7.196512102730167
252 579 2.060153898507934e-24
252 679 4.309795779218191e-23
253 477 5.219178237231789e-31
253 603 1.3417995387481065e-08
253 844 2.9464163967144774
254 732 0.00015116944762401076
255 501 8.130615721865333
255 582 3.439918691216054e-14
255 757 7.934708982003947e-13
256 645 4.675591373694372e-06
256 931 0.0022949579325916955
256 607 6.615480410392263e-30
257 315 2.730528492627913e-05
257 278 2.569552143626128e-08
258 350 2.9369810360646018e-06
258 711 0.3091823146439321
258 277 7.192163109274234e-09
259 414 7.475253556370824e-20
259 493 0.0002470724262987541
260 629 0.27756323944965094
260 730 1.30710979525747e-05
260 512 0.07658488943853278
260 324 2.6737251445061068
261 691 1.8180938422382445e-08
261 917 1.5925851150461285e-07
262 368 2.54037101680184
262 546 1.4253522308341688
262 269 3.5227564861852727e-06
263 526 0.1752764893947508
263 829 1.5625966612391887e-06
263 997 2.2460596779174924e-09
265 349 0.0012417394327881555
265 561 7.511432490305633e-49
265 361 0.0012613184355818497
265 482 2.432644586767939e-06
267 341 3.5528069982249145e-16
267 681 0.015543925004641048
267 582 1.0120728451006378e-14
267 534 7.496520243461655e-07
268 620 1.0633393835089793
268 760 1.3322661419260036
268 730 1.8313110978919787e-09
268 629 7.380876520701227e-12
269 965 0.050031950567003936
270 773 1.3056428472114634e-22
270 933 2.1020976036637596e-15
270 686 0.2722361257128506
270 691 0.2576045094542553
270 301 1.53355086314333e-05
271 542 0.3314887131053562
271 935 0.07630836094324826
271 758 0.1952633015584962
272 874 0.013444110602053826
272 883 0.0024148510063007993
272 873 0.03219880099380283
272 788 8.495185312140349e-08
273 470 3.268927628582275e-13
273 996 0.4633599060876371
273 629 3.118559399328104e-05
274 922 0.0022983802207550102
274 631 1.0427593049854422
274 484 0.23818683482120562
274 648 0.012953034327135743
274 931 1.883884858402141e-05
274 620 2.3917174413458643e-08
274 444 2.2213184839981492e-05
275 495 1.357447138677147e-06
275 827 4.526490629913428e-05
275 793 12.080889848836874
275 412 1.9860526932104376e-35
275 306 1.5373012361087998e-06
276 834 1.1792478574434984
277 702 1.500965201596936e-10
277 820 6.537222271684337e-34
278 797 1.4724964290044277e-17
278 291 0.0020631637238910246
278 966 9.2028960179231e-05
279 605 3.289074996174481e-11
279 334 0.10495643230009924
279 404 0.2755101019702915
279 642 0.5916788286219606
279 651 0.5830313326231632
280 494 3.718194188615002e-08
280 762 8.665048681166733e-12
281 920 2.9892279459525223e-44
282 824 6.447539124469571e-09
282 374 2.7794808610960478
283 870 21.007364734183923
283 864 8.142710930047218e-11
283 476 0.44363653508288947
283 516 9.680425038792501e-12
284 564 1.08817896684166
284 803 7.019097990512639
285 947 3.6681960783644275e-08
285 538 0.3481094446837347
285 660 4.365150371617616e-24
285 654 0.0006706031872044413
285 531 1.5587319720314115
285 710 2.3901720597512283e-17
286 500 1.291892468907257
286 780 1.4658635101030147e-05
286 934 0.7399853091590693
287 899 48.76581958340074
287 595 0.6770520145578547
287 576 3.6841104928306457e-10
288 338 8.709388982644971e-14
288 347 6.621302088092594e-09
289 593 2.417326494164167e-13
289 521 24.064554311596485
290 396 1.0803817166182636e-08
291 480 7.857290218160101e-05
291 454 0.05052194357948756
291 732 6.255556156307433e-05
292 345 0.8289155978405905
292 944 0.07332370840405836
292 674 3.83085121264169e-14
292 705 2.1036454234184385e-05
293 536 0.014907300894525362
293 299 5.8093223965626715
293 363 7.614095257619449e-06
293 350 1.5866904568479829e-15
294 427 0.4173686328681884
294 887 5.0047991864256995e-09
294 842 0.00010651216247510069
294 912 0.020640882344266663
294 477 0.0003990482942277116
295 471 3.911248137842615e-05
295 310 0.0005693815134790642
295 444 0.11828155957358018
296 375 0.04580344529856677
296 370 2.553888533333552e-07
297 509 0.03304587971057411
298 472 2.89483135588604e-06
298 544 1.25143275952222e-11
298 986 2.6297509422607276e-16
299 961 1.5713346685997645e-22
299 554 7.751295274464216e-15
301 402 1.6953541170328649e-06
301 809 5.733696956001679e-13
301 362 0.01045565080087949
301 820 14.67084769363284
302 965 4.5207723632667734e-10
302 678 4.7396455860010755e-05
303 404 0.0007221588375352486
303 399 5.315367831642404e-20
303 596 0.31386636765231657
303 628 7.091227306876992
304 466 1.3157046463535125e-05
305 322 1.2161774416458535e-17
305 606 0.11664063374128818
306 830 0.1742288632412365
306 578 0.00034184378471997096
306 662 0.004287477667624067
306 631 9.007332817449123e-22
306 574 4.3979215689020445e-06
307 971 2.2818182982639955e-19
307 660 0.0037233726339707235
307 773 9.98907365653106e-09
308 537 0.0018196569515152052
309 936 0.04681553373422501
309 953 5.2840836029266e-23
309 782 2.1994269660191056e-10
310 980 1.1125534999520013e-10
310 505 0.00021606175686362348
310 341 3.6351089420597977e-06
310 414 6.468414158944e-10
311 341 0.22048599851160527
311 578 6.131364475628884e-13
312 404 9.263198735342502e-11
312 412 8.470854637713118e-21
313 381 7.776589317924151e-07
313 468 7.238753464226566e-09
313 578 0.10995530096767422
313 941 1.5528762270925107
314 650 0.7301320603144439
314 646 1.703660089146935e-07
315 459 0.025699645787049606
315 381 1.4607237364626598e-07
315 510 4.709427578849111
315 376 0.0001739798272955467
315 890 0.00013387404510019932
315 475 1.565348324804722e-08
315 833 1.2045029926880966e-36
315 349 0.060556058981121735
315 902 8.080400538993441e-16
316 491 0.2041531335046049
316 593 8.398999465058594e-13
316 339 0.00012808539130519287
316 507 2.0044818052324452e-11
317 464 0.02018102434403398
317 783 1.7860275597970692e-09
317 417 0.5502399699255304
317 676 0.00023751803890595654
319 416 0.19730595419519412
319 814 2.0368821503335916e-15
319 984 3.4720004897424403e-17
319 796 7.002860803177828e-17
320 475 1.0402558288581573e-05
320 844 0.0039342465972166665
320 612 5.919122088507892e-13
320 584 6.776450480660123e-69
320 386 2.3100431922811637
321 816 5.9533074194956986e-08
321 683 0.0514244445718244
321 838 1.1210808232363585
323 703 4.202060548024254e-09
323 629 1.0402466513324282
324 892 0.0009649567224046669
324 750 5.360881363534345e-12
324 417 0.003122512518134722
324 786 6.851693679663566e-07
325 662 0.008611944834265863
326 929 0.04423827755444497
326 364 1.1955515722988215e-06
326 731 0.00010216580234541927
328 760 1.004597461481655e-30
328 555 1.068359958760895e-06
328 736 2.870066560285198e-15
328 403 1.604702444345563e-19
328 611 1.1046125473835722
329 552 0.26818619053489373
329 610 1.2502318628915299
330 619 0.0885750297632832
330 855 2.863285851801742e-23
331 567 7.170513826991535e-05
331 385 1.6650846169867966e-06
331 999 2.263728001209819e-15
331 933 0.008976461142578438
332 963 0.3517054588035684
332 843 1.3960204310495658e-19
332 609 4.598807550727796e-06
333 947 0.0002901036580044841
333 824 0.0009021372207967413
333 579 2.011450523686468e-07
336 528 7.613911787813283e-07
336 569 0.0033043400355343127
337 697 0.14901782941463426
337 603 0.998464024824365
337 987 8.25176631116286e-12
338 730 0.0032064509080060367
339 717 2.3661280323089375e-11
340 392 2.844087163723295e-07
340 462 2.7913780377760533
342 870 0.19552178634999534
342 944 0.8182173904099929
342 605 5.846047827426928e-06
342 994 0.17699166152257303
344 962 1.2439811152177707e-19
344 994 2.3721577807906663e-17
344 637 9.817255026429502e-05
344 712 4.933695627767311e-07
345 698 4.326744594925215e-06
345 587 3.333348954780762e-07
345 713 6.54973500737971e-13
345 433 2.0272928243483177e-11
345 518 0.04269841186497839
346 663 3.213963773590629e-10
347 442 0.0016357315467720017
348 441 0.006495485621053686
348 782 8.434066257895953e-08
348 720 0.2833202413791222
349 743 2.4848686322240454e-05
350 767 0.005470670992573684
351 680 4.567567859440618
351 578 0.00012064022659607475
353 771 1.714042558153742e-07
353 573 0.0001698659432399656
354 392 1.7747920496772652e-23
354 630 1.2924207450112487e-11
355 772 1.4121743906274606e-05
355 999 0.00025326101600668503
356 372 2.836536944405343e-20
356 690 0.45823307164164107
357 688 0.01974239248339515
357 660 2.526127682790506e-06
358 951 6.19947812281505e-08
358 392 1.630939937336425e-05
358 829 1.769067857319992e-29
359 581 0.1756745867031272
359 633 0.021645138206936358
359 402 6.702071912585895e-05
360 598 8.132116984532034e-07
361 846 7.48228394398207e-08
362 370 1.899101443839413e-16
362 815 1.7879655906725413e-05
362 451 0.015547295794131378
363 569 1.0286787977910297
365 658 1.700061896061162e-14
366 982 7.616497472509205e-05
366 492 4.794496642988303e-19
366 830 0.011969516763055379
367 895 2.016565866260315e-08
368 522 33.03140713412815
368 371 0.8217835859565228
368 483 0.05316142571521661
368 930 0.1367077678487974
368 898 4.2177321851342855
368 503 8.263275690147237e-12
368 545 1.075161217219184
369 430 0.00014234416038020418
369 532 1.6259168388607628e-15
370 772 3.037775670749426e-13
370 865 7.725596240094719e-07
370 664 0.3849768764829058
371 468 1.7375500922079147e-14
371 935 3.3597724705232528e-06
371 857 8.425872824198943e-08
371 656 2.4907522436345867e-13
372 781 0.0003887864094253744
373 522 0.008022021897735643
373 534 4.708142783057766e-15
373 483 2.6977749139155135e-21
374 491 0.08322445398185514
374 911 31.43151496626297
374 415 1.7038063937979275e-05
375 956 5.495699998296106e-08
379 796 9.08683079615224e-09
380 972 0.0006058254309961093
380 503 9.877410886455472
380 820 4.390333998145067e-05
380 668 13.153948050480091
381 663 8.141134676911307e-16
381 752 0.06508190887723259
381 415 4.4089741511314255e-12
382 585 4.232021895716345
382 866 1.8703090128949955
382 695 0.06077078012162158
383 817 0.5612268787196594
383 490 40.50850583882498
384 789 1.2832611004882966e-20
384 401 1.8257781680511597e-10
385 593 1.7118259110182306e-09
386 874 0.0013498689524142414
387 409 3.293315105178179e-11
387 974 0.0005055608917954294
388 877 3.1099684390340727e-16
388 983 0.0001114227178358975
388 641 2.0983224541907943
388 450 0.0003453904817339488
389 433 0.0006668373953422625
389 984 1.3045871437752434e-15
389 877 2.0127439515427333e-13
390 511 0.004365903411841106
391 682 9.169676658045483e-20
391 577 1.1231798593185571
392 609 0.02807026966049813
393 418 3.353820683197759e-21
394 603 1.5593844570014415e-07
394 894 0.0011143396724223576
395 927 3.541656768169953e-05
395 537 0.14635736708710775
395 784 0.00013864911189681627
395 957 0.3561331936018776
396 724 0.04529934122680074
396 981 0.020776455016280584
396 425 4.758442660340951
398 909 7.957213858328319e-11
399 835 0.8115784508267255
399 554 3.4480667902066677e-19
399 463 6.692741660370158e-06
399 913 0.30330345449014356
400 656 0.4872845925064429
400 610 1.3785047033040567
400 749 6.392491442711237e-11
400 581 2.4506639401663665e-20
400 559 4.627656831217904
401 733 3.976456311279416e-12
401 607 3.5318565277116147e-13
401 536 0.005887332253416777
401 466 5.265038112280829e-21
401 546 2.0932875631559346e-27
402 653 0.03858979390714178
402 799 0.0013090161162228615
402 530 1.6429123794249877e-05
402 497 6.922011764718386e-16
403 925 6.642225111311092e-11
403 885 3.3936070666288016e-09
404 908 0.04636001005109473
404 495 0.10295012652531986
404 486 0.0010914058741596374
404 840 0.2381884650116727
406 826 0.12513392337644633
406 719 0.0028617660275546035
407 619 0.02838220754146771
408 744 3.3578754205451378
408 542 4.311380477938067
409 732 3.619910858768354e-08
409 769 2.283944474428251
409 982 1.6021909749001706
410 860 3.4994930303570444e-07
410 472 4.685032934103459e-06
410 739 4.6844792841219095e-07
411 883 0.0459018549165662
411 440 0.794460862370296
411 491 2.788956671018657
411 462 0.031056489966104685
412 835 0.03501919830955905
412 965 1.4634571743242244e-09
412 943 3.350155183398901e-30
413 422 0.003047345616293037
414 803 0.01346952411433542
414 938 1.2169562488107868e-06
414 608 5.611993735661177e-10
415 489 1.8776290898783715e-18
415 785 0.036130214566905246
415 466 1.5090405867615557e-14
415 987 1.703236614886121e-11
417 566 1.9182257113356562e-08
417 719 0.5756557907449289
418 461 6.113798389971264e-13
419 725 4.321370142660887e-32
419 956 0.0002450009934559413
420 652 0.11138700625901403
420 616 8.67240574961194e-09
421 673 6.558969166512545e-17
422 701 3.1884150318244135e-16
422 959 8.009162793771951
422 919 1.684330367788978e-10
422 583 4.278997457197738e-22
422 949 0.00011266784639557903
422 848 2.425661421310577e-17
423 762 2.851266238302215e-26
424 815 5.112617066870123e-13
424 532 0.10367224883022028
424 883 7.32205918464471e-52
424 431 0.00033790767288467184
425 683 3.587518498399528e-11
425 576 2.061861054903037e-05
426 825 5.408175078169208e-05
426 576 2.411448349070952e-05
426 664 1.8744180211265064e-09
426 843 24.284244546173063
426 601 1.2867642192384463
427 693 0.203536282066038
427 776 2.6108545020075792e-14
427 649 0.4288674308455138
428 902 0.0005066674598410868
429 993 0.0004130146478549846
429 823 8.457909672297995e-16
429 919 0.8146220276454477
429 656 0.11341882995928396
430 824 3.8236323644444067e-10
430 905 16.470502320358356
431 627 3.605806441328487e-05
431 646 0.0010439860717255077
431 881 2.0163347013409188e-35
431 580 6.451658859390042e-05
432 711 3.2517158381175404e-07
432 638 9.6158424655566e-06
432 802 1.3161438613876115e-05
433 919 0.02188376155007005
433 700 0.025880130817605977
433 445 2.0273005770886221e-44
433 980 1.1704303556689462e-05
433 764 6.10984628138432
434 539 1.8196939132313952
434 641 2.873619591733947
434 673 0.2839176111432244
435 523 0.00019253856342458798
435 609 1.2547959835914166e-22
436 782 0.0005526091752200054
436 971 6.090245910915418e-06
437 712 9.992850749252087
437 936 0.38035312066803173
438 445 0.0157492446604627
439 947 1.0784248108748657e-11
439 470 0.11068732555562631
440 454 2.5533774939218224e-17
441 487 3.419422334105938e-09
441 680 0.31087463892607775
442 831 2.2122341187884025e-08
443 901 7.575153808705699e-07
443 565 30.897029905107676
443 775 0.34051339113265733
444 825 1.836189758215469e-06
444 694 6.831438403791413e-06
444 857 2.7785417680319023e-07
446 844 2.7495545412040876
446 575 0.00016688155730550596
446 733 1.1723768692426043e-12
447 968 0.00011535752933788132
447 683 2.7613042596083613e-26
448 489 0.6652745624777263
449 490 4.455381132914141e-31
450 837 3.338218000313405e-05
451 736 0.02486744358357395
451 842 6.873333898748152e-12
451 642 2.6473892428066256e-07
452 890 0.08945396382960072
452 654 3.287758928862948e-12
452 481 3.300200248665946e-07
452 959 5.677634985589991e-24
455 514 0.013013650826997696
455 731 0.35522709423072935
455 487 0.029670446095920466
455 761 0.0011492294387332536
455 467 0.001593431206551588
456 915 1.1688020186933461e-38
456 575 0.00014410717316238036
457 936 0.00020241562026718487
458 892 2.8845355810444785e-14
458 786 6.338920318564587e-09
461 736 1.9901690148211192e-13
462 605 0.07613334896123827
462 982 6.9228635387089275e-06
463 542 5.027902273376781e-32
464 650 7.724873726492767e-06
464 788 2.7873396878004597e-06
464 491 5.319800682114169e-10
464 658 0.3881234706922736
465 921 4.033548243362159e-08
465 708 10.427698175900694
465 993 0.07519467669511813
465 472 5.442111741592762e-06
466 689 3.930380265547084e-29
467 498 2.0231791534703223e-05
467 729 1.43704818301427e-06
467 797 0.5697857609779067
467 583 2.3453209908863333e-07
467 988 0.0010615721595199786
468 574 0.7748761886919159
469 893 0.2879045643968925
469 568 0.7976148649280055
469 667 0.009031357732436561
470 802 0.4955562693301588
470 643 7.6101875048921235
471 752 3.97752804293464e-23
471 590 1.2376243745990856e-13
471 741 1.4860446619414084e-11
471 478 0.08163909594195895
472 756 1.0476235889661035e-16
472 924 1.560781286619926e-14
472 929 1.6078408057328407e-07
472 612 2.2688007645020833e-17
474 497 0.004740517611101533
475 685 1.205080634781095
475 691 2.1134286161145642e-07
475 644 8.946540376082963e-12
476 954 0.007365951001202627
476 497 1.203022710226117e-10
476 568 5.304937824453708e-10
476 939 3.40740173047492e-19
476 485 0.0009543683502710676
476 942 1.974056731472882e-14
476 877 0.15651920227036736
477 665 4.2317493112147593e-13
478 570 1.471724924713884e-22
479 600 0.001245891967430937
480 870 0.03266253212064465
481 674 0.001893921204226066
481 853 0.45730725388223165
481 536 1.1529550234216757
482 880 7.708803973885702e-13
484 627 1.112429942673503
484 757 0.01357735181786985
485 784 0.021962221562867867
485 884 7.01267255311697e-08
486 552 3.2663373816009647e-38
486 513 4.615639163420201
486 778 2.9738066730857537e-08
487 707 9.598581957620762
488 560 4.087970093411258e-25
488 525 2.188866809075242e-11
489 736 0.03077195239964464
489 917 2.2939654210217593e-13
490 820 2.7435912155641522e-09
490 723 4.344914083847243e-07
490 800 1.2322447243251938e-24
491 759 2.9093703967405515e-15
492 836 0.06767920525125622
493 654 0.03771245138365202
493 701 0.33742609729274065
494 833 3.291200341353872e-10
495 706 9.55645954017111e-09
495 890 0.0004357591416140158
495 510 7.649720711642968e-16
495 784 1.6495733850056044e-13
495 973 1.4703522793105903e-09
496 605 1.3190750545837817e-08
496 864 0.00015667202390572978
496 787 5.371828357597371e-23
497 927 0.0022300346848360374
497 700 1.8602505908142942e-10
497 777 3.347940059102985e-06
498 527 0.02451462879630251
499 718 0.04709997063337302
500 524 2.7863472808569993e-08
500 610 1.6651628481807528e-18
501 823 0.5379384956629586
501 634 0.008683776405416682
501 524 4.893760557336103e-23
501 869 0.2409117942688198
502 773 4.761353484830147e-05
502 877 0.010486991973523216
502 767 5.897390490629772
502 858 6.077936126184889e-07
503 954 6.641083176539912e-17
504 594 3.203326990278612e-20
504 996 0.00018150667047154943
505 755 5.208816689292671
506 573 0.30260507969196726
507 680 0.13539077386081055
507 608 4.937747162561204e-16
507 872 3.3329386843754254e-05
509 668 3.366425408018825e-08
509 738 1.9185612025552466e-11
509 851 0.045679806126031786
510 512 1.5740737742946069e-30
510 948 4.850100576989676e-16
510 725 9.89532925811717e-11
511 846 3.743803911884621e-14
512 696 7.502268227773324e-10
512 873 3.9364695544349555e-06
512 675 0.29298342913947306
512 782 0.008210304348194442
513 554 1.861896229158784e-17
514 898 9.172052042165248e-20
514 609 2.8526455964208933e-05
514 712 0.000373702080355003
514 901 0.0027982598973343995
514 777 5.287463215192699
516 851 2.4090191490375875e-13
516 817 5.278909871851127e-06
516 829 2.564794864981443e-07
516 748 0.5744882163081051
516 923 5.710591736460739
517 700 0.04500283498661143
518 553 0.06823921318983209
518 827 2.6100576448352832
519 667 3.5142437736573396e-15
519 537 1.0548971725577933e-08
519 546 1.307623737321698e-21
521 880 0.0006047188024266592
521 623 3.4803251491461036
522 551 4.261050836344477e-22
522 910 2.5179768182363476
523 676 0.11979241644750402
523 883 1.1988860862815564e-21
524 741 0.0543581619568493
524 932 2.3649768567140232
524 792 0.000976691981196726
525 579 0.00042288560660030044
526 690 7.444068626117113e-09
526 854 1.006235175288262e-06
526 970 1.0995902569044264e-07
526 660 8.468707202146528e-12
526 643 0.005609497210513062
527 851 0.0004057840195497554
527 771 6.430678889219235e-20
529 540 4.506872727659962e-15
529 988 18.08795550555737
530 575 1.1198215697342434e-06
530 598 9.572925950202511e-11
530 924 11.228892485088751
531 782 1.0595231684890517e-10
531 986 2.659342642640149e-16
533 639 1.3672452252711334e-21
533 961 15.24493944563011
534 928 3.7599315749242644e-16
535 590 1.204140402244904e-11
535 833 3.2135458957393605e-07
535 667 6.453663944878047
535 922 0.06402841981466399
535 701 8.110686578512837e-59
535 869 3.7815852226418895e-06
536 728 2.173580299175776e-14
536 902 0.006470936071094719
537 752 7.132957812664762e-06
537 951 1.758612091905193e-19
537 837 1.718461978905764e-08
537 644 0.013637414474830757
538 886 9.679443853015124e-06
538 765 0.05644745412885683
539 614 0.12326888910226923
539 918 3.947049115242358e-16
539 978 6.01824619381526e-53
539 908 4.8715616757588445e-05
539 850 1.3644262856764751e-05
540 783 0.2612764366891573
540 990 6.060211602434062e-07
540 865 0.0027259656778433543
540 575 0.00038525423827895085
541 896 1.0502938935722245e-05
542 738 1.8374994324718124e-18
542 963 2.932960758139709e-05
542 815 4.617499093069725e-12
543 670 5.466138878790087e-15
543 868 7.398802298127296e-14
543 967 0.17724857469641733
544 990 2.3354373053179147e-11
544 705 1.1989147030370768
545 857 3.9902387679326488
545 825 1.1377484332151635
545 686 3.8420154489667477e-29
545 870 6.413186632195595e-07
546 698 0.009444602645968069
547 998 1.6786284406258946e-38
547 892 8.273673850718114e-12
548 657 3.1689075206005707e-07
548 944 0.00034658922969016577
548 974 3.4935759466527328e-09
548 716 0.0003363886197261409
549 940 4.278315832898936e-10
549 791 1.4173997821692366e-08
550 870 4.547820849297105e-10
550 745 7.266850448942455e-09
550 969 2.187887437278269e-10
551 728 6.90452662511521e-10
551 776 9.049344206461127
551 782 2.1474953582987104
551 816 0.0001111247276826884
553 972 0.0004988903365456875
553 630 1.167200231630405e-06
556 690 2.9780653081501674e-32
556 889 0.0006617043675421517
556 603 0.015542665575958833
557 958 1.4366093172228397e-12
557 857 0.7886182058185814
557 710 1.0212746067728977e-05
557 881 3.7077973619463935e-18
558 733 2.0030889448462008e-08
558 837 4.271690301847724e-25
558 721 1.1469059627761493e-34
559 940 2.744397264886977e-10
559 735 0.16667519395826633
560 985 0.02484575066250791
560 715 1.435217931051785e-08
560 911 5.463852712951214e-07
560 750 4.711210686708527e-19
563 648 8.455331107265429e-10
563 880 0.05122675397134532
563 819 2.1792607364303304e-15
564 784 2.6385260040387487e-12
564 769 0.01599867592469434
564 916 6.8653402301051036e-18
566 779 6.718369321014245
566 828 0.026814503104293105
566 662 3.658253270051444e-30
568 846 1.2298299035859528e-20
569 867 3.637333985488287e-49
569 902 1.4788555342626816e-05
569 854 38.266059923052815
570 741 2.638292766507388
570 817 0.0005284647482507008
570 889 1.0138962122024426e-32
570 727 0.3759613174178354
571 716 9.206720201166117e-09
571 785 4.1297590808334874e-14
571 656 2.001466302989709e-15
574 860 1.0718072635134536e-17
576 874 0.019002130269589784
576 812 3.3163654277630368
579 667 2.622557340597595e-22
579 972 3.876527560769183e-10
580 794 5.421371414409454e-22
580 622 0.0005225926880244913
582 620 1.8753438375192034e-12
584 737 7.203375191280116e-06
585 981 2.3957498788112797e-05
585 743 4.5386249603240735e-12
585 839 1.2186473857891327
587 746 0.0003000245182489373
587 844 0.0008355291186181264
588 928 3.814148709244523e-06
588 705 5.777799263711396e-07
589 837 3.402157757430464e-15
590 674 5.029401579883879e-18
590 643 0.001533252948051445
591 652 0.005615724856049937
593 597 3.8737333516648605e-07
594 706 0.21465360368063946
595 697 31.298391689430957
595 794 2.738987325183241e-13
596 907 8.291167494829432e-13
596 748 0.0008327905397118424
596 965 3.0624021427123547e-06
597 786 0.014093499729548643
597 959 0.32176822120427295
599 745 0.0012772817411713512
600 943 0.0036045098677187984
600 914 11.49962774605005
600 806 8.033763527444831e-19
602 630 1.2702389486767437e-07
602 628 2.4709151359736326e-12
602 648 3.557540513724018e-18
602 933 9.154353511364389e-07
603 942 0.10780443938261963
606 613 2.482875528755823
607 808 1.463190032954061
607 778 9.104162991101428e-11
607 959 4.7939685748992975e-09
608 853 0.0004373373063047463
609 613 2.896358256642279
609 895 3.412553458948858e-11
610 788 2.1830842823870646e-26
610 637 0.00036319988014030794
611 636 0.0005233988558454519
611 934 29.974231432831935
612 743 0.0001855074986845488
613 973 0.002155672386283955
614 990 0.03771595709415948
615 756 3.3766760148128366e-15
617 968 7.90965351381159e-14
617 986 8.703288178607802e-05
619 757 1.040099356752733e-09
619 641 0.00024459609161926217
620 992 1.1913972301010475e-09
621 717 3.3741997457460175e-06
621 741 3.331691979441233e-06
622 753 1.688024464594385e-21
622 761 0.17459683506548043
623 803 9.30376314986506e-08
624 788 6.354938283154008e-08
624 871 0.19713612912334952
624 631 0.008743174840958157
625 980 3.9371712897591023e-35
626 786 0.5411123199909139
626 758 0.0034457699587257824
627 704 0.3623842313539801
627 695 0.18519758044617388
628 993 4.2101944680100354e-06
628 868 6.123255993783202
628 850 1.713003597417282e-08
630 960 0.00324735651979237
630 669 0.2880391216972787
630 719 4.78822584880409e-07
631 964 1.2593429901875989e-05
631 856 1.3731184334464604e-05
632 865 1.248536834806613e-21
633 720 6.744117996729865e-11
633 867 0.6767689435737232
633 925 1.0904812867303044
634 941 0.008756645133183038
634 661 0.11408172442555989
635 936 0.06491050003248751
635 712 5.69505241142508e-20
636 722 7.092403166130443
636 965 1.2417719002168386e-50
636 855 1.1428775837191194
636 690 1.1851407614069538e-17
637 652 5.362105003355639e-07
638 700 16.247718223518415
638 726 4.789443726882929e-06
638 665 8.50994145685356e-22
639 739 1.5471373149339147e-25
639 945 2.7771997548949465e-09
640 806 1.1463002639685908e-05
640 911 9.642966758319218e-07
640 673 0.003402638752613974
642 760 7.243679527659257e-39
642 863 1.7936478205823726e-13
642 975 0.018549602970732607
643 964 53.614706498823296
645 910 0.02451331893762541
646 667 1.740081846520423e-32
646 730 5.628279044163125e-06
647 771 0.3292169543534092
647 768 8.794774809780144e-07
647 710 2.379853266523795
649 687 27.50926084881301
649 743 0.030671008246413656
650 902 3.35042560854985e-07
651 963 6.364911461338169e-22
651 772 0.03885389623736231
653 922 1.2072338233741388e-17
653 949 0.02439927056375157
655 835 6.325583513377337e-19
656 723 4.194150495809121e-06
656 782 3.1215714584172303
658 669 0.00014766775969029462
659 769 2.4062505341516514e-05
660 908 4.884584107910582e-08
661 971 0.002457200200861739
661 927 0.00037831553758470245
662 897 2.9470979028515546e-05
663 722 1.4524021393834984e-15
663 879 1.0349986460983616e-14
663 889 0.015913928840944516
664 839 5.998219743897964e-15
664 830 1.2684020580706733e-07
665 672 13.734380533344938
666 925 1.5484054203027998e-05
667 779 3.0033442236596824e-11
667 919 6.694270307276576e-25
668 675 0.0046717398692952515
668 820 5.86733752089744e-10
669 839 3.656367824625545e-10
671 892 0.00018270321905386778
671 816 4.8202851835084474e-09
672 996 1.594776929649967e-06
674 685 41.364248775446804
674 962 8.093673400258593e-20
675 882 2.067647133236545
675 830 4.609506141728417e-07
677 904 3.559645116222199e-21
677 770 0.029396058958323132
678 882 0.1758115344340689
679 821 1.9671816922268533e-29
680 917 0.3019541931129444
680 925 0.0005570227175131836
681 699 1.6054977680159414e-10
682 971 6.3411825158025186e-09
685 874 0.7835145124833369
686 906 0.013729198953335775
686 694 2.4429957088703804
686 963 1.2132930904182493e-11
688 845 1.5467324387015
690 947 0.0013049677526596247
690 982 3.041040031272794
691 741 0.001512805261646142
692 891 2.582544540839136e-14
692 853 0.05424190260027455
693 901 6.696442854937929e-08
694 770 0.11559980091117025
694 900 0.13409764567485893
694 775 2.3538571981357905e-05
695 715 2.823746972768632e-11
695 934 0.05675942382217601
696 856 8.737805450043336e-06
696 999 3.4973700283556957e-06
696 844 0.07817667273655944
696 991 0.14201008327837736
696 901 5.691670504458413e-13
697 829 9.452844199628881e-05
697 706 2.3911751200671318e-12
698 956 8.89880986862762e-29
698 893 2.0152643736660616e-06
698 853 13.04397064815702
699 911 2.790759174251312e-12
699 712 7.8547668119274725e-22
700 975 9.098843532614393e-07
701 928 0.0034679817062975063
701 894 28.200625795823676
702 944 1.7726333088349155e-19
703 794 1.8852560421793059e-22
704 879 3.073597315934852e-06
706 954 0.3647934840674745
706 901 5.65352488151722
708 726 1.1845373652721155e-10
711 835 5.6323792107131205e-05
711 744 0.648854195520546
711 813 1.972171618492631e-05
712 756 2.513705483260648e-07
714 807 0.619171424382408
714 989 5.019969750216081e-16
716 834 2.689439904888784e-13
716 823 0.009616240949998259
717 839 9.063911207274015e-16
717 758 1.2479335054835346e-07
718 926 1.2971064398293544e-16
719 739 7.270486796037249e-16
719 751 0.0009697790892228561
720 970 1.0373470005597421e-15
720 801 0.026044878078835893
721 958 1.627832680837923e-17
722 740 0.11713994940762927
723 818 5.902933619721209e-19
724 817 0.3963570245065107
724 818 6.8300083849532385
725 938 0.14786734100399565
725 741 4.919527325595945
727 748 0.09833594563621537
727 786 4.5012524707582706e-27
728 784 4.420180332363483e-08
730 890 0.0005556404741749643
731 802 6.896008644996332e-05
731 919 5.77873611632857e-09
733 992 4.852151758029841e-05
734 777 0.014817907142012185
734 957 6.831367383901033e-07
734 975 3.85156382890687e-24
735 943 4.384051523683796e-12
736 989 4.6467148020741185e-38
737 948 1.650705952093785e-19
739 827 2.7794164049421047e-12
740 822 0.0005802697492976667
740 957 9.722258724168237e-15
741 811 1.1886545490373619e-17
742 749 0.0003628742962093148
743 942 8.831359078022488e-09
743 872 1.7662514072469044e-44
743 973 0.0002672301684439387
743 801 0.0008252581026892146
743 839 5.929178934877935e-06
744 856 0.07255357267675164
744 908 0.00010175785840310189
745 977 7.114984906542696e-19
745 954 3.315878998022263e-14
745 804 1.1080095903030269e-05
746 940 0.002165734443550086
747 935 9.958162261244993e-06
749 971 0.19768399292703734
749 904 33.306437773605474
750 760 4.183487755425494e-09
750 980 1.1465372432800748e-19
751 809 1.1880820890455106e-12
753 828 0.0009985912988189555
754 902 6.704845603716229e-09
757 805 3.439085875453888e-06
759 986 1.1998981212601341e-14
759 800 3.9084654552297987e-31
761 900 4.360700903988502e-10
763 933 1.0919192005349984e-06
763 797 0.0007522344838604548
764 993 1.2470303876462348
764 830 7.946150806183403e-07
765 853 1.1940841552926097e-24
766 908 6.241951063988868e-08
767 972 6.002570075370691e-13
768 961 3.0557509783509233e-14
768 922 1.697554160335244e-18
772 977 2.1979225756763974e-19
773 992 4.338602046716726e-12
776 801 7.042511030359822e-11
776 922 0.1897083200707694
777 904 1.2273572924398117e-20
778 986 4.214514844652593e-06
778 972 0.14088152832428982
779 839 4.962429521365566e-07
779 996 5.826740862542334e-10
779 792 4.311051419711996e-40
781 978 1.8111211125183217e-18
782 801 2.5214702410662983e-13
783 784 4.1360704955083925e-08
788 849 9.67012123264867e-09
790 881 1.5573569725989456e-14
791 933 2.338918347176796e-05
792 928 20.50316609085648
793 860 0.08153932022368879
793 968 13.108601570503136
795 926 0.0005933569709726144
799 938 0.00014765345151688855
799 850 0.00041062654313189475
801 964 1.1295919643697061e-09
803 840 1.749305570916161e-36
803 968 0.0847216168151409
805 895 0.4586714541097175
805 919 5.6567741537587606e-08
806 838 0.0021376709013600035
806 956 0.004173188337650247
806 981 0.0008721665333465876
807 895 4.770798279608934e-16
807 937 0.04444791960683342
810 819 12.623329562766651
814 970 4.883094224838117e-16
818 841 7.729734594543026e-22
824 850 1.305569926780113e-07
827 843 1.2630067922304094e-05
827 933 2.2857789927159144e-31
827 913 9.54196895972779e-40
828 927 9.197308577280769e-13
830 862 1.0460466953756988e-09
832 958 2.197923231357742e-06
832 969 0.2342210191908979
832 923 0.0025562245668706756
832 988 1.0653226275382365e-06
833 898 1.0114896966467237e-05
835 845 1.046134739657675e-07
837 853 6.838573667397713e-13
837 972 2.1425548106034917e-08
839 932 0.0021881083160982706
840 971 0.9721168168688867
843 856 8.314866347279078e-36
850 962 1.140892944425482e-11
852 940 0.041981519069703134
853 884 9.522347905423495e-24
853 990 4.896493178294062e-15
856 903 0.002253156117554369
857 932 0.05734731226861195
858 868 4.694181840631183
860 942 0.557761331944904
862 884 6.945666576746377e-08
864 989 7.219349094311957
866 911 2.000338878670635e-10
867 981 0.15235423018822344
869 970 2.825700665861753e-07
869 987 6.005400132538016e-07
872 943 0.000121502325909498
876 948 4.373405231397021e-07
878 920 1.9432961321978697e-08
879 984 0.02616259566058287
883 978 7.377783688154071e-06
884 917 0.00021197676856317133
884 908 2.3429865312221215e-13
885 998 8.007422169690315e-32
889 920 1.9451124176908816e-13
890 926 3.7287918640382283
893 917 3.655372805242542e-25
895 982 0.00010700478669141899
895 944 0.1798651615740343
895 940 9.1727089236545e-25
896 937 4.8360552618093436e-11
897 929 0.0020517039771096226
899 939 4.12866202783982e-07
899 904 2.0145716002126437e-11
904 928 6.48903563869745e-11
905 913 0.03026801989485113
913 945 1.275592693992146e-35
915 945 6.112047680929646e-19
916 933 7.471998822317322e-05
917 992 0.004295187321236087
922 980 1.1403636717749665e-10
923 980 8.964421627331213e-25
928 930 3.2280617910400014e-05
928 986 0.5800930589439194
928 934 0.07072147317450293
930 942 6.639962893302034e-14
931 996 5.145139393872292e-09
932 983 3.2562431129590314e-06
937 978 3.260459051312202e-14
938 940 1.2472562343214356e-11
941 972 5.530139270220329e-13
943 983 4.597543284162301e-15
943 959 0.03320218822387034
943 955 0.6765488724138911
958 975 3.2305427089196477e-07
978 989 1.2737175337703044e-06
980 998 6.509903511991587e-11
989 995 0.03972451996324361
