1600 2400 num_nodes_f_dist 1600
0 759 0.0861
0 285 0.0468
0 1508 0.0381
0 1553 0.0233
0 1027 0.0498
1 246 0.0795
1 536 0.1013
1 1577 0.3131
2 207 0.0976
3 1590 0.0402
3 757 0.0854
3 417 0.2075
3 432 0.0981
3 1039 0.1053
3 1175 0.1074
4 1298 0.1072
4 1435 0.1337
4 655 0.226
5 458 0.1904
5 1154 0.2088
5 418 0.1188
5 481 0.071
5 183 0.2287
6 1368 0.194
7 1466 0.0843
7 1264 0.0282
8 652 0.0468
9 408 0.1549
9 1272 0.0853
9 453 0.1464
9 771 0.0503
10 1467 0.1216
10 1292 0.2598
11 707 0.0512
12 1015 0.194
13 66 0.1133
13 862 0.3011
14 157 0.109
14 60 0.0395
14 1429 0.1833
14 366 0.138
14 443 0.0945
14 1263 0.2506
14 49 0.035
15 263 0.1799
15 950 0.307
15 759 0.1253
15 783 0.0897
15 718 0.1301
15 516 0.0335
15 815 0.176
16 369 0.0145
17 1324 0.0944
17 942 0.0601
17 907 0.0855
19 135 0.0385
19 385 0.5823
20 29 0.3972
21 967 0.2153
21 1471 0.0984
21 771 0.0558
22 596 0.0134
22 1115 0.1608
22 336 0.0407
22 1216 0.0462
23 694 0.1046
23 1199 0.0849
23 795 0.1019
23 41 0.0503
23 127 0.1911
24 615 0.0851
24 1157 0.2578
26 1240 0.1691
26 101 0.3418
27 488 0.1528
27 98 0.4212
27 247 0.4871
28 1174 0.1666
29 392 0.3
29 881 0.2194
29 167 0.0835
30 682 0.4952
31 1518 0.195
31 1322 0.1426
31 45 0.1116
32 1099 0.5108
34 572 0.0936
34 994 0.0861
34 999 0.151
35 158 0.106
36 943 0.0414
36 1185 0.0648
36 453 0.2267
37 598 0.1444
37 1126 0.3119
37 1033 0.3594
38 695 0.0192
38 506 0.1556
38 1006 0.063
39 348 0.0372
39 1169 0.0883
39 771 0.1455
39 604 0.0715
40 1075 0.0835
41 308 0.0961
41 644 0.1136
41 595 0.0556
41 1515 0.0334
42 1097 0.2402
42 126 0.1445
42 610 0.0305
42 1041 0.0184
43 756 0.1786
43 968 0.2846
43 1038 0.2413
43 429 0.1566
44 330 0.1009
44 1176 0.0601
45 1207 0.2281
45 428 0.1828
45 122 0.0861
45 825 0.0541
45 262 0.1746
45 461 0.1949
46 1526 0.1648
47 549 0.2006
47 623 0.2407
47 956 0.035
47 969 0.0988
47 213 0.2001
47 768 0.0384
47 175 0.0966
48 366 0.077
48 715 0.3619
48 875 0.0515
49 1225 0.0349
49 603 0.0435
49 1160 0.3122
50 831 0.3584
50 354 0.0372
50 1281 0.0995
50 717 0.1062
50 92 0.2532
52 235 0.0623
52 737 0.3003
53 372 0.1655
53 1271 0.1285
53 435 0.1505
53 591 0.1511
54 1010 0.1076
54 1060 0.0574
54 1205 0.0438
54 836 0.2018
54 897 0.0619
55 1581 0.0391
55 244 0.3551
56 1140 0.0877
56 285 0.0253
57 266 0.2093
57 1479 0.0101
57 719 0.2831
57 1480 0.1922
58 572 0.1204
58 60 0.3516
58 681 0.0718
59 1232 0.0692
59 520 0.1367
60 948 0.0938
60 879 0.1486
60 1181 0.1986
60 864 0.43
61 911 0.1125
61 1231 0.2132
61 544 0.142
61 969 0.2826
61 765 0.3898
62 214 0.1465
62 648 0.1073
62 790 0.0952
63 1597 0.1138
63 1240 0.1238
64 1096 0.0612
64 348 0.3977
64 845 0.1582
64 1530 0.07
65 1190 0.0074
65 365 0.2634
66 454 0.1129
67 1459 0.1086
67 1440 0.181
68 760 0.011
68 680 0.1027
69 247 0.2408
69 1587 0.0267
70 1348 0.049
70 962 0.0264
71 1420 0.2947
71 1203 0.2375
71 1131 0.0848
72 838 0.1246
72 577 0.2641
72 1132 0.3144
72 139 0.3134
73 278 0.1444
73 634 0.2515
73 597 0.3115
73 1464 0.1433
74 181 0.1311
74 1030 0.2479
75 1382 0.081
75 1024 0.4853
75 1049 0.1021
76 1473 0.2601
76 1285 0.1652
77 706 0.2729
77 843 0.0303
77 648 0.0153
77 669 0.268
77 252 0.1773
77 970 0.1682
77 809 0.0583
78 1528 0.1857
79 772 0.0896
80 812 0.1645
80 571 0.0573
81 882 0.1645
81 530 0.6268
81 408 0.1619
83 966 0.0806
83 386 0.4632
83 1198 0.0466
84 230 0.0379
84 895 0.0366
85 1193 0.4181
86 1412 0.1226
86 980 0.0801
86 87 0.0911
86 396 0.2726
87 616 0.082
87 365 0.2104
87 836 0.0542
87 997 0.2778
87 1366 0.2149
87 543 0.0402
87 1596 0.0825
87 1515 0.2084
88 1303 0.3995
89 1286 0.0872
89 232 0.0296
90 243 0.1124
90 796 0.1818
90 695 0.0632
90 432 0.5883
90 1523 0.1732
91 1226 0.2143
92 1559 0.2009
92 500 0.0781
92 641 0.2027
92 345 0.0879
92 484 0.0639
92 1256 0.2339
93 1502 0.0427
94 259 0.0815
94 223 0.1359
95 315 0.0975
95 1130 0.3673
95 1329 0.1288
95 1369 0.3444
96 1145 0.1368
97 233 0.0489
97 632 0.3021
97 176 0.0924
97 754 0.1307
98 921 0.0723
99 312 0.3043
99 1073 0.4251
99 1197 0.1609
100 647 0.1549
100 154 0.1771
101 431 0.1445
101 1311 0.1367
101 1365 0.1878
101 1373 0.264
102 1549 0.1632
102 255 0.0524
102 339 0.5243
102 515 0.118
102 246 0.1166
102 1029 0.1438
103 1276 0.2041
103 304 0.1139
103 228 0.3686
104 866 0.0589
104 1462 0.0724
104 692 0.0708
105 1265 0.0369
105 803 0.321
106 1217 0.1006
106 1313 0.236
107 606 0.1497
107 1052 0.2444
107 1124 0.1197
108 762 0.1796
108 267 0.0981
108 1421 0.1519
108 1250 0.0823
108 1111 0.1449
109 1253 0.0869
109 279 0.4367
110 986 0.0636
111 369 0.1428
112 1587 0.0766
112 1242 0.3349
112 1330 0.2895
113 1123 0.109
113 1418 0.3224
114 766 0.1475
115 1253 0.096
115 1092 0.2139
116 191 0.3409
116 1236 0.2475
116 1493 0.2245
116 1433 0.4118
118 949 0.1382
118 528 0.1702
119 1451 0.0377
119 1228 0.1481
119 1323 0.1447
121 721 0.0905
121 596 0.0273
121 1143 0.1132
121 893 0.1101
122 1477 0.0135
123 272 0.307
123 1317 0.0338
124 1384 0.1116
124 1376 0.1754
125 720 0.0825
125 1133 0.1527
125 1309 0.4139
125 680 0.0714
126 222 0.1631
127 686 0.013
127 699 0.1597
128 631 0.1568
128 1307 0.1079
128 399 0.0671
129 987 0.189
129 420 0.0823
130 715 0.0373
131 326 0.2179
131 503 0.0784
131 1258 0.1918
131 171 0.12
131 413 0.299
132 420 0.0707
132 674 0.2523
132 1116 0.009
134 1189 0.1839
135 982 0.2128
135 814 0.1125
136 840 0.1626
137 1240 0.2599
137 1467 0.0855
137 609 0.1022
138 1149 0.1024
138 1515 0.1282
139 1205 0.4135
139 1100 0.0448
139 982 0.4838
139 741 0.2681
139 833 0.1741
139 480 0.101
139 150 0.3481
140 988 0.0208
140 1444 0.1127
141 1383 0.278
141 722 0.0453
141 854 0.158
141 725 0.0858
142 883 0.2623
142 973 0.4702
143 576 0.1647
144 1199 0.2217
144 973 0.1705
144 1243 0.0399
145 398 0.2761
146 644 0.0196
146 870 0.4058
146 1543 0.2178
146 1258 0.1849
146 728 0.0165
146 1485 0.1239
147 399 0.1203
147 1300 0.0676
147 618 0.0501
147 360 0.0589
148 819 0.343
148 995 0.1048
149 1022 0.0805
149 993 0.2457
149 902 0.033
150 763 0.2491
150 597 0.0072
150 1154 0.7878
151 1400 0.0282
151 1514 0.1569
151 1465 0.058
151 711 0.2827
152 367 0.108
152 351 0.076
153 750 0.1335
153 697 0.1805
153 853 0.0665
153 531 0.2834
153 1525 0.1441
153 583 0.1449
153 1396 0.1835
154 584 0.0955
155 1369 0.1659
155 1366 0.0929
156 562 0.1856
156 181 0.3255
156 598 0.0572
157 393 0.0785
157 770 0.1492
157 1546 0.1448
158 495 0.347
158 1316 0.1004
158 908 0.0945
158 889 0.0965
158 950 0.2685
159 995 0.2736
159 1036 0.4025
159 410 0.0799
159 576 0.3599
159 931 0.1013
160 1098 0.0278
160 642 0.3476
160 621 0.0911
160 1514 0.1802
160 353 0.2169
161 729 0.1192
162 1274 0.2822
162 1014 0.1629
162 1510 0.154
162 1319 0.1286
163 346 0.1624
163 1160 0.2236
163 1466 0.1166
163 1393 0.2185
163 788 0.1873
164 1231 0.1451
164 1279 0.1326
165 922 0.3118
165 1517 0.0967
165 546 0.052
165 1454 0.4725
166 289 0.0518
167 428 0.08
168 509 0.0845
168 358 0.197
169 1288 0.2783
169 336 0.2503
169 1410 0.0395
170 856 0.2348
170 1537 0.1169
170 486 0.2815
170 1356 0.1262
170 983 0.2385
170 1492 0.1066
172 899 0.1203
172 1000 0.0993
173 882 0.0783
173 700 0.0857
174 368 0.1517
175 1268 0.0681
175 241 0.2207
175 522 0.2463
175 863 0.1794
175 407 0.0488
175 412 0.053
175 1213 0.1611
176 1055 0.0897
176 1568 0.4229
177 1279 0.1096
178 1415 0.0417
178 376 0.2213
178 1549 0.2885
178 543 0.095
179 600 0.1249
180 1440 0.1507
180 873 0.015
180 965 0.2122
180 755 0.4232
181 704 0.1925
181 956 0.1123
181 802 0.1902
181 1153 0.1161
181 1361 0.0459
182 647 0.2129
182 1527 0.0818
183 1212 0.3103
183 896 0.276
183 1050 0.1509
184 1042 0.1288
184 841 0.0976
185 1394 0.1298
185 995 0.3375
186 1492 0.1697
186 1363 0.3469
186 245 0.0366
188 1079 0.0536
188 1553 0.3026
188 1513 0.0762
188 802 0.0574
188 670 0.1015
189 541 0.0832
189 949 0.2004
191 1437 0.3756
191 462 0.0312
192 921 0.287
192 1351 0.0695
192 349 0.1123
192 931 0.1759
193 796 0.086
193 1146 0.0918
194 1082 0.0109
195 282 0.0426
195 834 0.1176
195 1024 0.0794
195 1143 0.0808
196 1019 0.0711
196 378 0.1364
196 803 0.1289
197 593 0.098
198 208 0.6758
198 1080 0.0824
198 1352 0.0978
198 1311 0.0699
198 473 0.3615
198 1166 0.1173
199 748 0.06
199 732 0.2379
199 282 0.3988
199 1155 0.1159
199 899 0.4536
200 1339 0.0429
200 547 0.0318
200 1216 0.0887
200 939 0.1406
201 219 0.0827
201 886 0.1453
202 1162 0.1665
202 206 0.042
203 1155 0.1619
203 1028 0.2045
203 375 0.1541
204 1533 0.2964
204 544 0.086
204 1208 0.1211
204 581 0.1285
205 1281 0.1494
205 1096 0.1413
206 1130 0.3235
207 408 0.1981
207 681 0.3276
208 835 0.1301
208 740 0.3151
208 1314 0.395
209 891 0.094
209 1548 0.2237
210 1145 0.1902
210 359 0.5117
211 1203 0.0429
211 909 0.2261
212 993 0.2224
212 376 0.1189
212 1490 0.161
212 392 0.0949
212 1111 0.3509
213 1165 0.358
213 575 0.1005
213 1196 0.0884
213 249 0.3039
213 574 0.3424
214 772 0.2234
214 500 0.0846
215 817 0.1032
216 751 0.0146
216 963 0.1662
217 1337 0.1499
217 1339 0.0405
217 646 0.0853
218 1135 0.0395
218 1482 0.1003
218 863 0.0219
218 1312 0.1647
219 543 0.3041
219 1466 0.1649
219 1594 0.0618
219 364 0.0962
220 1577 0.1439
220 714 0.1501
221 1228 0.0233
221 252 0.1672
221 355 0.0744
221 1196 0.1126
221 1599 0.0515
221 1115 0.0484
222 1367 0.0621
222 1314 0.3703
222 735 0.1678
222 652 0.2201
222 1090 0.1213
223 646 0.1387
223 952 0.0768
223 1563 0.0333
223 268 0.2061
224 663 0.0767
224 1075 0.1442
225 1246 0.628
225 637 0.0639
225 433 0.0948
225 918 0.1294
227 597 0.0839
227 425 0.0403
227 1051 0.0999
227 359 0.0367
228 1159 0.3455
228 974 0.1956
228 1369 0.1921
229 1019 0.1126
229 1489 0.0786
229 470 0.1048
229 933 0.2097
229 233 0.2542
230 897 0.1477
230 1395 0.3245
231 1386 0.071
231 765 0.0862
232 699 0.3168
232 1365 0.1031
233 480 0.1717
233 1220 0.0189
234 1039 0.1049
234 364 0.2449
234 1173 0.1763
234 1350 0.1676
235 1521 0.1392
235 268 0.0964
235 1468 0.1626
235 683 0.1794
235 1497 0.1067
236 1225 0.5734
237 1274 0.2296
237 1125 0.0233
237 1050 0.0755
237 1278 0.1451
237 506 0.1899
237 1033 0.2091
238 930 0.1094
239 1104 0.0248
239 306 0.1819
239 975 0.0783
239 466 0.0464
239 904 0.2425
240 1011 0.6138
240 388 0.4288
240 1100 0.0753
240 534 0.0721
241 415 0.5275
241 1526 0.1167
242 1526 0.2677
242 1358 0.2679
242 454 0.1259
243 1158 0.1483
244 350 0.1485
244 652 0.1796
244 342 0.6859
244 1565 0.0299
244 1034 0.3058
245 587 0.035
245 935 0.0739
247 351 0.0572
247 1196 0.1268
247 830 0.2306
248 950 0.0961
248 699 0.033
248 577 0.0816
248 1100 0.2021
250 1094 0.1437
250 323 0.0505
250 604 0.1972
250 1178 0.0563
252 1414 0.3087
252 1233 0.0468
252 747 0.1353
253 877 0.2288
253 709 0.0646
253 1294 0.2097
253 707 0.3509
254 583 0.1756
254 1244 0.129
254 1171 0.1088
255 967 0.3322
255 1089 0.132
255 529 0.234
256 517 0.0842
256 1114 0.1612
256 998 0.0189
256 730 0.1257
256 959 0.1464
258 1063 0.3513
259 785 0.2191
259 354 0.1889
260 742 0.1855
261 1137 0.074
262 1436 0.2338
263 1533 0.0801
263 864 0.0448
263 1386 0.1244
264 1258 0.4965
265 862 0.0419
265 927 0.1916
265 1588 0.0121
266 986 0.1583
267 1114 0.0356
267 300 0.1216
267 961 0.1742
268 1552 0.0808
269 1505 0.0733
269 1288 0.4357
269 854 0.0977
270 527 0.0431
270 1249 0.1111
271 624 0.4271
271 291 0.1599
271 1563 0.152
272 1204 0.0878
272 1042 0.3324
272 1463 0.1483
272 1041 0.0335
273 1130 0.0836
273 790 0.3608
274 910 0.4215
274 1136 0.1388
275 1420 0.1073
275 1199 0.1342
277 312 0.2728
277 506 0.198
277 1440 0.3551
277 511 0.2574
279 547 0.1102
279 966 0.1297
279 1140 0.0172
280 530 0.1537
280 1055 0.1419
280 607 0.2446
281 383 0.0731
281 1167 0.2242
281 1212 0.2873
282 467 0.0648
282 618 0.1535
283 737 0.0087
284 628 0.1543
284 1291 0.1192
285 1120 0.1
285 1411 0.0639
286 1069 0.0863
286 796 0.2454
286 1344 0.0298
289 1146 0.2352
289 1284 0.8523
290 338 0.0582
290 653 0.0831
290 314 0.1618
290 454 0.1874
291 802 0.0175
291 979 0.2124
292 588 0.2704
293 969 0.0746
293 757 0.0732
293 1320 0.0594
293 313 0.0581
293 1560 0.075
294 856 0.0648
295 306 0.2294
295 1499 0.1749
295 768 0.0818
296 1080 0.1876
296 459 0.1283
297 604 0.1181
297 891 0.0762
297 491 0.4313
297 627 0.3511
299 815 0.1506
299 1209 0.1192
299 1013 0.0755
300 1199 0.2492
300 1081 0.0763
302 888 0.1283
302 401 0.0455
303 898 0.0934
304 645 0.1803
305 332 0.0567
305 1087 0.0698
305 1094 0.0288
305 930 0.0801
305 1564 0.0567
306 1292 0.1836
306 362 0.0694
307 925 0.0308
307 781 0.5222
308 474 0.2323
308 602 0.1597
309 722 0.1612
310 1300 0.0792
310 553 0.1467
310 1184 0.032
310 797 0.0735
311 1095 0.1055
311 914 0.2804
311 642 0.0697
311 1015 0.1013
312 507 0.3359
313 421 0.0483
315 351 0.1982
315 1316 0.1348
315 1546 0.1497
315 1085 0.5677
316 490 0.2017
317 705 0.0822
317 719 0.2941
318 1085 0.1225
318 776 0.1671
318 1045 0.113
319 539 0.2087
319 846 0.1848
319 990 0.0431
319 703 0.1286
319 1439 0.1913
321 646 0.1987
321 994 0.193
321 720 0.0689
322 441 0.1241
323 851 0.1099
323 669 0.0971
324 445 0.3358
324 1525 0.0196
324 442 0.1271
325 399 0.232
325 1258 0.0361
325 524 0.1635
325 1424 0.1927
326 1283 0.288
328 1530 0.0327
328 463 0.0735
329 1445 0.3325
329 1036 0.1516
330 763 0.0451
330 1496 0.2123
330 491 0.1926
330 498 0.0615
331 1134 0.1339
332 990 0.09
333 845 0.1861
333 355 0.2588
334 1424 0.0727
336 1457 0.0398
337 681 0.1051
337 1115 0.1893
337 1525 0.5388
338 661 0.1942
338 776 0.0275
338 906 0.1949
339 1382 0.2575
339 412 0.2842
340 540 0.0629
342 691 0.1479
342 1282 0.0846
342 698 0.0241
342 872 0.0571
343 649 0.1683
343 964 0.0527
344 1303 0.0381
344 906 0.3239
344 996 0.1128
344 1156 0.268
344 462 0.0951
344 988 0.1308
344 581 0.1896
345 808 0.0559
345 636 0.1127
346 1092 0.0884
346 1224 0.0389
347 522 0.1943
347 1038 0.1096
347 1230 0.2464
348 1080 0.0613
348 756 0.0474
349 1197 0.2475
349 1294 0.132
349 850 0.2701
350 734 0.0271
350 1281 0.2877
351 606 0.2671
352 410 0.2111
352 1311 0.1404
353 995 0.1199
353 968 0.0878
353 493 0.0193
353 1022 0.1471
354 1072 0.172
354 905 0.2602
354 413 0.2567
355 1226 0.1495
355 358 0.1599
355 819 0.1707
355 1259 0.3332
356 647 0.0587
357 824 0.0816
357 483 0.2132
359 475 0.1219
359 485 0.219
359 701 0.1215
360 636 0.1033
360 1088 0.1295
360 539 0.2012
360 644 0.1571
361 639 0.3985
361 549 0.0816
361 1398 0.1142
361 718 0.1128
362 1286 0.1026
363 655 0.0086
363 957 0.0946
363 457 0.2401
363 1433 0.3445
363 851 0.1528
364 1444 0.2111
364 925 0.2831
364 408 0.2595
365 1026 0.1042
365 600 0.439
365 1129 0.1134
366 759 0.1801
366 1164 0.093
366 1552 0.071
366 906 0.0408
366 533 0.0199
366 1413 0.3599
367 615 0.128
367 530 0.4612
367 1163 0.1349
368 1322 0.0251
368 1201 0.0784
369 1155 0.3324
369 932 0.3631
369 415 0.1067
370 1339 0.1207
371 1545 0.0947
371 511 0.2221
371 653 0.0416
371 796 0.0625
372 1322 0.0672
373 552 0.1437
373 1384 0.068
374 601 0.1971
374 910 0.1065
375 570 0.0105
375 866 0.3071
376 735 0.1025
376 1003 0.48
376 754 0.139
376 875 0.3631
377 845 0.14
377 791 0.2025
378 1429 0.0818
378 1004 0.2603
378 1003 0.1589
378 467 0.1999
379 745 0.0943
380 769 0.0828
381 1472 0.0763
381 1545 0.0506
381 1395 0.1627
381 624 0.0665
381 1549 0.1341
382 1326 0.0332
383 671 0.1995
383 1300 0.1531
383 1513 0.1438
384 1480 0.0162
384 1580 0.2037
385 1096 0.1337
386 1137 0.0231
387 1161 0.3248
387 1340 0.128
387 1152 0.0419
388 495 0.1044
388 1328 0.1222
388 446 0.2558
389 549 0.0835
390 1084 0.1633
390 1488 0.1477
390 971 0.0345
390 857 0.0635
390 485 0.0797
391 673 0.1282
391 753 0.152
391 1195 0.0583
392 1468 0.3705
392 1394 0.1523
392 610 0.0355
392 1164 0.067
393 992 0.2246
393 1351 0.086
394 582 0.0087
394 1320 0.1546
395 1497 0.1168
396 1115 0.1564
396 407 0.2112
396 843 0.105
397 1289 0.1839
397 1489 0.2151
397 726 0.2594
398 1526 0.2459
398 1159 0.1467
398 1468 0.4668
399 917 0.127
399 538 0.0324
399 505 0.0292
399 766 0.1811
399 1310 0.2611
400 1147 0.1699
401 953 0.1279
402 1529 0.0589
402 930 0.2625
402 1568 0.233
402 703 0.0406
403 579 0.2952
403 1379 0.0993
403 764 0.0659
404 835 0.1349
404 452 0.2099
404 1547 0.1081
405 943 0.0638
405 1418 0.2684
405 531 0.0524
405 590 0.1011
406 1049 0.1136
407 1540 0.1417
408 1365 0.0808
409 895 0.1252
409 470 0.3947
409 1254 0.1679
409 442 0.1584
410 1549 0.0305
410 1077 0.1892
410 726 0.0964
410 971 0.3057
411 1551 0.0553
412 1591 0.1335
413 512 0.1666
413 1327 0.3424
413 805 0.079
414 544 0.0357
414 1173 0.163
414 537 0.146
414 1558 0.3239
414 1032 0.0242
415 1276 0.1948
415 1542 0.1847
415 1031 0.0635
416 915 0.209
416 975 0.3016
417 1047 0.2051
417 595 0.0435
417 923 0.257
418 1330 0.1906
418 634 0.1739
420 1138 0.0892
421 958 0.0215
421 777 0.2405
421 525 0.0563
422 773 0.2425
423 1535 0.0948
423 797 0.3118
423 735 0.2921
424 565 0.4966
424 1430 0.2372
424 1147 0.1266
424 663 0.163
425 623 0.1039
426 864 0.0891
426 1073 0.0793
427 588 0.1274
427 584 0.2635
428 529 0.0301
428 1432 0.1148
428 1506 0.0769
428 1390 0.1899
430 1319 0.4119
430 1329 0.293
431 1550 0.0159
432 1296 0.113
432 786 0.2165
433 1084 0.036
433 1141 0.0807
433 1015 0.2312
433 1029 0.175
434 645 0.4925
435 688 0.0658
435 1368 0.1282
436 903 0.0743
436 1197 0.1883
436 557 0.1701
437 1336 0.0489
438 1062 0.2287
438 554 0.1757
438 783 0.3125
438 789 0.1975
438 668 0.1459
439 1052 0.0465
439 1217 0.4762
440 470 0.2395
440 489 0.0474
441 1373 0.1431
441 1244 0.2651
442 1010 0.0971
442 1110 0.0646
442 1071 0.1119
443 881 0.0646
443 1056 0.0806
443 1415 0.4385
444 1013 0.1052
444 1545 0.1032
445 629 0.1465
445 520 0.599
446 1331 0.2572
446 513 0.1505
446 790 0.1187
446 1081 0.1241
447 501 0.4277
447 1487 0.1832
447 1229 0.5258
448 494 0.076
448 1103 0.2481
448 1304 0.0206
449 1077 0.0585
450 1151 0.1333
450 662 0.0906
451 622 0.0248
451 1540 0.3735
452 993 0.1907
452 1060 0.1782
452 1381 0.0092
453 1025 0.1205
453 499 0.0823
454 796 0.0496
454 1598 0.0934
455 1338 0.0708
455 736 0.0847
456 817 0.0666
456 505 0.0826
457 694 0.0642
457 671 0.1926
459 897 0.0885
459 872 0.137
459 903 0.0296
459 567 0.1388
460 554 0.1201
460 973 0.0762
461 936 0.123
461 1279 0.1533
461 484 0.1806
461 1449 0.0416
462 660 0.0354
462 988 0.0976
463 846 0.0813
464 1082 0.0186
465 698 0.3127
466 590 0.3033
467 744 0.2735
468 1390 0.0433
468 1484 0.0918
469 897 0.066
469 683 0.0377
469 1451 0.0325
470 957 0.0533
470 966 0.3
471 643 0.042
472 994 0.1276
472 1273 0.423
475 1196 0.1651
475 1415 0.2054
475 960 0.099
475 770 0.2468
476 1040 0.2186
477 764 0.3811
477 852 0.0093
477 1478 0.2879
478 1007 0.2165
478 1266 0.0727
478 1088 0.3915
478 510 0.1179
479 1128 0.1546
479 1553 0.014
479 1425 0.0629
479 599 0.0721
480 1327 0.147
480 930 0.0895
480 1220 0.1098
481 845 0.2472
483 1035 0.0812
483 1585 0.0934
483 882 0.0719
484 781 0.2037
484 821 0.1762
484 926 0.3407
484 1576 0.1721
484 943 0.0167
484 1547 0.0701
484 1383 0.0851
485 655 0.144
486 1465 0.1316
486 746 0.1014
487 1213 0.26
487 1215 0.0898
487 1280 0.0407
488 551 0.0928
488 1464 0.0206
488 975 0.1841
489 1357 0.1009
489 659 0.2912
489 825 0.1832
489 1523 0.1172
490 560 0.221
490 1175 0.215
490 1358 0.1217
490 1333 0.019
491 806 0.0322
491 968 0.0469
492 1409 0.1398
492 702 0.0586
493 515 0.147
493 927 0.0377
493 1198 0.0635
493 1467 0.1666
493 632 0.2665
494 789 0.0258
494 798 0.091
496 1064 0.1701
496 1439 0.1356
496 1062 0.0696
497 1423 0.0526
498 781 0.4065
499 1223 0.1066
500 1414 0.186
500 626 0.1177
501 1328 0.049
502 989 0.1653
503 575 0.1301
503 1351 0.2441
503 1599 0.5195
504 919 0.0559
505 1021 0.1305
505 762 0.1644
506 1424 0.1436
506 1376 0.4205
507 1516 0.2371
507 1186 0.099
507 1032 0.0479
508 555 0.2123
508 1393 0.0821
509 578 0.292
509 1198 0.2516
510 1146 0.0966
511 930 0.3117
511 1149 0.1039
511 717 0.1419
511 1406 0.2356
511 1028 0.2186
511 1248 0.1329
512 846 0.0667
512 704 0.1501
513 1080 0.3271
513 583 0.06
513 1530 0.258
514 1286 0.0694
514 874 0.055
514 895 0.1012
515 1232 0.2124
517 752 0.1187
518 1396 0.1117
518 545 0.2036
521 1125 0.0666
522 926 0.0851
522 1134 0.1408
522 1478 0.1115
523 570 0.0567
523 781 0.1456
523 1165 0.2916
523 1348 0.0859
524 797 0.1822
525 751 0.5938
525 951 0.1566
526 762 0.1716
526 1003 0.0122
526 1043 0.2053
527 604 0.1163
528 1376 0.0489
528 1067 0.1515
528 1300 0.0477
528 1307 0.4684
528 1539 0.1248
528 1050 0.0526
529 1588 0.0465
529 711 0.3493
529 718 0.2862
530 899 0.3083
530 594 0.1507
530 1387 0.2431
531 960 0.2188
531 620 0.2249
532 1448 0.031
533 1480 0.2559
533 1509 0.119
533 1184 0.1327
533 1400 0.1946
534 1072 0.2409
536 1144 0.0153
536 638 0.3809
536 1332 0.1359
537 756 0.0174
539 707 0.2516
539 1206 0.12
539 1501 0.1246
540 615 0.3211
542 738 0.1058
542 1170 0.1758
542 1114 0.1495
543 1310 0.033
543 809 0.139
543 898 0.1356
546 1174 0.5755
546 890 0.095
547 1197 0.029
548 1543 0.0911
548 988 0.0462
548 945 0.0249
550 1265 0.351
550 1155 0.1429
551 968 0.0225
551 706 0.1341
551 1005 0.1729
551 1550 0.0504
551 1260 0.1578
552 1040 0.1759
553 1097 0.0461
554 785 0.1767
555 883 0.1311
555 951 0.17
555 1033 0.1408
555 745 0.3913
555 1366 0.3059
555 1414 0.1376
556 754 0.219
557 1114 0.095
558 801 0.0467
558 1242 0.3476
559 1254 0.0801
559 673 0.2178
560 1250 0.0697
560 579 0.1076
560 972 0.1119
561 968 0.1262
561 813 0.2118
562 1054 0.0774
563 953 0.0831
563 1568 0.2025
563 732 0.1699
565 1401 0.151
566 885 0.5644
567 1501 0.1568
568 828 0.1674
568 749 0.0545
569 1542 0.0323
569 981 0.1657
569 1553 0.2548
569 712 0.1384
571 1128 0.1906
571 1447 0.121
571 1004 0.1886
571 1162 0.1199
573 1452 0.3164
573 1052 0.1114
575 1310 0.1515
576 1406 0.0248
576 622 0.1624
577 1417 0.1993
577 1354 0.0644
578 657 0.1312
579 926 0.039
579 1336 0.2119
580 1346 0.1971
580 1228 0.0696
580 1157 0.0738
582 1426 0.0562
582 1434 0.1511
582 704 0.1878
582 765 0.1298
584 590 0.1242
585 1168 0.2041
587 609 0.1579
587 1131 0.1006
587 893 0.1701
587 1281 0.1704
588 968 0.0766
589 727 0.2277
590 1108 0.0761
590 1184 0.1221
590 1254 0.1306
590 1454 0.0955
591 1113 0.3534
591 1512 0.0606
591 1389 0.1775
592 1118 0.3646
593 753 0.0221
594 853 0.074
594 1065 0.1102
595 1490 0.0206
595 1422 0.056
595 957 0.6389
595 1020 0.1075
597 1250 0.2059
597 1061 0.1379
597 688 0.0348
597 1557 0.2082
599 910 0.52
599 730 0.2219
600 756 0.061
600 1124 0.4138
600 1544 0.0179
601 874 0.0728
601 916 0.0447
602 1470 0.0764
602 1565 0.1555
603 1222 0.253
604 1428 0.1317
605 1374 0.0167
605 922 0.0493
605 1217 0.1387
606 624 0.1117
606 1583 0.2049
606 1498 0.1703
608 951 0.4522
608 1346 0.1189
609 1530 0.1356
610 1351 0.6224
610 978 0.0211
610 1319 0.1518
611 934 0.2616
611 701 0.194
612 1490 0.0651
612 1210 0.1693
613 1185 0.2106
613 1447 0.2945
613 841 0.1958
613 1119 0.1192
614 1030 0.1525
615 1136 0.1151
615 1000 0.1605
615 1594 0.1834
615 1380 0.342
616 1283 0.1259
616 895 0.1951
616 1380 0.053
616 841 0.1907
617 1001 0.0362
617 830 0.0581
618 905 0.3601
619 925 0.254
620 1123 0.0879
620 1214 0.1098
620 1288 0.0967
620 1477 0.2228
620 1100 0.2336
621 1584 0.1281
621 1494 0.0782
621 929 0.1241
621 1507 0.1697
621 771 0.0632
622 1201 0.0928
622 1569 0.1583
622 1537 0.3509
622 888 0.5208
623 1135 0.1189
623 757 0.2801
624 782 0.4833
625 905 0.0606
625 661 0.139
625 858 0.0939
625 1456 0.0567
625 674 0.1433
627 796 0.3846
627 723 0.1842
627 923 0.2347
627 683 0.145
629 1201 0.0869
630 886 0.0467
631 1068 0.1341
632 1281 0.315
634 1024 0.0847
634 1194 0.1947
634 743 0.131
634 659 0.0794
635 1431 0.073
636 1016 0.0157
636 1196 0.1876
637 708 0.0958
637 715 0.4496
638 883 0.0409
638 1268 0.1065
639 886 0.4568
639 1224 0.1917
640 1552 0.1644
640 913 0.273
640 767 0.1392
641 1440 0.177
642 695 0.426
642 1094 0.0399
643 827 0.1324
644 1055 0.0613
644 1182 0.1646
644 1574 0.2656
644 801 0.1166
644 1074 0.1913
645 1177 0.0996
645 861 0.1601
645 1397 0.069
646 1055 0.6799
646 809 0.2241
646 1282 0.5583
646 1341 0.0154
647 1131 0.0653
647 1428 0.0764
647 734 0.1551
647 1316 0.0856
647 1433 0.1166
648 1595 0.0702
648 1393 0.0382
649 706 0.9209
649 1131 0.269
650 835 0.2305
650 1250 0.2704
650 1207 0.083
650 1500 0.271
651 1210 0.4137
651 1096 0.0976
652 1502 0.0425
653 1237 0.1806
653 1303 0.322
654 1484 0.0945
655 704 0.0206
655 1395 0.3857
656 891 0.09
656 1186 0.1712
656 1233 0.1517
657 1527 0.0595
657 1465 0.1113
658 1194 0.295
658 1429 0.1012
658 1189 0.1908
659 1230 0.1739
659 1232 0.452
659 869 0.1215
660 834 0.2058
660 1300 0.1115
660 1441 0.0548
660 1197 0.163
661 968 0.2529
661 672 0.1383
661 934 0.288
661 1415 0.1357
662 840 0.0361
662 1243 0.2229
664 1126 0.3804
664 982 0.2899
665 900 0.2903
665 1498 0.0502
666 766 0.2903
667 903 0.1461
668 1430 0.1106
668 1284 0.1559
669 1561 0.3089
669 1378 0.0625
671 1487 0.1678
674 1539 0.1797
675 981 0.042
677 1200 0.1095
678 685 0.1495
678 1320 0.1075
678 1043 0.0599
679 1319 0.0369
680 954 0.1739
680 962 0.0333
680 758 0.1541
680 1287 0.2244
681 725 0.3027
681 1147 0.4183
682 1143 0.2175
683 1382 0.1101
683 1324 0.1441
683 897 0.1259
683 1178 0.121
684 1098 0.0777
684 1138 0.1243
685 978 0.0982
688 922 0.0667
689 1396 0.0854
689 1519 0.2294
689 1383 0.1134
689 1114 0.0554
689 1061 0.1185
689 1595 0.0945
690 1288 0.1707
690 1474 0.1761
691 1537 0.311
691 1249 0.0948
692 1447 0.2037
692 1221 0.0623
693 1544 0.2673
693 1165 0.0662
694 1397 0.07
694 858 0.1135
694 1358 0.0151
696 1314 0.1174
696 976 0.2272
696 1499 0.2279
696 772 0.1242
698 1499 0.0777
698 1007 0.1969
699 708 0.285
699 1414 0.2305
700 1400 0.0509
701 1335 0.0726
702 1502 0.0561
702 1209 0.1004
703 1514 0.3468
703 953 0.0346
704 1422 0.0297
704 1480 0.0283
704 1058 0.0362
705 1382 0.1472
706 1465 0.2475
706 1569 0.0766
707 1207 0.3127
707 1514 0.0746
708 825 0.2102
708 831 0.1994
709 1298 0.0742
710 1054 0.2331
711 1299 0.1788
711 1286 0.0941
713 924 0.0364
713 846 0.2376
714 911 0.0931
714 715 0.0461
714 868 0.0935
717 1139 0.0584
717 1411 0.3075
718 1093 0.4373
718 1564 0.0149
718 1228 0.1538
719 790 0.1599
719 980 0.0779
720 1585 0.0366
720 1120 0.043
720 1162 0.1551
721 1236 0.2733
721 1167 0.0666
722 1391 0.1472
722 1246 0.1265
724 1303 0.3842
725 1118 0.0848
726 743 0.0905
726 1060 0.1252
727 1302 0.1434
727 1163 0.1644
727 1455 0.0722
729 1585 0.0789
730 926 0.0875
730 1225 0.1076
730 741 0.2944
732 879 0.1102
732 846 0.247
733 1527 0.0794
733 1056 0.1264
734 1438 0.3115
734 816 0.1247
735 802 0.2954
735 764 0.1312
735 954 0.0834
735 1552 0.0394
736 1288 0.1301
737 1053 0.1908
738 1167 0.0992
738 1228 0.0526
740 1084 0.1065
740 1147 0.1921
740 1427 0.1101
740 1128 0.1365
741 1306 0.3768
742 1107 0.0255
743 849 0.101
744 1485 0.1774
744 1098 0.183
745 1476 0.1788
746 1505 0.0833
746 1269 0.0524
746 1500 0.242
746 902 0.1121
746 1189 0.1322
747 1247 0.4629
747 1070 0.0806
747 1047 0.1049
748 1180 0.114
748 870 0.0555
748 1361 0.0847
749 1498 0.3255
750 1077 0.2019
751 797 0.0714
752 1309 0.2304
754 1550 0.0682
754 1206 0.3344
755 1145 0.0269
755 1383 0.1322
756 1219 0.0354
756 1368 0.0638
757 1236 0.0422
757 1161 0.0751
757 1421 0.0498
759 916 0.101
759 1061 0.1967
759 817 0.1317
759 1541 0.1167
760 976 0.1939
761 1034 0.214
761 1483 0.2266
761 1489 0.2568
762 899 0.2583
762 903 0.0479
762 1511 0.1844
762 930 0.1987
762 1036 0.067
763 1141 0.041
764 943 0.0985
764 1304 0.1959
764 1319 0.2471
766 1435 0.1134
766 1403 0.6174
766 1132 0.1269
767 1009 0.0872
768 1024 0.1983
768 1298 0.2337
768 969 0.1281
768 1254 0.3415
768 834 0.2254
768 926 0.0967
768 864 0.3896
769 1350 0.1275
770 1085 0.1361
771 773 0.0353
771 1261 0.127
771 1186 0.3476
771 1234 0.064
773 1471 0.2319
774 1043 0.1355
774 1324 0.0615
774 1434 0.3172
775 979 0.4743
775 1461 0.0226
776 1465 0.1733
777 893 0.0547
778 1480 0.2967
778 1108 0.2266
778 1527 0.0902
779 1092 0.2537
780 1356 0.1831
782 849 0.1015
783 981 0.0779
783 1056 0.1314
784 834 0.1691
784 1532 0.0324
785 812 0.0645
786 934 0.0456
787 1394 0.2881
787 1463 0.1502
788 1377 0.0575
789 1460 0.2499
790 1175 0.108
790 1318 0.0217
790 1133 0.1411
790 1233 0.0429
792 1427 0.0944
792 1140 0.0367
792 1109 0.1004
793 1462 0.1565
794 1199 0.1295
794 1201 0.2504
795 1064 0.0745
797 1324 0.1898
797 1456 0.0663
798 1071 0.0913
798 1120 0.2451
798 887 0.0184
800 1003 0.0713
800 1062 0.0948
800 888 0.0493
800 850 0.0878
801 1522 0.0651
801 1018 0.6009
801 1087 0.0656
802 1040 0.1167
803 1137 0.1461
805 949 0.1428
806 1543 0.1207
807 1293 0.4018
807 1086 0.1193
807 1108 0.0101
807 1538 0.1033
808 874 0.1862
808 971 0.1369
808 1015 0.1709
808 967 0.0923
810 907 0.1547
810 1311 0.0234
811 1103 0.2216
811 1590 0.1205
811 1411 0.0498
812 1227 0.3968
812 1430 0.1729
813 1308 0.087
813 1026 0.1801
814 1381 0.066
814 1077 0.0875
815 1493 0.0443
815 1422 0.1321
815 1211 0.1472
816 1583 0.0281
816 1567 0.0858
816 827 0.0633
817 1515 0.078
817 921 0.0587
819 1169 0.1125
819 933 0.1022
819 863 0.086
820 1199 0.3582
820 1171 0.1958
820 1235 0.1545
821 1316 0.1778
821 979 0.0501
822 897 0.4749
822 1221 0.0326
822 1316 0.0565
823 1251 0.2542
825 917 0.1012
825 1364 0.0851
826 917 0.135
826 1031 0.2824
826 1165 0.4344
828 1044 0.1168
828 1538 0.0272
828 1222 0.168
829 1437 0.3914
829 1396 0.1379
830 1303 0.2289
831 1330 0.0931
832 1441 0.2375
833 961 0.0811
834 1198 0.1324
834 950 0.0432
836 1132 0.5332
838 1277 0.251
838 1258 0.1467
838 1410 0.1488
840 1370 0.1419
841 921 0.0679
842 979 0.2731
844 1042 0.3
845 1353 0.0747
846 1444 0.0769
846 1315 0.1692
847 1099 0.0998
848 1055 0.3376
848 1576 0.1702
848 1445 0.0281
850 1574 0.1909
850 1187 0.2294
850 1414 0.0541
852 1331 0.1014
853 1372 0.1291
856 1421 0.2874
856 1021 0.258
857 1097 0.1049
857 1193 0.2309
857 1114 0.0736
859 1163 0.1972
859 1055 0.2076
859 1064 0.0412
859 1539 0.1207
860 1223 0.0702
861 976 0.253
861 1336 0.0828
861 1137 0.1712
862 1038 0.0535
863 883 0.0462
863 886 0.1348
864 1293 0.2057
864 1019 0.0856
865 980 0.0699
865 1249 0.1519
866 1327 0.1902
866 1389 0.0117
866 1555 0.0694
868 1028 0.2163
869 1224 0.498
871 1126 0.1005
871 1589 0.4754
871 1224 0.0635
873 1304 0.0919
875 880 0.2031
876 1525 0.074
876 992 0.0323
877 1372 0.1495
877 1276 0.0437
877 1099 0.2764
877 1015 0.122
878 1375 0.1265
879 1372 0.1123
879 1290 0.1348
880 1181 0.1501
880 1413 0.4546
882 1499 0.1897
883 1275 0.2952
883 1311 0.0938
885 1362 0.1167
885 1007 0.1704
885 1302 0.5556
886 1143 0.2059
889 1044 0.295
889 1386 0.0369
890 1201 0.0927
890 1551 0.0671
891 1388 0.0875
891 1397 0.2699
891 1584 0.0196
893 1595 0.1346
895 1359 0.1572
895 1551 0.3865
896 1572 0.3573
896 1579 0.0339
896 1455 0.0111
898 1521 0.1346
899 1530 0.029
900 1090 0.0968
900 926 0.4622
901 1465 0.2332
901 1242 0.368
903 1177 0.4027
904 1067 0.0795
904 1543 0.1324
905 996 0.2042
905 1362 0.6823
905 1328 0.108
906 1165 0.0717
906 1251 0.0667
907 1201 0.0453
907 1052 0.0746
907 1344 0.1952
907 1547 0.2117
907 975 0.0817
908 1217 0.0853
908 1233 0.2266
908 1535 0.1776
909 1322 0.1097
909 931 0.0798
910 1596 0.0612
910 1510 0.2105
911 1096 0.0411
911 1443 0.0731
911 1075 0.1984
912 1592 0.2945
912 1232 0.1175
913 1432 0.0979
914 1160 0.1853
914 1404 0.1124
919 1507 0.2595
922 1589 0.1952
923 1164 0.147
923 1228 0.1381
923 1085 0.1692
924 1096 0.0958
926 1200 0.1155
928 1036 0.0936
929 1167 0.3486
930 1342 0.0255
930 1455 0.2265
931 1382 0.1361
932 1030 0.3131
933 1354 0.072
933 1450 0.3467
933 1216 0.366
934 1498 0.193
935 1526 0.0741
935 1598 0.2582
936 1003 0.0665
937 987 0.706
937 951 0.1414
938 1312 0.1086
938 1456 0.046
939 1199 0.0672
940 1431 0.0771
941 1280 0.2018
941 1384 0.0822
942 1065 0.1389
942 1093 0.0694
942 957 0.0673
943 1280 0.3255
943 1208 0.1529
943 1212 0.4611
946 1575 0.1152
947 1019 0.1809
947 1203 0.1996
948 970 0.05
949 1456 0.1338
950 1279 0.1315
950 1426 0.2754
952 1498 0.077
953 1576 0.168
955 1500 0.2411
955 1467 0.1363
957 1413 0.124
958 1519 0.1203
962 1293 0.2377
963 1107 0.2034
965 1324 0.036
965 1403 0.3095
965 1533 0.6463
965 1470 0.1851
967 1006 0.0344
967 1563 0.1311
969 1432 0.4263
969 1531 0.1329
970 1281 0.1427
971 1554 0.0104
975 1125 0.0048
975 1062 0.1007
977 1275 0.1273
977 1107 0.088
979 1289 0.1243
979 1196 0.1293
980 1523 0.1038
982 1428 0.5581
983 1040 0.2488
984 1439 0.091
985 1526 0.2045
985 1476 0.1298
985 1511 0.1966
986 1379 0.101
987 1437 0.3523
987 1112 0.2096
988 1585 0.1259
989 1267 0.0246
989 1420 0.0405
990 1308 0.1519
990 1532 0.1156
991 1367 0.2202
991 1584 0.143
992 1523 0.1322
993 1025 0.0929
993 1319 0.0798
994 1559 0.1677
997 1054 0.0936
997 1119 0.3131
997 1228 0.2262
998 1287 0.1152
998 1562 0.516
998 1336 0.0944
999 1376 0.3331
1001 1329 0.1581
1001 1123 0.0571
1002 1511 0.1099
1002 1375 0.0924
1002 1136 0.1307
1003 1028 0.0857
1006 1524 0.1773
1008 1250 0.2917
1008 1466 0.0589
1010 1161 0.0568
1011 1041 0.1509
1012 1597 0.2102
1013 1404 0.2185
1014 1264 0.108
1014 1393 0.0373
1014 1042 0.121
1015 1155 0.2259
1016 1285 0.2928
1017 1448 0.099
1019 1297 0.2448
1019 1046 0.0429
1019 1455 0.1435
1021 1103 0.2681
1023 1384 0.014
1024 1086 0.1739
1024 1350 0.2327
1028 1546 0.0922
1028 1067 0.6016
1029 1030 0.0714
1029 1531 0.025
1031 1063 0.021
1032 1158 0.3889
1034 1599 0.1647
1034 1362 0.2016
1034 1492 0.0158
1034 1572 0.2784
1035 1136 0.0793
1035 1235 0.1461
1036 1454 0.038
1037 1154 0.4492
1038 1270 0.1917
1038 1265 0.3656
1041 1479 0.1303
1042 1072 0.2896
1042 1455 0.1417
1045 1165 0.3373
1045 1481 0.0641
1046 1597 0.0229
1046 1049 0.0538
1047 1083 0.0733
1048 1364 0.4598
1051 1151 0.3549
1054 1574 0.2211
1056 1386 0.1303
1058 1374 0.1381
1059 1404 0.2619
1059 1430 0.1507
1062 1531 0.0887
1063 1068 0.0988
1064 1079 0.1616
1065 1430 0.0895
1067 1362 0.1499
1067 1568 0.107
1068 1200 0.1286
1071 1095 0.1902
1075 1427 0.1416
1076 1098 0.3551
1076 1511 0.1951
1076 1522 0.1139
1077 1110 0.1399
1077 1429 0.102
1077 1492 0.0641
1078 1500 0.1136
1079 1092 0.0841
1080 1354 0.1581
1080 1532 0.1019
1082 1270 0.1309
1082 1484 0.0157
1083 1406 0.2028
1083 1201 0.2521
1084 1352 0.0192
1087 1532 0.0458
1088 1191 0.1325
1089 1154 0.1916
1090 1549 0.1033
1091 1422 0.2125
1096 1312 0.1883
1098 1437 0.047
1098 1294 0.0448
1100 1219 0.1726
1100 1232 0.176
1101 1596 0.1228
1101 1102 0.2017
1101 1299 0.0441
1103 1501 0.1283
1104 1225 0.0595
1104 1288 0.1194
1105 1208 0.042
1106 1189 0.1886
1106 1245 0.143
1108 1580 0.0718
1109 1171 0.0365
1111 1270 0.058
1112 1134 0.168
1112 1243 0.2293
1112 1424 0.0885
1116 1538 0.0172
1116 1118 0.2553
1116 1346 0.2061
1117 1364 0.0222
1117 1369 0.2498
1117 1526 0.0996
1118 1235 0.148
1118 1398 0.2546
1119 1276 0.2737
1120 1541 0.0548
1123 1335 0.0492
1124 1385 0.0877
1131 1405 0.3799
1131 1558 0.2899
1132 1358 0.3386
1140 1154 0.4533
1142 1280 0.0819
1144 1468 0.0808
1144 1505 0.0471
1146 1464 0.1674
1147 1534 0.3528
1147 1465 0.287
1148 1321 0.0378
1149 1180 0.1608
1151 1483 0.6675
1153 1534 0.0786
1154 1571 0.2076
1154 1559 0.099
1155 1595 0.1442
1156 1181 0.139
1156 1197 0.074
1156 1362 0.2063
1158 1536 0.1498
1159 1377 0.0616
1159 1520 0.3237
1161 1311 0.0927
1162 1226 0.1608
1164 1548 0.1664
1165 1400 0.2572
1172 1213 0.1387
1172 1501 0.1914
1173 1555 0.1007
1175 1407 0.0803
1176 1224 0.1514
1176 1355 0.0942
1178 1406 0.6237
1179 1514 0.0783
1180 1281 0.1591
1181 1491 0.0675
1187 1380 0.0521
1187 1345 0.1803
1187 1425 0.1484
1187 1410 0.2144
1188 1336 0.1751
1188 1503 0.1192
1188 1280 0.0951
1189 1481 0.0893
1191 1277 0.2728
1192 1473 0.1179
1196 1388 0.0716
1196 1509 0.0969
1197 1219 0.308
1197 1479 0.1335
1198 1520 0.1193
1200 1287 0.493
1201 1385 0.3234
1202 1329 0.046
1203 1318 0.0602
1205 1286 0.0654
1206 1294 0.0842
1207 1300 0.0366
1208 1423 0.159
1208 1286 0.1345
1209 1330 0.3603
1210 1552 0.1546
1210 1454 0.2989
1212 1244 0.168
1212 1575 0.1427
1213 1231 0.0353
1215 1235 0.0194
1218 1472 0.2816
1219 1394 0.1549
1220 1453 0.0664
1223 1527 0.2927
1226 1436 0.052
1227 1255 0.0641
1230 1315 0.1976
1230 1578 0.3403
1230 1503 0.0932
1231 1560 0.0896
1232 1478 0.1015
1234 1545 0.0529
1235 1353 0.2678
1236 1369 0.09
1237 1331 0.4348
1237 1569 0.1131
1238 1457 0.1562
1239 1258 0.077
1239 1516 0.1023
1239 1452 0.2102
1240 1374 0.1314
1240 1455 0.6034
1241 1512 0.125
1241 1523 0.2723
1242 1539 0.1094
1249 1456 0.0427
1250 1592 0.1825
1252 1417 0.2323
1253 1505 0.2436
1256 1307 0.0109
1257 1477 0.0453
1260 1393 0.3358
1261 1433 0.1855
1263 1522 0.324
1264 1583 0.1025
1264 1431 0.1717
1269 1523 0.1227
1269 1492 0.1785
1270 1408 0.3087
1271 1453 0.2077
1273 1443 0.0682
1282 1314 0.134
1283 1555 0.1947
1283 1414 0.1039
1283 1391 0.2424
1284 1297 0.0884
1284 1354 0.164
1285 1529 0.1997
1285 1328 0.1289
1298 1351 0.2263
1299 1475 0.7431
1301 1488 0.1337
1303 1489 0.03
1307 1549 0.039
1309 1552 0.2472
1312 1358 0.0543
1317 1541 0.1195
1319 1489 0.0312
1321 1492 0.1023
1322 1495 0.1984
1324 1430 0.2518
1328 1539 0.1065
1330 1429 0.1765
1330 1475 0.3506
1331 1461 0.2514
1333 1532 0.6227
1334 1403 0.1122
1334 1475 0.0413
1338 1508 0.0679
1339 1372 0.1857
1339 1439 0.0671
1340 1594 0.2948
1342 1461 0.1053
1344 1437 0.0267
1355 1548 0.1749
1356 1498 0.357
1356 1431 0.074
1357 1542 0.1267
1357 1384 0.0098
1365 1456 0.1041
1366 1477 0.1247
1368 1467 0.1181
1369 1432 0.0942
1374 1450 0.1003
1375 1591 0.1724
1387 1416 0.022
1389 1581 0.1187
1389 1490 0.0638
1392 1594 0.2237
1397 1430 0.2608
1400 1538 0.1786
1400 1460 0.0855
1402 1440 0.1051
1402 1554 0.2684
1407 1429 0.4354
1409 1425 0.1078
1415 1550 0.2046
1415 1527 0.0204
1417 1535 0.1218
1423 1499 0.0619
1424 1535 0.2296
1431 1550 0.1314
1434 1477 0.1143
1439 1556 0.2558
1441 1572 0.3635
1448 1594 0.0435
1451 1585 0.1544
1455 1539 0.2392
1457 1464 0.3732
1469 1591 0.1596
1470 1497 0.1456
1475 1541 0.0548
1500 1501 0.2898
1503 1515 0.0334
1519 1591 0.1042
1523 1553 0.0446
1531 1535 0.4089
1532 1574 0.1768
1537 1590 0.0759
1546 1575 0.1964
1550 1564 0.2808
1556 1564 0.1761
