1600 2400 num_nodes_f_dist 1600
0 1167 0.2306
0 1218 0.1227
1 146 0.284
1 709 0.0874
1 552 0.2694
1 788 0.1014
1 136 0.1615
2 528 0.1052
2 187 0.463
3 1283 0.0866
3 251 0.2014
3 487 0.4678
4 92 0.1723
4 1158 0.2644
5 1420 0.1342
5 92 0.1511
5 1341 0.2534
5 883 0.2478
5 117 0.3523
5 233 0.0696
5 1434 0.1907
5 1323 0.1426
5 1221 0.1414
5 822 0.1709
6 447 0.3017
6 884 0.0916
6 683 0.2364
7 596 0.103
7 788 0.0324
7 67 0.2032
9 1109 0.1825
9 832 0.3894
9 1094 0.0831
9 542 0.0306
9 1167 0.1375
10 321 0.1317
10 774 0.2082
10 1112 0.1362
10 181 0.1428
10 1396 0.1904
11 1327 0.1263
11 914 0.0823
11 95 0.3174
11 401 0.2449
12 208 0.4112
12 1274 0.1543
12 582 0.1049
12 213 0.549
13 865 0.1571
14 597 0.0621
14 570 0.0716
14 696 0.1626
14 53 0.0988
15 1168 0.1704
15 836 0.0399
15 1058 0.3753
16 933 0.3563
16 62 0.2574
16 494 0.2381
17 976 0.1005
17 939 0.2473
17 394 0.2911
18 324 0.1542
19 744 0.0882
19 963 0.2475
21 1071 0.3625
21 70 0.2787
21 190 0.0523
21 1331 0.0618
21 1088 0.1017
23 1103 0.2521
24 1012 0.1907
25 769 0.2581
26 1249 0.105
26 1204 0.1825
26 1072 0.3016
26 907 0.1624
26 524 0.7576
27 1405 0.2411
28 1026 0.069
28 92 0.3416
28 1035 0.316
29 677 0.2076
30 1256 0.1727
31 475 0.5866
31 1132 0.325
31 271 0.1609
34 788 0.3432
35 304 0.0509
35 1368 0.1164
35 1324 0.2448
36 439 0.1624
36 941 0.196
36 955 0.3671
37 669 0.1091
37 537 0.1333
37 1501 0.0573
37 1009 0.6348
37 912 0.546
37 879 0.4569
38 1384 0.1359
38 1199 0.1321
40 136 0.0179
40 1227 0.1827
40 1192 0.5245
40 445 0.2357
41 1236 0.1225
41 604 0.1842
41 1291 0.2191
41 861 0.3863
41 1571 0.1315
42 559 0.1893
42 1152 0.4272
43 435 0.1829
43 365 0.1508
44 1470 0.1942
45 350 0.0275
45 1306 0.4081
45 813 0.2831
46 783 0.0903
47 615 0.0616
47 766 0.2034
47 539 0.047
48 1126 0.2587
50 1462 0.163
50 1594 0.2533
50 991 0.0267
50 1423 0.1673
51 1032 0.1269
51 1456 0.1921
52 439 0.3651
52 87 0.0704
52 1363 0.2554
52 88 0.0897
52 223 0.0985
52 153 0.1125
53 1189 0.4138
53 1515 0.3545
54 161 0.1879
54 1462 0.1717
54 887 0.4035
54 779 0.2343
54 1445 0.1519
54 748 0.2647
55 1548 0.0729
55 241 0.1873
55 1538 0.1844
55 795 0.1889
55 1495 0.2224
55 185 0.1147
55 95 0.1435
56 1581 0.0608
56 903 0.092
56 1311 0.2138
57 1276 0.1417
57 570 0.0627
57 1152 0.3131
57 635 0.2709
58 223 0.2619
58 178 0.1025
59 176 0.1126
59 629 0.0749
59 111 0.2505
59 959 0.2355
59 1080 0.0768
59 1115 0.2161
60 916 0.1588
60 416 0.1403
61 825 0.0404
61 634 0.4813
61 279 0.1526
62 1492 0.0651
63 165 0.2933
64 75 0.2795
64 1460 0.3791
64 298 0.0434
64 852 0.4386
65 648 0.1446
65 1101 0.0683
65 1520 0.1491
65 1500 0.2033
65 586 0.0214
66 580 0.1633
67 1067 0.1174
67 366 0.0714
68 1027 0.192
68 553 0.1294
68 203 0.2603
69 354 0.0397
69 1528 0.3705
69 939 0.229
70 1424 0.0823
70 295 0.0795
70 83 0.0673
71 538 0.0968
72 250 0.3384
72 1065 0.3417
72 416 0.1313
72 1412 0.2314
73 129 0.0825
73 478 0.1534
74 831 0.0244
74 1508 0.1315
74 819 0.1586
74 778 0.0208
75 448 0.0401
75 1003 0.0971
75 1316 0.2067
76 1511 0.1115
76 1406 0.6601
76 1075 0.1093
76 1287 0.1061
77 1553 0.1337
77 540 0.1237
77 1427 0.0619
77 1265 0.2229
78 1238 0.1215
78 1562 0.1935
79 411 0.083
79 1400 0.0918
79 286 0.1379
79 1484 0.1772
80 867 0.113
80 1160 0.3735
81 705 0.3134
81 1422 0.1712
81 1315 0.1903
82 1525 0.1485
82 1505 0.5341
83 1118 0.0996
83 1051 0.0826
83 1172 0.0133
83 1089 0.0523
83 365 0.3077
83 1453 0.2992
84 742 0.2289
84 1018 0.1434
85 1308 0.1731
85 692 0.0647
85 743 0.2162
86 166 0.4086
86 968 0.03
86 1376 0.1694
86 1239 0.1588
87 1273 0.1317
88 166 0.0532
88 1461 0.1399
88 1572 0.1082
88 1159 0.0732
89 196 0.2774
90 1509 0.0552
90 401 0.0116
91 931 0.0558
91 391 0.0796
91 1181 0.0305
91 367 0.2285
91 1278 0.0572
91 1591 0.1723
93 841 0.125
93 1343 0.3324
93 416 0.1624
94 947 0.0694
94 1212 0.1527
94 949 0.4218
96 271 0.0944
96 1452 0.1461
96 1190 0.0323
98 349 0.2274
99 311 0.2041
99 1436 0.0766
99 1308 0.1327
100 1049 0.2747
101 109 0.1185
101 209 0.235
101 1112 0.068
103 508 0.2615
103 255 0.0955
103 649 0.056
103 1521 0.2108
103 1594 0.0985
103 194 0.118
103 1062 0.0314
104 1441 0.1345
104 1478 0.0647
105 665 0.1741
105 1103 0.1061
105 1444 0.0749
105 1012 0.122
105 405 0.1858
105 924 0.5228
106 477 0.2299
106 214 0.1164
107 313 0.1182
107 193 0.2216
107 1479 0.1368
108 1385 0.1817
108 577 0.1491
108 1263 0.1903
108 1220 0.258
108 223 0.2817
108 936 0.0841
109 1127 0.1687
110 1522 0.3266
110 144 0.1022
111 160 0.076
111 1295 0.1103
111 1501 0.062
111 376 0.2896
111 986 0.1725
111 710 0.1004
112 1594 0.0999
112 1036 0.0412
112 216 0.1825
112 1132 0.0617
112 307 0.1849
113 127 0.1635
113 378 0.0364
113 654 0.1817
114 1274 0.1716
114 134 0.2239
114 497 0.1313
115 1368 0.104
115 1596 0.1746
115 801 0.1085
116 1579 0.013
116 779 0.1757
117 1378 0.0168
117 604 0.0592
117 196 0.1578
117 756 0.2524
117 359 0.1808
118 1071 0.0629
118 1523 0.016
118 246 0.2838
119 602 0.0862
119 1098 0.1344
120 454 0.1637
120 1124 0.1301
121 232 0.1208
122 1169 0.2364
123 342 0.077
123 1216 0.2738
123 182 0.1641
124 609 0.2747
124 1047 0.1359
124 796 0.426
125 554 0.3616
125 370 0.1287
125 667 0.0405
125 1044 0.3606
125 1313 0.4265
125 553 0.0753
125 1132 0.0329
126 206 0.2067
126 866 0.2673
126 1412 0.3812
126 1137 0.1972
127 287 0.0225
127 132 0.0621
127 1571 0.3596
128 313 0.2001
128 323 0.02
128 311 0.2959
128 333 0.0929
128 1013 0.2002
129 1096 0.1338
129 623 0.1565
129 168 0.272
129 1131 0.0904
130 1544 0.1928
130 387 0.1126
131 149 0.1712
131 529 0.2841
131 979 0.3224
131 1221 0.4784
131 1198 0.2338
132 189 0.0383
132 781 0.2564
133 395 0.0322
133 365 0.1326
133 1564 0.1134
134 948 0.4685
134 609 0.0292
135 1593 0.0788
135 1444 0.039
135 961 0.0377
135 583 0.1385
136 400 0.0994
136 546 0.2158
136 1492 0.1086
136 1309 0.2351
136 1532 0.1439
136 323 0.1498
137 909 0.1529
137 990 0.4549
137 1230 0.1036
138 938 0.066
138 769 0.0961
138 1224 0.1556
139 690 0.3108
139 838 0.1043
141 612 0.0284
141 787 0.2903
142 194 0.1546
143 1553 0.082
143 1087 0.2109
143 1431 0.0655
144 1232 0.0996
144 902 0.2245
144 435 0.2588
145 1152 0.2279
145 1563 0.4815
146 1384 0.0573
146 627 0.181
146 362 0.0108
146 1003 0.196
147 410 0.2082
147 1151 0.0497
147 166 0.1512
147 504 0.1654
148 1299 0.2043
149 1255 0.2813
150 492 0.3317
150 1254 0.6939
151 1285 0.0521
151 645 0.1479
151 1532 0.4053
151 783 0.2859
151 1067 0.4049
152 573 0.0399
153 174 0.2122
153 1559 0.3874
153 1522 0.1999
153 1204 0.1856
153 474 0.0905
154 1057 0.0064
154 1596 0.2357
154 660 0.2308
155 1077 0.2556
155 1528 0.1782
155 1225 0.118
155 1242 0.1516
156 788 0.147
156 1435 0.2426
156 588 0.2043
156 534 0.3435
156 696 0.2244
157 191 0.053
157 1175 0.1148
157 1042 0.0279
157 1480 0.4467
157 703 0.2373
157 1056 0.0772
158 194 0.5639
159 1392 0.0953
159 1548 0.1396
159 882 0.0934
160 1218 0.2113
160 802 0.4529
160 1472 0.0635
161 562 0.3245
161 595 0.194
162 1063 0.0848
163 1572 0.2937
163 869 0.2923
163 301 0.1818
163 918 0.1908
164 709 0.149
164 1152 0.1544
164 1266 0.4187
165 1528 0.0938
165 1515 0.1165
166 1473 0.0936
166 362 0.1949
166 818 0.143
167 249 0.3389
168 1488 0.0882
169 585 0.6518
169 887 0.3665
169 867 0.3486
169 670 0.2628
170 483 0.2149
171 1482 0.264
171 1511 0.4642
172 1387 0.599
172 703 0.1216
173 300 0.0351
173 1573 0.0675
173 366 0.0978
175 320 0.097
175 936 0.298
175 1190 0.1118
176 744 0.2261
176 830 0.2207
176 666 0.126
177 1240 0.0993
177 1046 0.0472
177 640 0.0607
177 322 0.102
177 1457 0.241
177 195 0.2825
178 329 0.2354
178 303 0.042
181 735 0.0446
181 274 0.1034
181 1121 0.099
181 859 0.3258
181 608 0.1931
182 573 0.0847
182 703 0.0925
182 1054 0.1192
183 634 0.212
183 1256 0.148
184 317 0.0641
185 770 0.5263
185 1314 0.2278
185 1042 0.0433
186 803 0.225
186 679 0.0765
186 928 0.0257
186 1566 0.0473
187 1547 0.015
188 1435 0.103
188 585 0.0811
188 644 0.1473
188 301 0.3094
188 718 0.0384
189 256 0.1073
189 400 0.1354
189 1519 0.2551
189 1209 0.1626
190 880 0.1923
191 340 0.2157
191 1442 0.2471
192 1381 0.185
192 546 0.4043
192 1036 0.0233
193 271 0.0239
193 1021 0.0666
195 233 0.2278
195 848 0.3487
196 635 0.0956
196 533 0.0294
196 806 0.1697
196 1103 0.3603
197 744 0.3271
197 1532 0.1781
197 1427 0.1551
197 485 0.0437
198 1170 0.2503
198 420 0.1492
199 645 0.0216
199 1492 0.0929
200 833 0.1938
201 324 0.1439
201 432 0.5443
201 1007 0.145
202 1311 0.1524
202 885 0.238
203 1232 0.1773
203 211 0.2704
203 1167 0.2824
203 1542 0.0847
203 817 0.1891
203 1497 0.1146
203 1492 0.2038
204 1413 0.0911
204 692 0.0925
204 926 0.038
205 258 0.0545
205 1509 0.2156
205 1566 0.1119
206 351 0.1795
207 1153 0.1284
207 1322 0.1889
207 661 0.0715
207 257 0.0558
208 383 0.0236
208 261 0.0189
209 1593 0.1585
210 1491 0.1496
210 1154 0.1624
211 1477 0.2021
212 647 0.0829
212 231 0.1192
212 803 0.4103
213 1011 0.2755
213 277 0.1186
214 239 0.0493
214 858 0.1507
215 755 0.3614
215 358 0.0364
215 1481 0.1716
216 862 0.138
217 536 0.2112
217 1264 0.0725
218 1166 0.0758
219 972 0.1089
219 1436 0.1766
219 1444 0.0912
219 669 0.0082
220 349 0.1652
220 1272 0.3624
220 911 0.6815
221 485 0.2487
221 1468 0.1597
221 238 0.2327
223 1140 0.296
223 415 0.0518
224 955 0.375
224 1035 0.1532
224 1056 0.181
226 1116 0.2918
226 1598 0.3221
227 903 0.0731
227 1518 0.0167
227 957 0.117
227 958 0.0419
228 1560 0.1745
228 1342 0.0612
228 328 0.2142
229 459 0.0308
229 314 0.1988
230 1095 0.0748
230 825 0.595
231 1217 0.1245
231 1453 0.2933
231 1568 0.1306
233 1565 0.3604
233 353 0.0466
233 894 0.1559
233 1555 0.274
234 1271 0.2707
234 1197 0.4508
235 433 0.1189
236 344 0.2223
237 527 0.1944
237 1247 0.3533
237 1193 0.1417
237 1146 0.1149
238 384 0.316
238 1375 0.0159
238 833 0.2115
239 1166 0.3825
239 1556 0.0834
239 631 0.098
239 821 0.2377
239 771 0.2631
240 611 0.0213
240 332 0.1479
241 368 0.1793
241 1197 0.3895
241 661 0.1706
241 760 0.1369
241 1535 0.3052
242 1143 0.1208
242 1187 0.0661
242 1262 0.2672
242 305 0.0633
242 532 0.345
244 964 0.1083
244 322 0.2153
244 408 0.4513
244 314 0.1962
245 358 0.5353
245 926 0.0514
246 619 0.408
246 436 0.1181
246 373 0.1072
247 638 0.0476
249 1285 0.1043
249 1041 0.1067
249 1164 0.34
250 486 0.1328
250 1270 0.3134
250 461 0.1647
253 582 0.1824
253 1364 0.0844
253 1492 0.1795
253 486 0.0562
254 1142 0.1188
254 749 0.123
254 1213 0.2095
255 1527 0.1659
256 380 0.3072
256 1546 0.2184
256 596 0.0768
256 1381 0.1077
256 450 0.3416
256 1418 0.2483
258 1576 0.3467
259 766 0.1305
259 620 0.1854
260 935 0.4947
260 1140 0.1988
260 514 0.3172
261 1570 0.1312
261 660 0.1936
261 1194 0.0351
261 1552 0.2223
261 879 0.2971
262 1592 0.1896
262 433 0.1326
262 1321 0.217
262 1081 0.1826
262 529 0.1196
263 1511 0.1152
263 814 0.1164
264 1113 0.475
264 670 0.0862
264 759 0.2012
265 1119 0.2289
265 427 0.1647
265 1003 0.0771
265 1161 0.451
265 910 0.5086
265 1413 0.1103
266 1452 0.1311
266 580 0.0859
268 946 0.0811
269 1182 0.0883
269 1378 0.2174
269 1431 0.2391
270 1117 0.2532
271 1313 0.1435
271 1397 0.4037
271 624 0.2993
272 696 0.3833
272 567 0.1275
272 1427 0.0993
272 1163 0.2466
272 1148 0.0966
272 1462 0.0649
273 621 0.1725
273 1215 0.1508
274 374 0.0393
275 307 0.501
275 1129 0.2373
275 789 0.184
276 614 0.1195
276 551 0.3108
276 1585 0.2585
276 583 0.1786
276 1210 0.011
278 1228 0.4098
279 598 0.3239
279 1429 0.1281
279 834 0.2551
280 1466 0.0645
281 371 0.2345
281 1352 0.324
282 1426 0.2905
282 408 0.0622
282 965 0.1485
282 1262 0.1522
282 1076 0.1097
282 1074 0.2715
283 1198 0.251
283 759 0.2566
283 1481 0.0795
283 1035 0.1261
283 483 0.2182
283 1408 0.0633
284 1585 0.1583
284 523 0.0392
284 635 0.136
284 1251 0.2533
285 769 0.1544
285 893 0.4193
285 1361 0.1227
286 1222 0.2031
286 1534 0.21
287 1211 0.1258
287 1132 0.04
288 515 0.198
288 403 0.2059
288 530 0.0688
289 1257 0.1785
289 922 0.1374
289 323 0.2314
289 1503 0.1255
289 293 0.0553
290 535 0.1285
290 711 0.0898
290 972 0.0894
290 1002 0.1287
292 886 0.2818
292 714 0.0531
292 1189 0.2863
292 861 0.2294
292 626 0.2035
292 350 0.2129
293 325 0.1306
294 1240 0.0811
294 1058 0.5231
294 642 0.2744
295 1578 0.3583
296 436 0.1517
296 826 0.1902
296 901 0.0652
297 1379 0.1152
297 1174 0.0289
297 1568 0.0483
298 618 0.0458
299 1456 0.0567
300 544 0.1251
301 607 0.0517
302 1021 0.1063
303 623 0.189
303 556 0.1872
303 1448 0.1956
303 624 0.4077
304 488 0.1574
304 1595 0.1545
305 1447 0.1681
305 1497 0.155
305 1238 0.1225
305 969 0.0585
305 1371 0.0927
306 1242 0.1602
306 946 0.0972
308 1352 0.0985
308 1597 0.1383
308 1156 0.4608
309 423 0.1214
310 1223 0.0077
310 632 0.3034
311 1114 0.0872
312 622 0.1892
312 1554 0.2363
312 542 0.0861
312 354 0.2437
312 624 0.2982
312 1514 0.1414
313 658 0.1205
313 371 0.265
313 858 0.1316
314 1287 0.0806
315 843 0.5812
315 485 0.3254
316 671 0.2359
317 696 0.1846
317 687 0.2226
317 1590 0.0884
318 1500 0.0193
318 965 0.3552
319 1047 0.0309
319 1029 0.2458
319 859 0.1816
319 716 0.4845
319 980 0.2434
319 1459 0.1119
320 1360 0.3743
320 845 0.3708
321 432 0.0955
321 872 0.4282
321 748 0.0522
321 454 0.0694
321 741 0.1865
322 1538 0.1904
323 1055 0.1044
324 1133 0.0616
325 1226 0.0498
325 1112 0.0847
327 1082 0.2956
327 904 0.1682
328 1401 0.1247
328 647 0.0705
328 1447 0.097
329 1231 0.1833
329 771 0.205
329 1551 0.2379
330 477 0.0793
330 986 0.0914
331 413 0.0616
331 622 0.0161
331 385 0.4024
331 1474 0.3379
332 351 0.1065
332 1365 0.2915
332 658 0.1017
333 361 0.2794
333 1226 0.0611
334 814 0.2753
334 344 0.3243
334 876 0.2598
334 356 0.2646
334 776 0.1105
334 1453 0.4774
334 624 0.0604
335 804 0.3822
335 803 0.1359
335 1379 0.1943
335 405 0.0892
335 1580 0.0934
335 483 0.0334
336 1533 0.2339
337 634 0.2838
337 1565 0.075
337 949 0.0693
338 689 0.0953
338 651 0.2077
338 1495 0.3298
339 1270 0.0224
339 1359 0.2978
339 1043 0.2457
339 437 0.2592
339 542 0.3555
340 355 0.1282
341 1022 0.0427
341 346 0.0308
341 1012 0.3517
342 761 0.5776
342 1187 0.1794
342 399 0.3936
342 731 0.1103
343 391 0.2245
344 683 0.047
345 1509 0.5198
345 1455 0.1258
345 1290 0.3754
345 560 0.4282
346 1570 0.1198
346 1547 0.1493
347 747 0.1294
347 1291 0.3388
348 792 0.3286
348 761 0.0809
348 1033 0.2958
348 898 0.1314
348 636 0.2525
349 926 0.233
349 1556 0.0866
350 1248 0.1549
350 1138 0.0741
351 1248 0.0401
351 697 0.0769
352 1334 0.0996
352 1437 0.1421
352 401 0.112
352 945 0.2225
352 1508 0.1544
353 1596 0.0231
353 1086 0.0655
353 803 0.096
353 658 0.3815
355 670 0.2172
355 1539 0.0679
356 584 0.1585
356 876 0.2253
356 1171 0.1219
357 669 0.2089
358 659 0.2175
358 487 0.2292
358 1210 0.0986
358 1203 0.1538
358 1141 0.1026
359 1579 0.1653
359 666 0.1598
360 1113 0.1565
360 1097 0.4271
360 1384 0.1656
360 454 0.0586
361 903 0.0771
361 870 0.2208
361 551 0.1868
362 1043 0.3114
363 678 0.2075
363 584 0.2459
363 1250 0.0621
363 1551 0.0461
363 1339 0.5708
363 1496 0.1703
364 509 0.5334
364 1353 0.3152
365 456 0.3153
365 1224 0.0408
365 678 0.1537
365 729 0.2234
366 829 0.2952
367 675 0.3535
367 1355 0.4061
367 615 0.1312
369 1570 0.0745
369 1569 0.0741
370 1570 0.0289
370 1298 0.0033
370 707 0.1393
371 493 0.4265
371 1100 0.1005
371 1531 0.1947
372 1443 0.2139
372 948 0.0703
372 651 0.0273
373 1196 0.083
373 495 0.2936
373 399 0.1699
374 871 0.1894
376 728 0.0867
376 514 0.1218
376 1332 0.1954
376 445 0.0647
376 1118 0.248
376 465 0.3806
377 1587 0.1491
377 1152 0.1789
377 870 0.0545
378 1094 0.3754
378 1556 0.2283
379 926 0.3453
380 647 0.1966
380 954 0.3634
381 1015 0.2593
381 1596 0.4876
381 434 0.3463
381 1162 0.1763
382 1325 0.0279
383 1329 0.0379
384 1021 0.0817
384 1202 0.4085
384 872 0.1649
384 1113 0.3458
384 812 0.0686
385 1215 0.0795
385 869 0.0801
386 431 0.1195
386 427 0.0761
386 722 0.1161
387 1255 0.3423
387 995 0.1967
387 1073 0.1524
387 625 0.0999
388 990 0.1004
389 1532 0.2037
389 898 0.1726
389 650 0.1547
390 713 0.1547
390 450 0.1523
390 1583 0.1098
391 607 0.1751
391 1130 0.141
392 909 0.1935
392 1430 0.0542
392 593 0.0503
392 882 0.1911
392 1260 0.3958
393 917 0.2952
393 1281 0.1295
394 558 0.2209
394 1133 0.2608
395 1042 0.1797
396 556 0.1201
396 1051 0.123
396 885 0.3495
397 535 0.1427
397 1305 0.3157
397 686 0.0619
398 1279 0.2615
398 557 0.1585
399 1041 0.1172
400 894 0.5241
401 1287 0.1261
401 1219 0.4178
401 512 0.1578
402 541 0.2215
402 1193 0.2053
402 869 0.1768
403 1012 0.1533
403 414 0.2352
404 761 0.1013
405 1113 0.0476
406 662 0.0236
407 1387 0.2127
407 1569 0.0931
407 1052 0.1341
407 1428 0.2411
409 1045 0.1927
409 1137 0.1716
409 1087 0.0419
410 1334 0.1827
411 1569 0.238
411 973 0.0913
412 564 0.2602
412 1090 0.2643
412 728 0.1176
413 978 0.101
413 1464 0.2074
413 980 0.1169
413 566 0.1035
415 845 0.1732
415 496 0.0334
415 1426 0.0584
415 1476 0.0919
417 1167 0.0927
417 917 0.1392
417 1058 0.3139
417 767 0.3069
418 1282 0.092
419 1128 0.169
419 1450 0.1438
420 780 0.0305
420 634 0.0652
421 926 0.0801
421 1328 0.3453
422 1385 0.268
423 1458 0.0751
423 1206 0.2406
423 1217 0.0865
424 899 0.0394
424 893 0.1613
424 843 0.089
425 868 0.1103
425 1442 0.2048
426 1581 0.4273
426 702 0.1139
428 1316 0.078
428 1445 0.1599
428 475 0.2595
429 704 0.1257
429 924 0.2327
430 1269 0.1905
430 488 0.1026
430 666 0.1932
431 1172 0.045
431 1075 0.2398
432 1036 0.2313
432 1403 0.0674
433 519 0.5323
434 1294 0.1114
434 1136 0.0781
434 1292 0.1378
434 1522 0.8935
435 1061 0.0209
435 1216 0.0949
435 880 0.0659
436 1498 0.3152
436 611 0.0234
438 900 0.2801
438 1360 0.1564
438 770 0.1284
439 1173 0.0453
439 1296 0.1549
439 505 0.0663
440 1081 0.1427
440 610 0.1907
440 1547 0.304
440 1578 0.214
440 955 0.097
441 876 0.2388
441 1525 0.1774
442 1369 0.1814
442 856 0.2541
442 1154 0.0192
442 604 0.0475
443 823 0.121
444 533 0.0395
445 576 0.1148
446 812 0.1362
448 532 0.3053
448 686 0.2586
449 733 0.1954
449 1149 0.2455
449 861 0.4152
449 450 0.1249
450 654 0.0805
450 863 0.0632
450 1003 0.2262
451 477 0.0503
451 554 0.0923
451 1072 0.1679
452 1440 0.0609
452 1393 0.1057
452 624 0.3092
452 901 0.3262
453 1497 0.0094
454 1310 0.3894
454 821 0.2365
454 1554 0.394
455 780 0.0654
455 1526 0.1339
455 1142 0.279
455 1416 0.1706
456 1340 0.1552
456 1285 0.2011
457 1555 0.1498
457 1503 0.0445
457 1292 0.3218
458 779 0.0891
458 1422 0.1221
458 1260 0.2493
459 1566 0.1818
459 1135 0.129
460 968 0.6484
460 1329 0.2084
460 802 0.2028
461 712 0.0759
461 954 0.1689
463 1276 0.0524
463 1474 0.2971
464 571 0.0374
465 753 0.1042
465 645 0.2862
465 1170 0.1826
465 800 0.0691
466 1308 0.187
468 1450 0.0775
468 838 0.2899
468 502 0.0208
469 730 0.3801
469 1248 0.5108
470 471 0.3215
470 1558 0.2193
470 1217 0.0523
470 1467 0.1425
471 1527 0.0877
471 1086 0.1703
471 891 0.0935
471 483 0.1833
472 560 0.292
472 639 0.2151
473 1133 0.3495
473 894 0.1405
473 980 0.0856
473 1180 0.0176
474 854 0.0804
474 1086 0.1409
476 1579 0.0451
477 672 0.1837
477 583 0.2454
477 1147 0.1731
477 631 0.3156
477 1360 0.4758
478 1553 0.2202
478 891 0.2852
478 1262 0.1278
478 485 0.0597
479 516 0.0233
480 974 0.1679
481 1348 0.0852
483 621 0.2054
483 893 0.0527
483 1340 0.2575
483 1390 0.1457
484 502 0.1293
485 1175 0.1902
486 1003 0.0774
486 1299 0.0915
486 912 0.0629
487 607 0.068
487 1257 0.3837
487 1046 0.0948
488 890 0.1745
490 600 0.2399
490 970 0.0812
492 1227 0.2047
492 1107 0.1012
493 1259 0.4629
493 884 0.0967
493 896 0.0562
494 1122 0.1336
494 1244 0.2862
495 898 0.2429
495 791 0.0705
496 1076 0.1085
496 1283 0.3581
497 1307 0.0348
497 1336 0.2679
498 1445 0.0864
498 1134 0.1079
499 656 0.0991
500 1063 0.2641
500 1482 0.0804
500 1462 0.1404
500 1146 0.0864
500 1301 0.3688
501 1004 0.038
501 1205 0.1361
501 609 0.2145
502 1066 0.1308
502 1073 0.2565
502 763 0.2984
504 572 0.2835
505 1310 0.1876
505 1326 0.0868
505 870 0.0288
506 969 0.2986
506 884 0.0419
506 515 0.0268
507 1279 0.2209
508 898 0.1477
509 1325 0.0572
509 713 0.0764
510 658 0.2535
510 736 0.0344
510 670 0.2453
510 580 0.1062
511 1456 0.1871
512 781 0.0803
512 553 0.0325
512 1055 0.2363
512 657 0.1562
512 1348 0.2094
514 540 0.387
514 833 0.0778
514 1143 0.1275
514 529 0.0917
515 1194 0.0787
515 1237 0.0337
516 1449 0.0394
517 555 0.0987
518 520 0.0636
518 698 0.1074
518 1346 0.2226
519 985 0.0372
520 1212 0.1796
520 958 0.0615
520 1090 0.0518
521 661 0.2729
522 1225 0.1525
523 1185 0.1666
523 1192 0.078
523 1532 0.2717
523 534 0.0339
523 1534 0.1557
524 1054 0.0331
524 572 0.2117
524 1240 0.201
524 563 0.1253
524 596 0.3344
524 669 0.1394
525 1166 0.1077
525 944 0.0821
526 1245 0.0131
526 683 0.0194
526 1518 0.1809
527 540 0.0648
527 1069 0.1591
527 1143 0.0979
527 1449 0.1637
528 990 0.2448
528 706 0.1385
528 863 0.1402
528 1085 0.3239
529 693 0.0776
529 1210 0.0658
529 809 0.0782
530 665 0.1709
531 624 0.065
531 1493 0.0174
531 660 0.0933
532 558 0.0591
532 1098 0.0331
532 982 0.0857
533 1312 0.0682
533 1325 0.2387
533 1204 0.0602
533 1154 0.1458
534 1089 0.0567
534 1435 0.0618
534 1292 0.1307
534 1225 0.0813
535 1193 0.242
535 1242 0.3152
536 1442 0.2103
536 985 0.1543
537 860 0.5055
537 1427 0.0739
537 1301 0.1883
538 1279 0.157
538 1157 0.1859
539 1247 0.1375
539 1179 0.2887
539 1209 0.3688
539 1258 0.3829
540 1444 0.0818
540 1205 0.3933
541 917 0.2881
541 1531 0.6137
541 1354 0.1359
542 875 0.0501
543 714 0.0156
543 618 0.2793
544 989 0.1098
546 855 0.1164
547 815 0.3493
549 693 0.1802
550 767 0.1647
550 752 0.2127
550 1048 0.1786
550 562 0.3786
550 996 0.2346
551 1366 0.1234
551 754 0.0699
551 1287 0.0314
552 816 0.1907
553 833 0.2266
553 695 0.3601
556 1193 0.2051
556 1575 0.092
557 1116 0.0934
557 1081 0.187
557 683 0.3226
557 1413 0.1292
559 959 0.1583
559 1090 0.1815
560 1138 0.062
560 946 0.0388
560 819 0.1061
561 1274 0.0893
561 1415 0.0214
563 608 0.2089
565 903 0.1137
565 678 0.2653
566 737 0.1821
567 838 0.1279
567 720 0.513
568 1567 0.0433
568 594 0.2238
570 716 0.2487
571 861 0.015
571 1339 0.3424
572 1229 0.0771
572 1425 0.0582
573 1458 0.2629
573 1018 0.0249
573 1318 0.0402
574 1282 0.2538
574 1534 0.2495
574 847 0.1741
574 984 0.3176
574 653 0.2826
574 1076 0.1568
575 973 0.0812
575 1464 0.1229
576 935 0.0639
576 1442 0.0514
577 919 0.3549
578 1084 0.1174
579 1414 0.2104
579 799 0.1203
580 596 0.2238
581 641 0.4173
582 1515 0.0646
583 990 0.2999
584 1239 0.1277
584 1240 0.0283
584 1110 0.087
586 1443 0.0276
586 930 0.4427
587 1091 0.0761
588 1383 0.1624
588 1479 0.0591
589 853 0.1387
590 1226 0.159
590 1497 0.2928
590 654 0.258
591 661 0.2563
591 1317 0.4241
591 918 0.2489
591 839 0.0877
591 1473 0.0754
592 1567 0.1196
592 740 0.0639
592 1400 0.3608
592 853 0.1845
593 1284 0.3485
593 1014 0.0496
594 742 0.3141
594 1219 0.4085
595 940 0.0337
595 1039 0.2885
595 1407 0.0974
595 720 0.1179
595 697 0.0394
597 677 0.4214
598 1264 0.0353
599 1083 0.2673
600 1265 0.0215
600 842 0.2019
601 1046 0.1013
601 899 0.1907
601 827 0.0535
603 607 0.1073
605 676 0.3508
605 1363 0.1409
605 1535 0.3173
606 1345 0.0541
607 647 0.0478
607 1085 0.2681
608 710 0.1263
608 752 0.2705
608 1353 0.0886
608 648 0.1924
609 764 0.0475
610 706 0.0313
610 1596 0.0619
610 1390 0.2092
611 1146 0.0264
611 889 0.0371
611 890 0.0553
611 1325 0.2163
612 1045 0.2284
613 950 0.3887
613 880 0.3467
614 1121 0.2036
614 647 0.0266
614 1237 0.0197
616 793 0.3653
617 1113 0.0522
618 1279 0.0926
619 1304 0.093
619 1251 0.1311
620 1408 0.3448
620 1397 0.5075
621 1082 0.1441
621 1494 0.0449
623 1585 0.1439
624 1324 0.1422
625 1163 0.1291
626 742 0.0426
626 1473 0.0827
627 1472 0.1066
627 963 0.394
627 967 0.0953
628 1583 0.1562
628 1439 0.163
629 977 0.3607
629 1064 0.6938
630 1438 0.179
631 646 0.0914
631 700 0.1554
632 810 0.1848
632 1084 0.066
632 1056 0.5265
633 1340 0.0689
634 752 0.1841
634 1279 0.1568
634 930 0.3461
636 1426 0.0446
637 795 0.1143
637 1525 0.1726
638 1567 0.2468
638 999 0.2648
638 721 0.0219
639 1236 0.0344
640 1534 0.4396
640 1353 0.0499
640 1322 0.0364
641 1248 0.0276
641 666 0.0545
641 1232 0.2964
643 1515 0.1497
644 1157 0.1136
644 1132 0.0525
645 860 0.1822
645 671 0.3444
645 1024 0.4499
645 1560 0.1869
646 1313 0.0776
646 826 0.2233
646 1521 0.1998
647 1064 0.1384
647 1441 0.3539
648 1237 0.1047
648 1169 0.3005
648 1075 0.199
649 1407 0.1826
650 833 0.4637
650 1564 0.2041
650 1181 0.1629
651 814 0.2022
651 1227 0.1384
652 1009 0.3308
652 991 0.1122
653 837 0.2695
653 1584 0.0822
654 1196 0.1778
654 1031 0.0264
655 903 0.0799
655 1413 0.0152
656 1205 0.205
656 1257 0.0923
657 1536 0.3501
657 1107 0.1207
658 1108 0.3669
658 721 0.0718
659 999 0.1849
659 1107 0.1442
659 1033 0.1279
659 736 0.1539
660 1079 0.2185
660 1598 0.2127
661 1004 0.4264
661 1161 0.5439
661 826 0.3006
662 741 0.0886
662 1457 0.1385
664 1215 0.1857
664 1051 0.2691
665 1186 0.613
665 1473 0.1341
665 1533 0.1251
666 694 0.2522
666 671 0.5283
667 1492 0.096
668 1012 0.286
668 1100 0.0216
668 1439 0.0331
669 988 0.0878
670 1008 0.0689
671 746 0.0939
671 1265 0.0513
672 820 0.2581
672 1293 0.0677
672 1512 0.3754
672 1485 0.0774
673 750 0.0466
675 1518 0.039
677 1151 0.0981
678 1173 0.1058
679 776 0.0047
680 1435 0.3967
680 862 0.0689
681 1228 0.1075
681 925 0.3294
682 737 0.1621
682 1393 0.2654
682 1099 0.1405
685 1072 0.1646
685 1275 0.2276
685 1220 0.1692
686 1222 0.0729
686 1094 0.1524
686 1247 0.0857
688 777 0.0619
688 1232 0.014
688 1579 0.1677
688 1308 0.0894
691 1375 0.1712
691 1455 0.129
691 1385 0.1032
691 1464 0.1772
692 1351 0.3146
692 1144 0.2142
693 1367 0.2104
693 1032 0.2305
694 1280 0.2687
694 1398 0.2668
694 766 0.0496
695 1361 0.2733
695 1203 0.2526
697 1321 0.1557
697 769 0.213
699 1025 0.0837
700 792 0.2754
700 1460 0.338
701 1278 0.0547
702 1435 0.0066
702 765 0.0265
702 1127 0.0788
703 1451 0.1463
703 1229 0.0904
703 803 0.2074
704 1387 0.134
704 1094 0.0862
704 1335 0.187
704 1001 0.0405
705 793 0.5691
706 989 0.1669
707 1494 0.1675
709 1084 0.4549
709 1530 0.0702
709 1159 0.0801
711 1291 0.7841
712 1273 0.206
712 1287 0.5251
712 1400 0.1197
715 1041 0.1736
715 1552 0.1057
715 1389 0.0834
715 1310 0.1193
717 1179 0.1496
718 728 0.1644
718 841 0.0814
718 1344 0.1243
720 1003 0.1592
721 1092 0.0371
721 1347 0.1287
721 752 0.1047
723 975 0.1667
724 805 0.2016
725 1003 0.2264
726 1060 0.2698
727 1493 0.3366
727 1079 0.1565
728 1530 0.1626
728 1141 0.0987
728 923 0.2953
729 1277 0.1465
729 772 0.3586
730 1268 0.4412
730 1190 0.1905
731 1428 0.2972
732 1563 0.0621
732 1077 0.2763
733 1041 0.0448
734 1399 0.1065
735 1214 0.1526
736 1050 0.0151
737 1235 0.07
739 1073 0.0908
739 1170 0.1575
739 1388 0.136
741 1355 0.3872
741 752 0.0894
741 1076 0.2198
742 1074 0.0313
742 817 0.149
744 1175 0.099
744 785 0.189
744 970 0.4572
745 761 0.2138
746 1259 0.0672
746 1146 0.2824
746 1242 0.0674
746 1311 0.0875
747 1184 0.3016
747 990 0.2467
749 1049 0.1701
749 1168 0.1994
749 1408 0.0126
749 842 0.0977
750 903 0.1926
750 1383 0.064
751 793 0.0358
751 897 0.6432
751 1465 0.0689
752 1152 0.0425
752 932 0.1365
753 1248 0.1943
753 1383 0.0064
753 1594 0.1229
754 1009 0.2019
755 1132 0.1932
755 1357 0.2727
758 958 0.2745
758 1000 0.0467
760 812 0.2529
761 1339 0.2448
762 1498 0.3511
763 858 0.5186
763 1023 0.1038
764 1081 0.3166
765 1122 0.2481
765 1430 0.4052
767 852 0.0262
768 1429 0.2565
768 1488 0.17
768 808 0.1114
769 1316 0.1661
771 1248 0.2254
773 1018 0.1897
773 1288 0.0992
773 1353 0.2644
775 1555 0.4753
775 1263 0.1417
778 1334 0.2288
778 895 0.3159
780 1129 0.0671
781 1272 0.162
782 1175 0.0818
782 1189 0.1337
784 1040 0.4039
784 1567 0.2011
785 990 0.2361
786 986 0.41
786 1592 0.0413
786 1442 0.1342
787 1500 0.2184
788 1003 0.1959
790 1091 0.1376
790 961 0.1459
791 909 0.3806
791 946 0.0646
793 1012 0.0607
793 919 0.0141
793 1135 0.1594
794 1036 0.8004
794 1154 0.1335
794 1283 0.0864
794 954 0.256
795 827 0.0432
795 1294 0.2791
795 1327 0.1198
796 1408 0.0255
797 895 0.5728
799 826 0.2118
799 1355 0.1459
801 1100 0.2609
801 1479 0.1362
801 1564 0.3468
802 905 0.1141
802 808 0.065
802 1154 0.216
803 1016 0.1293
803 980 0.0609
803 1029 0.4625
804 870 0.223
804 856 0.2287
805 1320 0.3873
806 1234 0.1231
806 1597 0.3227
807 1067 0.0931
807 952 0.2338
808 1268 0.4747
809 1184 0.2075
810 1576 0.1614
811 980 0.1473
812 1587 0.0365
814 1510 0.2053
814 1089 0.1033
815 1180 0.0935
815 1011 0.1549
816 1090 0.0155
816 893 0.1575
817 1257 0.4348
817 1346 0.064
819 996 0.1965
819 925 0.0761
820 1036 0.085
821 1371 0.1609
822 1125 0.1277
823 1495 0.2554
823 1506 0.1172
824 1322 0.1016
824 1238 0.087
824 879 0.0267
824 1021 0.2949
825 1337 0.0184
825 1046 0.2389
826 1519 0.1945
826 994 0.2806
830 1034 0.4936
831 1226 0.2615
831 1175 0.176
833 1547 0.1462
834 1297 0.2742
834 1383 0.5015
836 1178 0.1901
836 1005 0.2308
836 1210 0.1438
837 1062 0.021
838 1584 0.1732
838 1285 0.1974
838 1132 0.0998
840 1270 0.2751
840 1007 0.2264
841 952 0.4012
842 897 0.2028
842 1172 0.0874
844 1011 0.2381
844 1375 0.1089
846 1229 0.0651
847 867 0.0575
848 1065 0.1228
848 1124 0.4382
849 1341 0.0487
849 1027 0.0403
850 956 0.2005
851 888 0.0832
851 1037 0.2399
852 1334 0.2497
853 894 0.0934
854 1043 0.3646
855 1088 0.2028
855 1364 0.0034
855 1515 0.1004
856 1466 0.0539
856 1337 0.1859
857 1056 0.1997
857 1370 0.2028
857 967 0.2837
860 1100 0.1634
860 1509 0.0466
862 908 0.2028
862 1242 0.1704
862 1078 0.0457
863 877 0.2033
863 923 0.5436
864 900 0.2953
865 980 0.1742
865 1187 0.1141
867 1493 0.0669
868 1075 0.2509
868 982 0.2442
868 1558 0.088
870 1318 0.0886
870 1585 0.2342
873 1520 0.0445
873 1283 0.0835
874 1547 0.0706
874 1267 0.1023
874 1075 0.0963
876 1050 0.1351
877 1419 0.1204
878 1579 0.0505
880 1523 0.1646
880 1052 0.06
882 924 0.1859
882 1431 0.3606
882 1234 0.0164
883 930 0.3114
885 1499 0.4985
886 1174 0.1229
886 1158 0.2326
886 1078 0.3479
887 1386 0.0835
888 994 0.0239
888 1036 0.3383
889 1400 0.2894
890 1369 0.1616
891 1469 0.4948
892 1529 0.0697
893 1240 0.3111
893 1535 0.2676
895 1440 0.123
895 980 0.0823
896 1510 0.4809
896 1261 0.1086
897 1307 0.1244
897 1498 0.332
898 1217 0.2743
898 1467 0.2325
900 1078 0.4131
900 1033 0.3027
900 1025 0.3314
901 1372 0.0466
901 1420 0.186
902 1037 0.0612
903 1092 0.1047
904 1295 0.3319
904 1372 0.3338
906 1406 0.231
908 1311 0.0314
908 1139 0.0752
909 1364 0.2431
910 1084 0.2627
910 1364 0.0952
911 1392 0.2686
911 1438 0.0635
912 918 0.0651
913 1485 0.0263
913 964 0.2468
914 1199 0.1991
917 1180 0.0162
919 1333 0.1794
920 1176 0.1263
920 1521 0.3904
921 1546 0.0817
922 929 0.0428
923 939 0.1372
923 1211 0.4943
925 1588 0.0922
925 1242 0.1209
925 1151 0.0664
926 945 0.3263
929 1112 0.1491
930 1090 0.0503
931 1300 0.4936
932 1286 0.1216
932 1360 0.1367
933 1091 0.1362
933 998 0.1149
934 1477 0.1036
935 1098 0.1839
935 1431 0.2708
936 1175 0.1259
938 1372 0.391
939 1106 0.2893
940 992 0.0762
940 1420 0.1148
941 1448 0.1848
942 1332 0.4866
943 1035 0.321
943 1152 0.148
943 1590 0.2475
944 1409 0.1072
944 1151 0.0683
944 1081 0.0426
945 1271 0.0304
946 1475 0.0286
949 1264 0.2705
950 966 0.04
951 1165 0.1046
952 1084 0.3059
954 1139 0.1715
954 1478 0.2626
956 1114 0.2107
958 1594 0.1615
958 1264 0.415
959 1549 0.3281
959 1355 0.3595
959 1086 0.1669
960 1464 0.2567
960 1293 0.1276
960 1553 0.0241
961 1519 0.0877
961 1537 0.0677
961 1028 0.124
964 1097 0.3363
965 1327 0.2436
965 1315 0.1852
965 1584 0.0507
965 1468 0.2211
965 1512 0.0111
965 1212 0.0582
966 1078 0.2657
966 1023 0.1128
966 1366 0.6772
967 1528 0.306
967 1557 0.0821
967 1593 0.0769
967 1571 0.1863
967 1235 0.1426
969 1011 0.4466
971 1035 0.035
971 1264 0.3336
971 1408 0.3809
972 1465 0.1867
973 1119 0.1375
974 1160 0.0973
975 1054 0.1312
975 1013 0.0275
976 1236 0.0424
977 1518 0.0826
979 1428 0.0396
979 1517 0.2371
979 1091 0.1831
980 1123 0.2454
981 1383 0.0889
981 1555 0.4674
982 1078 0.2142
983 1493 0.2185
984 1118 0.3749
985 1067 0.0986
986 1595 0.0711
987 1011 0.1403
988 1334 0.0709
988 1438 0.1399
991 1230 0.1756
991 1039 0.1505
991 1092 0.2957
991 1583 0.1732
991 1126 0.1154
992 1422 0.1614
995 1526 0.1466
996 1465 0.6264
996 1475 0.2395
997 1167 0.0114
998 1455 0.1609
999 1371 0.1321
1000 1156 0.186
1001 1148 0.0915
1001 1427 0.1895
1001 1424 0.3191
1001 1027 0.2223
1002 1501 0.2653
1002 1468 0.061
1003 1390 0.3279
1004 1193 0.2177
1006 1507 0.0728
1008 1260 0.1254
1009 1375 0.0782
1010 1087 0.1074
1010 1550 0.3329
1010 1414 0.1204
1013 1212 0.2219
1013 1239 0.0901
1014 1353 0.3162
1014 1230 0.1163
1014 1403 0.2141
1015 1107 0.1091
1015 1504 0.0203
1016 1324 0.2316
1018 1441 0.0336
1019 1308 0.1471
1019 1209 0.0377
1020 1063 0.0496
1021 1187 0.1287
1022 1315 0.2345
1024 1247 0.4567
1026 1352 0.044
1027 1375 0.2222
1028 1157 0.1824
1030 1389 0.1901
1030 1484 0.151
1030 1196 0.1108
1031 1339 0.0579
1032 1357 0.0911
1032 1598 0.0657
1032 1034 0.0486
1033 1282 0.0737
1034 1508 0.0105
1038 1152 0.0693
1039 1043 0.3527
1039 1230 0.2307
1041 1547 0.0835
1041 1061 0.0854
1042 1045 0.3698
1042 1228 0.252
1044 1549 0.0288
1044 1574 0.0497
1047 1151 0.0246
1051 1594 0.0487
1051 1538 0.1287
1052 1276 0.0916
1053 1132 0.1589
1053 1557 0.4142
1057 1064 0.1473
1058 1177 0.2059
1059 1560 0.0629
1059 1243 0.1942
1060 1064 0.0627
1060 1090 0.0937
1061 1406 0.4508
1062 1094 0.1652
1065 1099 0.3178
1068 1290 0.2167
1068 1198 0.3026
1068 1174 0.208
1071 1311 0.2516
1071 1273 0.0468
1072 1493 0.0679
1073 1545 0.0942
1074 1222 0.109
1078 1395 0.0925
1078 1577 0.1982
1078 1160 0.2476
1079 1383 0.0332
1079 1086 0.1404
1080 1111 0.3066
1081 1446 0.0048
1081 1436 0.0405
1082 1507 0.0851
1084 1283 0.1303
1084 1325 0.0388
1084 1202 0.2463
1084 1249 0.3706
1089 1535 0.1087
1090 1471 0.1704
1091 1228 0.1128
1091 1240 0.1567
1092 1361 0.5086
1093 1507 0.1198
1095 1423 0.0637
1096 1450 0.0907
1098 1548 0.2617
1099 1236 0.2494
1100 1231 0.1607
1102 1460 0.2707
1102 1492 0.3839
1103 1503 0.1304
1103 1262 0.1612
1107 1299 0.2898
1107 1521 0.2221
1108 1468 0.0533
1108 1504 0.071
1108 1575 0.1964
1110 1580 0.2051
1111 1295 0.5095
1113 1153 0.1831
1114 1383 0.2134
1114 1188 0.1469
1114 1257 0.1412
1114 1193 0.0721
1116 1225 0.2419
1117 1224 0.095
1117 1529 0.2683
1118 1231 0.4476
1119 1301 0.404
1120 1271 0.1477
1124 1417 0.1872
1124 1349 0.205
1125 1570 0.124
1125 1271 0.2008
1128 1456 0.2074
1128 1385 0.208
1131 1482 0.2922
1132 1496 0.1876
1137 1535 0.2282
1137 1274 0.085
1138 1400 0.2005
1139 1586 0.2906
1140 1444 0.2234
1141 1404 0.1187
1141 1195 0.0694
1142 1167 0.0309
1143 1299 0.0641
1143 1223 0.1635
1143 1235 0.1673
1146 1587 0.0651
1147 1449 0.1191
1148 1157 0.0387
1148 1372 0.1072
1149 1419 0.3702
1149 1392 0.2417
1150 1192 0.0885
1150 1434 0.3777
1151 1272 0.1483
1154 1412 0.2957
1155 1353 0.2811
1156 1502 0.1562
1157 1225 0.1114
1157 1344 0.1049
1159 1232 0.2811
1161 1191 0.1588
1164 1350 0.0182
1164 1420 0.0977
1166 1378 0.2167
1166 1351 0.5046
1167 1438 0.1643
1170 1330 0.092
1171 1405 0.1162
1171 1310 0.0549
1172 1443 0.1676
1172 1350 0.2008
1172 1378 0.0727
1172 1309 0.1042
1173 1238 0.0558
1174 1486 0.07
1175 1178 0.1879
1175 1597 0.0537
1179 1273 0.459
1180 1254 0.2681
1181 1494 0.3095
1182 1557 0.4
1184 1522 0.1131
1184 1351 0.7467
1188 1490 0.4632
1190 1499 0.118
1191 1394 0.0458
1191 1377 0.0749
1192 1260 0.7081
1194 1581 0.0223
1196 1347 0.0745
1197 1498 0.1392
1198 1202 0.1739
1202 1400 0.4279
1202 1459 0.1482
1203 1459 0.113
1205 1548 0.1745
1206 1218 0.2729
1210 1355 0.1463
1214 1543 0.4933
1215 1400 0.1707
1218 1597 0.2486
1219 1386 0.1356
1220 1505 0.5415
1222 1579 0.2061
1222 1544 0.0839
1222 1571 0.0488
1224 1383 0.6016
1225 1427 0.1035
1226 1329 0.3791
1231 1480 0.1968
1232 1509 0.2529
1238 1536 0.2734
1238 1481 0.284
1238 1440 0.071
1238 1546 0.1555
1241 1244 0.1572
1242 1275 0.2719
1245 1375 0.3826
1248 1293 0.0931
1252 1497 0.134
1255 1264 0.0272
1255 1552 0.1488
1258 1311 0.1347
1263 1477 0.163
1265 1352 0.0794
1267 1427 0.1359
1268 1447 0.0659
1271 1382 0.0239
1272 1421 0.1359
1273 1527 0.0786
1274 1383 0.1451
1274 1362 0.1838
1276 1313 0.4358
1279 1524 0.1081
1282 1587 0.0047
1283 1531 0.4392
1285 1368 0.055
1288 1332 0.0451
1288 1358 0.1644
1289 1590 0.3359
1291 1431 0.1575
1292 1310 0.1374
1293 1345 0.1551
1295 1300 0.2209
1295 1388 0.1618
1295 1454 0.4467
1295 1373 0.0129
1297 1325 0.0592
1298 1443 0.4101
1299 1361 0.2165
1299 1583 0.1566
1300 1408 0.0452
1300 1432 0.1176
1302 1507 0.0769
1306 1361 0.3591
1308 1528 0.1278
1309 1468 0.149
1315 1390 0.2651
1316 1483 0.3785
1316 1426 0.1383
1318 1414 0.1418
1319 1534 0.0258
1320 1482 0.0563
1321 1588 0.1369
1324 1424 0.2565
1327 1382 0.1153
1333 1469 0.2433
1335 1587 0.1102
1337 1404 0.9113
1339 1469 0.2934
1340 1404 0.3771
1342 1599 0.1314
1343 1529 0.1958
1346 1453 0.1215
1348 1430 0.2248
1349 1500 0.157
1350 1380 0.1448
1351 1529 0.0564
1352 1519 0.2154
1353 1484 0.4434
1353 1379 0.1203
1353 1496 0.1362
1353 1566 0.0469
1354 1524 0.1684
1355 1580 0.3373
1360 1565 0.1344
1363 1570 0.1319
1363 1481 0.2241
1363 1508 0.199
1364 1503 0.2435
1365 1517 0.1034
1368 1372 0.1976
1372 1399 0.0546
1373 1522 0.1574
1377 1400 0.0352
1380 1470 0.4865
1382 1505 0.3079
1383 1553 0.0605
1385 1540 0.2601
1386 1500 0.26
1390 1455 0.048
1399 1428 0.1994
1402 1566 0.3682
1406 1433 0.1273
1407 1514 0.437
1411 1559 0.2866
1412 1568 0.7686
1413 1497 0.2608
1413 1556 0.1292
1415 1543 0.1317
1417 1587 0.0854
1417 1448 0.092
1420 1456 0.2675
1425 1528 0.0701
1433 1561 0.0833
1438 1506 0.5224
1440 1585 0.5027
1440 1470 0.2504
1441 1500 0.2576
1441 1512 0.3578
1446 1498 0.2617
1449 1544 0.1844
1456 1590 0.0804
1460 1476 0.1877
1463 1566 0.2408
1464 1590 0.3158
1471 1529 0.0602
1471 1501 0.1143
1477 1508 0.0723
1478 1512 0.1072
1480 1547 0.2964
1482 1504 0.0291
1489 1503 0.0851
1496 1505 0.0541
1496 1517 0.2204
1499 1522 0.1862
1507 1577 0.0354
1507 1586 0.0358
1512 1532 0.0814
1534 1541 0.4824
1542 1556 0.1371
1555 1590 0.0554
1556 1589 0.1585
1557 1574 0.1743
1583 1589 0.0645
