1600 2400 num_nodes_f_dist 1600
0 713 0.0431
0 585 0.4375
0 893 0.2037
1 765 0.2384
1 782 0.3515
2 67 0.0898
2 998 0.1679
2 1103 0.4181
2 98 0.0881
2 1589 0.2152
3 270 0.1834
3 1220 0.0043
3 396 0.2131
3 612 0.1585
3 1213 0.1294
4 1365 0.3234
4 1096 0.3479
4 1531 0.0427
4 1174 0.0219
4 246 0.1205
5 74 0.1746
5 301 0.3698
6 1200 0.2027
6 1422 0.2664
6 805 0.0954
6 1014 0.1288
6 810 0.4122
6 784 0.3109
7 1012 0.2821
7 532 0.1883
10 428 0.1794
10 1568 0.3524
10 1458 0.1235
11 240 0.2268
11 1155 0.1134
12 946 0.0875
12 1435 0.2437
12 104 0.1918
13 119 0.1337
13 997 0.53
13 643 0.1007
14 372 0.0408
14 249 0.2703
15 1066 0.2571
15 59 0.3474
16 114 0.2378
16 970 0.1358
16 276 0.0232
18 927 0.1449
18 1404 0.099
18 1023 0.1153
18 99 0.357
18 956 0.1123
18 819 0.079
19 933 0.0468
19 359 0.0797
19 1399 0.3347
19 1132 0.3634
20 275 0.2071
20 212 0.2746
20 419 0.0736
20 1381 0.128
20 703 0.2746
20 859 0.3977
21 1571 0.161
22 685 0.2736
22 1509 0.11
22 71 0.1067
23 971 0.0968
23 1382 0.2934
23 1358 0.0867
23 1113 0.2818
24 966 0.4682
24 305 0.2973
25 1548 0.0762
25 733 0.3633
25 1498 0.1418
25 332 0.1377
25 351 0.1282
25 990 0.1894
26 1497 0.0733
27 803 0.2489
27 536 0.11
28 618 0.0581
28 300 0.2353
28 1508 0.3262
29 879 0.4116
29 628 0.3078
29 378 0.2828
29 1258 0.0852
29 949 0.0347
29 1069 0.1307
29 928 0.0507
30 1548 0.1561
30 453 0.1734
30 417 0.416
31 1579 0.0456
31 757 0.1119
32 606 0.0477
32 1400 0.2863
33 1557 0.2081
33 43 0.0745
33 901 0.2117
33 300 0.2189
34 473 0.2382
34 297 0.2705
34 933 0.185
34 404 0.1532
34 817 0.2683
35 1279 0.1004
35 1116 0.2269
35 1537 0.1789
36 1023 0.1507
36 167 0.2112
37 1124 0.2952
37 1327 0.2846
38 1460 0.2778
38 1342 0.1293
39 1117 0.0884
39 1539 0.2163
40 653 0.0851
41 1215 0.0775
41 418 0.2474
41 1436 0.0121
42 1250 0.0824
42 1236 0.4275
42 1548 0.2489
42 255 0.4026
43 1142 0.3008
43 1448 0.0695
44 739 0.2184
44 1379 0.0432
44 1414 0.3035
44 1306 0.3212
44 520 0.1332
44 524 0.096
45 649 0.1575
45 166 0.1568
46 1535 0.1958
46 1040 0.0621
46 53 0.4919
48 976 0.039
48 441 0.1054
48 689 0.3859
49 60 0.0689
49 352 0.1714
50 1281 0.1913
50 1575 0.1933
50 949 0.0855
51 1463 0.3912
52 682 0.168
52 1435 0.1666
53 81 0.1261
53 560 0.0184
53 232 0.3721
53 1207 0.0523
53 1479 0.1974
53 1583 0.1603
54 950 0.5435
54 963 0.2058
54 1397 0.1804
55 1388 0.1914
55 159 0.1897
55 1157 0.0214
55 1187 0.0183
56 400 0.4943
56 249 0.3417
56 1269 0.0746
56 176 0.2055
57 905 0.2232
57 1141 0.1155
57 361 0.1262
57 1431 0.1358
58 1373 0.2054
58 522 0.0745
58 402 0.3184
59 953 0.1332
60 1110 0.0562
60 644 0.1446
61 909 0.3293
62 305 0.1628
62 1109 0.2204
63 1267 0.0558
63 406 0.2226
63 700 0.0884
63 878 0.0864
63 227 0.1347
63 108 0.1203
65 831 0.1993
65 987 0.2389
65 1313 0.0946
66 1430 0.4441
66 617 0.0805
66 932 0.3635
67 1307 0.0909
67 75 0.3358
67 481 0.2508
67 1491 0.0441
67 1023 0.4401
67 792 0.0755
67 401 0.1867
68 411 0.1505
68 92 0.3518
68 877 0.1252
69 584 0.1382
70 1555 0.1591
70 887 0.2408
70 676 0.2111
71 544 0.1492
71 227 0.0518
72 671 0.177
72 774 0.1359
73 850 0.0129
73 1126 0.4199
73 1367 0.4514
73 1202 0.0922
73 838 0.2009
73 116 0.2208
74 1059 0.0259
74 1408 0.4
75 886 0.0886
75 503 0.315
75 774 0.1091
75 964 0.1495
75 348 0.1136
76 1541 0.3229
77 398 0.3124
77 192 0.0825
77 1542 0.0244
77 661 0.076
77 354 0.2315
78 488 0.1047
78 1131 0.2499
78 635 0.2274
78 448 0.1205
79 947 0.2203
79 1522 0.1241
79 1079 0.1967
79 1358 0.311
79 1314 0.1581
79 1253 0.264
80 400 0.1948
80 368 0.7069
80 876 0.0874
80 1222 0.1323
80 1069 0.3259
80 140 0.0051
81 279 0.0618
81 853 0.237
82 1566 0.1461
82 1204 0.2232
83 997 0.1521
83 569 0.0948
84 1162 0.2521
85 965 0.1024
85 1594 0.3233
85 1079 0.0351
85 695 0.099
85 1169 0.2996
86 929 0.3827
86 416 0.0478
86 1405 0.0548
87 136 0.2124
88 1420 0.4773
88 465 0.2492
88 1464 0.0145
89 436 0.1449
89 1322 0.0721
89 294 0.0916
89 883 0.1669
89 149 0.2222
90 412 0.1735
90 258 0.3098
90 143 0.1291
91 194 0.1374
92 891 0.5304
93 401 0.1977
93 459 0.073
93 550 0.335
94 393 0.0585
94 885 0.2003
94 798 0.1779
95 1449 0.0363
95 229 0.094
95 1551 0.2101
96 1490 0.2363
96 1313 0.0579
97 138 0.068
98 123 0.1453
98 1440 0.0919
99 165 0.1245
99 140 0.1351
99 904 0.0921
99 579 0.1986
99 1250 0.0951
100 252 0.1396
100 1576 0.0586
102 366 0.0318
102 161 0.2106
103 1319 0.1712
103 266 0.3631
103 885 0.1103
103 354 0.0331
103 1063 0.3211
104 769 0.0871
105 1311 0.1844
105 1564 0.2776
106 1329 0.2016
106 1158 0.108
106 1538 0.1217
107 425 0.0425
107 1428 0.277
107 1076 0.5878
108 447 0.3241
108 327 0.1418
108 1511 0.1313
109 308 0.4485
109 1313 0.1145
109 1360 0.1212
110 273 0.027
110 965 0.1051
112 339 0.0773
113 1507 0.0769
113 475 0.4649
113 1414 0.3501
113 1273 0.0486
114 298 0.2851
114 283 0.0801
114 1025 0.3677
114 546 0.0488
115 1089 0.2435
116 524 0.0553
116 871 0.0837
117 573 0.0363
117 1291 0.0023
118 591 0.2509
118 614 0.1079
119 1434 0.2749
119 1397 0.1457
120 861 0.1788
120 1408 0.1487
122 1519 0.0293
122 1262 0.0845
124 927 0.1334
124 579 0.0629
125 1008 0.0457
125 1372 0.0886
125 156 0.0387
126 1488 0.0405
126 1100 0.3121
126 1111 0.3296
127 1265 0.2134
127 602 0.0771
127 1177 0.0633
128 1359 0.1767
128 1343 0.0276
128 135 0.1058
128 1180 0.2062
128 302 0.1692
129 1586 0.1377
129 539 0.0417
129 198 0.1389
129 1063 0.2788
129 718 0.4542
129 899 0.1758
130 1110 0.5508
130 1405 0.057
130 1106 0.0472
131 1445 0.2561
131 599 0.5565
131 162 0.0239
132 400 0.1814
132 1559 0.3488
132 1407 0.1268
132 1313 0.0523
132 1581 0.7716
133 679 0.2993
133 1299 0.2355
133 801 0.1293
135 634 0.0549
135 621 0.0284
135 627 0.4341
135 1426 0.112
136 1499 0.2959
136 1164 0.2374
136 715 0.0503
137 1274 0.1532
137 1190 0.1776
137 527 0.1833
138 1470 0.1745
138 1352 0.1333
140 829 0.1307
140 545 0.0754
140 793 0.0725
140 1449 0.1054
141 617 0.3139
141 1005 0.1558
141 1582 0.3914
142 1476 0.262
142 1314 0.1321
144 1376 0.2636
144 919 0.2569
144 441 0.2108
145 325 0.3482
145 485 0.0764
145 1083 0.1158
145 1052 0.0876
145 1172 0.3453
145 1488 0.145
146 852 0.2159
146 267 0.17
146 1528 0.0722
147 284 0.0883
147 1252 0.1655
147 1526 0.0365
147 861 0.097
147 480 0.3625
147 1520 0.3605
147 608 0.3296
148 1400 0.1
148 1456 0.1935
149 1063 0.157
149 619 0.2013
149 390 0.3354
150 298 0.3191
150 499 0.1885
150 925 0.292
150 1562 0.1179
151 157 0.0978
151 264 0.2313
152 1068 0.0422
152 1592 0.0917
152 797 0.1116
152 1199 0.0421
153 249 0.1008
153 1380 0.0679
154 1225 0.0673
154 559 0.0555
154 982 0.0942
155 954 0.1336
155 223 0.1353
156 1560 0.361
157 1295 0.1089
157 864 0.2085
157 255 0.1516
158 747 0.1431
158 1397 0.158
158 690 0.2013
159 342 0.4353
159 1555 0.1644
159 1146 0.8777
160 363 0.0877
160 1344 0.4815
160 1058 0.0681
160 395 0.0653
161 1416 0.3036
161 1222 0.5123
161 266 0.0858
162 1310 0.2193
162 1225 0.0676
162 341 0.0635
162 1039 0.0935
163 998 0.2103
163 842 0.1574
163 1574 0.1701
165 1495 0.5042
165 506 0.2668
166 603 0.1253
166 901 0.0494
166 818 0.1867
166 747 0.1413
166 1149 0.4805
167 965 0.0769
167 1399 0.1384
168 1565 0.117
168 844 0.1478
168 277 0.2304
169 569 0.0121
169 264 0.0735
170 1362 0.1889
170 1192 0.2069
170 1474 0.2653
171 237 0.2778
171 503 0.189
171 264 0.3844
171 194 0.1767
172 642 0.0371
172 877 0.0574
172 574 0.108
172 251 0.0787
172 1356 0.5908
172 955 0.0475
174 547 0.0932
174 1173 0.1434
174 1063 0.0401
174 1303 0.0424
174 1259 0.2821
175 878 0.2057
175 1038 0.2233
176 238 0.1318
177 221 0.1176
177 607 0.1567
178 1584 0.2069
178 452 0.0786
179 989 0.047
179 197 0.3425
180 1372 0.0959
180 239 0.2992
180 937 0.2102
180 701 0.1027
180 1468 0.1734
180 761 0.1516
181 1178 0.0936
181 1279 0.3924
181 1164 0.2797
182 368 0.0894
182 756 0.1581
182 618 0.3112
182 215 0.1278
182 525 0.0936
183 1473 0.1497
183 619 0.1947
183 1372 0.1275
183 1485 0.0236
183 1037 0.1829
184 1141 0.0601
184 1132 0.0578
186 426 0.0884
186 1246 0.2548
186 255 0.0342
186 407 0.33
186 1208 0.3675
187 884 0.0409
188 1116 0.137
188 1005 0.2344
188 247 0.3071
188 501 0.0279
188 1562 0.0537
190 228 0.0112
190 1211 0.2324
190 591 0.1613
191 1038 0.0336
191 1479 0.3478
192 1467 0.4209
192 763 0.6502
192 964 0.5208
193 1509 0.1041
193 1451 0.1336
193 642 0.0594
194 604 0.1304
194 1331 0.085
194 219 0.0456
195 1488 0.4119
196 555 0.0823
196 210 0.0757
196 638 0.1906
196 847 0.055
196 1198 0.1001
197 233 0.2442
198 1173 0.0564
199 1500 0.274
199 448 0.2159
200 821 0.1934
201 765 0.1442
201 1051 0.1192
201 1238 0.2552
201 1016 0.1915
202 1543 0.1322
202 973 0.1036
203 627 0.2838
203 825 0.1589
204 392 0.0482
204 435 0.0097
204 533 0.4569
204 1209 0.1975
204 964 0.0929
204 464 0.0511
204 1029 0.0494
205 1093 0.1614
206 976 0.2747
206 401 0.0806
206 912 0.1424
207 899 0.1343
208 1113 0.0506
208 474 0.0209
208 1262 0.0687
209 1217 0.087
209 1333 0.0066
209 1518 0.0602
210 748 0.0453
210 921 0.2543
210 778 0.2693
210 1574 0.0494
211 1280 0.329
212 259 0.5744
212 1396 0.2551
213 945 0.0929
213 1288 0.035
213 224 0.1596
213 1226 0.1915
213 1186 0.2205
214 1557 0.3363
214 1521 0.3736
214 1026 0.1292
215 610 0.0532
215 1366 0.1645
215 1596 0.0811
216 1317 0.0693
216 396 0.036
217 388 0.1682
217 1099 0.1918
217 1236 0.1095
218 847 0.0893
218 548 0.464
218 1271 0.1309
218 540 0.0547
218 399 0.272
218 425 0.2162
219 720 0.2085
220 1407 0.1419
220 1086 0.2243
220 1263 0.0999
220 1334 0.1344
221 1207 0.0803
221 667 0.0114
221 1137 0.2357
221 1209 0.3121
221 980 0.058
222 1207 0.1373
222 392 0.243
223 663 0.0909
223 603 0.1037
224 792 0.1049
224 618 0.2492
224 1423 0.4117
225 568 0.0476
225 606 0.1196
225 1581 0.0883
226 649 0.0624
226 688 0.1112
226 283 0.2642
227 1459 0.0817
227 580 0.1126
227 1425 0.1226
227 896 0.1461
227 1193 0.1994
228 1454 0.1295
228 400 0.1124
230 300 0.2038
230 1423 0.2549
230 1154 0.3121
230 1219 0.0677
231 321 0.3151
231 909 0.2711
232 876 0.2361
232 1146 0.0972
233 719 0.0584
233 1180 0.4235
234 786 0.041
234 531 0.0752
234 1435 0.2584
234 1016 0.0888
234 898 0.044
235 1410 0.123
235 503 0.112
235 895 0.1194
235 959 0.2158
236 1135 0.0997
236 605 0.0452
236 799 0.2425
236 311 0.2623
237 857 0.182
237 970 0.1796
238 298 0.4965
239 981 0.1642
240 845 0.2102
240 518 0.191
241 319 0.012
241 777 0.0855
241 1122 0.0932
241 442 0.1135
242 1522 0.0417
242 1520 0.5829
242 879 0.2383
242 586 0.5467
243 402 0.0725
243 1240 0.13
244 980 0.0384
244 507 0.2251
244 376 0.168
244 644 0.1389
244 1383 0.1416
245 872 0.0297
246 559 0.0735
246 1518 0.1105
247 1264 0.3244
247 801 0.1179
249 1351 0.0949
249 1554 0.0647
249 1321 0.1196
249 284 0.2025
250 448 0.1055
250 1137 0.7497
251 526 0.1407
252 1297 0.2576
252 1341 0.0554
252 1149 0.0736
252 1062 0.1419
253 269 0.2255
253 699 0.176
254 1517 0.2485
254 809 0.2389
255 1494 0.0339
255 700 0.0706
255 332 0.1173
256 742 0.0233
256 1070 0.201
256 451 0.2894
257 285 0.1462
257 708 0.0408
258 615 0.0799
259 911 0.2277
259 657 0.021
260 530 0.223
262 1583 0.1058
263 576 0.041
264 858 0.2928
265 1099 0.5138
265 593 0.1977
266 657 0.1521
266 541 0.0474
267 424 0.076
267 1496 0.313
267 718 0.1843
268 367 0.3392
269 1177 0.0511
269 546 0.162
269 917 0.1677
269 1300 0.1774
270 444 0.2065
270 1018 0.1369
270 1205 0.1095
270 1358 0.1777
271 1291 0.0839
271 1209 0.0717
271 1486 0.054
271 640 0.097
271 1400 0.6927
272 407 0.306
272 1072 0.1178
272 762 0.1063
273 480 0.1864
273 789 0.6268
273 781 0.1774
273 511 0.1992
273 690 0.1077
274 1220 0.0459
274 1174 0.0509
274 736 0.1
274 1397 0.1178
274 1599 0.3398
274 1132 0.2365
275 599 0.1276
275 1411 0.1258
275 1328 0.2066
276 569 0.1491
279 1480 0.2385
279 938 0.0093
281 346 0.0612
281 1216 0.4203
282 992 0.0708
282 934 0.2604
282 1167 0.1835
283 422 0.0678
283 1239 0.2294
283 1580 0.476
283 309 0.2313
283 957 0.1063
284 638 0.7765
284 1005 0.0902
284 953 0.0786
284 1333 0.4602
284 915 0.0505
285 962 0.1376
285 626 0.0648
285 471 0.4222
286 433 0.3437
286 1203 0.0401
287 538 0.1164
287 1431 0.1948
287 368 0.0677
288 1104 0.1645
288 739 0.0429
288 1093 0.146
289 603 0.3179
290 1061 0.3766
290 595 0.4513
290 1486 0.1702
290 1468 0.1895
291 321 0.2428
291 521 0.1881
291 1227 0.3111
292 338 0.1704
292 715 0.1085
292 488 0.6115
292 356 0.1714
292 645 0.1065
293 586 0.2098
293 1408 0.4181
293 913 0.0617
293 319 0.1649
293 676 0.4737
294 913 0.3791
294 700 0.1282
294 991 0.0735
294 742 0.0561
294 1525 0.0738
295 1456 0.2555
296 1530 0.1449
297 1111 0.0453
297 372 0.1766
297 1481 0.0747
297 427 0.1671
298 540 0.114
299 1055 0.0834
300 1099 0.5445
300 451 0.3603
301 837 0.0961
301 937 0.0807
301 1455 0.715
302 1243 0.0308
302 1411 0.0241
303 696 0.0375
303 620 0.1171
303 1162 0.0715
304 1283 0.2896
304 1114 0.3425
304 486 0.0926
304 375 0.3983
305 763 0.0916
305 1101 0.2436
305 381 0.2494
306 374 0.1896
306 402 0.0335
306 927 0.162
306 993 0.1013
306 744 0.9121
306 1276 0.0412
307 722 0.1077
307 427 0.3383
308 752 0.1598
309 1164 0.1392
309 622 0.2785
310 867 0.0893
310 1059 0.0589
311 961 0.1532
311 687 0.668
311 601 0.1033
311 948 0.2539
313 1444 0.1182
314 871 0.133
316 1477 0.3201
316 1338 0.1636
317 1154 0.0546
318 779 0.0958
318 1268 0.1125
319 1119 0.0967
320 1376 0.223
320 1362 0.3038
321 713 0.3964
321 1051 0.2121
321 488 0.0646
321 419 0.1622
322 610 0.3638
325 786 0.3276
325 1332 0.1882
326 1560 0.0854
326 639 0.1751
326 1181 0.3521
326 1239 0.1256
327 1201 0.3337
327 708 0.7827
328 1090 0.3095
328 680 0.1362
329 1092 0.1797
329 1454 0.0424
330 1474 0.1667
330 847 0.1744
330 1536 0.1965
330 567 0.0844
330 1107 0.6128
331 1109 0.0726
331 1422 0.0549
333 784 0.1624
333 910 0.1598
333 940 0.1296
333 809 0.3894
333 1387 0.0334
334 1493 0.1206
334 1588 0.0853
334 1196 0.0382
334 1268 0.4343
334 1386 0.0549
334 1452 0.0233
334 1026 0.1344
335 458 0.2489
337 1087 0.0467
338 1146 0.1669
339 340 0.1193
339 849 0.1049
339 463 0.0341
339 969 0.2108
339 962 0.1615
340 1084 0.2894
340 1287 0.3718
340 581 0.0781
340 1580 0.2277
340 415 0.0997
341 693 0.1907
341 1210 0.0687
341 1507 0.3043
342 1003 0.0631
343 1316 0.1568
343 1459 0.0657
343 405 0.1334
344 859 0.0778
345 889 0.1181
346 1069 0.1657
346 1575 0.3216
346 349 0.0482
346 1591 0.2004
346 1555 0.1564
346 1092 0.4284
347 840 0.2515
347 813 0.0199
347 1407 0.0265
348 1574 0.2343
348 851 0.1061
349 805 0.133
349 472 0.1571
350 1240 0.0886
350 706 0.1603
350 495 0.0828
350 1145 0.107
351 1263 0.021
351 889 0.0644
351 1587 0.1652
352 786 0.1161
352 938 0.7224
352 450 0.0374
353 716 0.284
353 1179 0.2488
354 766 0.0478
355 843 0.3271
355 1191 0.1999
355 702 0.2568
356 656 0.0813
356 717 0.083
357 834 0.0822
358 402 0.0482
358 1401 0.0708
358 1031 0.1911
359 492 0.3616
359 493 0.0842
359 950 0.3297
360 1443 0.051
360 1479 0.1379
360 847 0.1573
361 1414 0.2391
361 691 0.1551
361 1014 0.2045
361 532 0.0665
362 898 0.0962
362 403 0.2162
362 1099 0.2228
363 748 0.0506
363 717 0.1207
364 774 0.0112
364 832 0.055
365 1189 0.0373
365 532 0.0797
365 519 0.1075
367 1284 0.7425
367 1424 0.2021
368 885 0.1705
369 1404 0.6285
369 810 0.0311
369 1222 0.1905
369 1269 0.091
370 1277 0.0603
370 1331 0.1411
370 393 0.0809
370 569 0.0872
370 1021 0.0611
370 910 0.1621
370 923 0.4117
370 826 0.4642
370 1122 0.1466
371 988 0.1861
371 878 0.1923
371 760 0.4142
371 612 0.2147
372 572 0.1598
372 419 0.1841
372 1005 0.0121
373 718 0.2102
373 1216 0.2215
374 1460 0.1306
376 888 0.029
376 1414 0.3109
377 958 0.1676
377 667 0.0775
377 1562 0.0504
378 646 0.4736
378 796 0.2487
378 753 0.0539
379 1250 0.6662
379 460 0.0332
380 828 0.1649
380 876 0.0942
381 414 0.0609
381 1078 0.1285
382 1207 0.1915
383 863 0.2291
384 1492 0.1613
384 1411 0.5348
384 486 0.1762
385 824 0.0916
385 1015 0.0303
386 404 0.0761
386 1022 0.3422
387 652 0.0629
387 1191 0.1434
387 446 0.0654
388 1568 0.4897
388 657 0.2197
389 667 0.2442
389 1123 0.2145
389 1374 0.0496
390 1599 0.1177
390 554 0.3359
390 414 0.0884
390 1121 0.0217
391 1117 0.1496
391 393 0.0256
393 1072 0.1857
394 1294 0.3586
394 796 0.1098
394 1513 0.3055
395 1374 0.0695
395 483 0.0455
395 1232 0.1837
396 1122 0.0414
396 906 0.3436
396 397 0.1539
397 913 0.4778
398 1550 0.1317
398 522 0.0796
398 1292 0.2244
398 757 0.3817
398 485 0.1818
399 1205 0.0772
399 1209 0.0513
399 590 0.2809
400 1510 0.0825
400 1290 0.2113
400 963 0.1107
400 1303 0.0724
401 530 0.1109
401 1591 0.2304
401 877 0.0103
401 1307 0.1806
402 607 0.058
402 1345 0.2337
403 1414 0.1657
403 678 0.4085
404 805 0.1719
404 1273 0.2704
404 1079 0.0404
405 1492 0.3564
406 741 0.0973
406 467 0.2787
407 1104 0.0225
408 1546 0.18
409 585 0.0353
410 756 0.3556
411 621 0.1307
411 696 0.1016
411 538 0.2441
411 461 0.088
412 676 0.2621
412 567 0.2601
412 1028 0.1734
412 1572 0.306
412 1310 0.1617
412 529 0.1809
412 684 0.5993
413 751 0.057
414 1509 0.0625
414 903 0.0213
415 936 0.3267
416 1430 0.2732
416 863 0.1144
418 1208 0.0205
418 983 0.0503
419 1077 0.2374
420 1252 0.2142
420 784 0.2109
421 1574 0.231
421 839 0.398
422 663 0.0933
423 1069 0.5544
423 1564 0.1251
424 1082 0.2003
424 1160 0.1878
424 1014 0.2395
425 603 0.1867
426 462 0.1274
427 1376 0.0399
427 1150 0.14
427 1416 0.1537
428 1054 0.0902
428 729 0.6246
428 821 0.1198
429 529 0.0279
429 1063 0.306
430 1205 0.165
430 803 0.0418
431 1183 0.0753
431 1079 0.1141
432 857 0.1403
434 1082 0.1156
434 553 0.2892
435 1000 0.1801
435 571 0.7935
436 1151 0.1949
436 1042 0.5325
438 802 0.0729
439 1495 0.0408
439 1587 0.0895
439 1333 0.4066
440 1515 0.3713
441 1584 0.2356
441 950 0.2649
441 1299 0.0586
441 1368 0.1945
442 745 0.115
443 835 0.0036
443 756 0.042
443 1343 0.1363
443 1137 0.0492
443 907 0.0787
445 1196 0.0306
446 1435 0.2227
447 1141 0.6753
447 1364 0.0414
448 1554 0.1088
448 666 0.0889
448 1270 0.0698
449 991 0.5328
449 809 0.1714
449 1076 0.211
450 843 0.2294
450 1248 0.0668
451 1271 0.1267
451 861 0.0891
452 753 0.2499
453 1098 0.1158
453 649 0.1389
453 745 0.103
454 899 0.3259
455 1169 0.1428
455 1491 0.0952
456 1535 0.0792
456 1505 0.0521
456 912 0.0857
457 1009 0.0781
458 919 0.0472
459 779 0.0711
460 780 0.4865
462 948 0.6166
462 1206 0.1256
463 1010 0.0781
463 863 0.0686
464 1544 0.0795
464 999 0.2787
464 668 0.5634
465 644 0.1927
466 900 0.0924
466 758 0.1463
466 1119 0.1082
467 913 0.0984
467 1218 0.1684
467 485 0.2787
467 1365 0.2082
467 1152 0.5341
468 575 0.095
469 786 0.0065
469 1320 0.0479
470 983 0.3046
470 700 0.0435
471 1500 0.0073
471 611 0.1355
472 1177 0.0177
472 871 0.071
472 1442 0.2067
472 1537 0.0285
472 976 0.3765
475 1344 0.0902
476 1032 0.1495
476 865 0.0728
476 871 0.3851
476 1563 0.1888
477 673 0.0112
477 753 0.2613
478 1088 0.5835
478 1148 0.1926
478 1597 0.0496
479 911 0.1884
479 1531 0.0168
479 1472 0.1966
480 719 0.3293
481 593 0.2221
481 1573 0.0982
482 1129 0.0293
482 1181 0.2292
482 1407 0.7345
483 628 0.1314
483 1344 0.3846
484 958 0.2815
484 663 0.1257
484 536 0.0882
484 1100 0.2328
484 770 0.1521
484 1411 0.2867
486 1516 0.0113
486 985 0.1472
486 716 0.2928
487 1470 0.0775
487 555 0.0486
487 1038 0.3143
487 1194 0.1412
488 928 0.261
488 1160 0.3583
489 700 0.2357
489 1467 0.0288
489 1420 0.0363
491 1381 0.1098
491 1356 0.0912
491 1588 0.0698
491 1447 0.0558
492 953 0.3886
493 1164 0.0841
493 1258 0.1993
493 1180 0.4155
494 1538 0.2756
494 1370 0.0649
495 1542 0.0917
496 782 0.0638
498 971 0.0795
498 1398 0.3392
498 594 0.0827
498 1279 0.1931
498 529 0.1524
499 1415 0.1323
500 1221 0.0561
500 865 0.417
500 505 0.2726
500 1286 0.2244
501 1427 0.1834
501 1291 0.22
502 600 0.084
502 564 0.0642
502 960 0.2846
502 1171 0.1565
502 1431 0.1367
503 1547 0.0417
503 1437 0.0093
504 779 0.462
505 1287 0.0771
505 706 0.3708
508 1358 0.0191
509 1434 0.0146
509 765 0.2835
509 1006 0.1389
509 832 0.1809
510 1589 0.1004
510 1175 0.0461
511 600 0.1449
511 685 0.0427
511 1031 0.0834
511 679 0.0555
512 933 0.2266
512 1466 0.3863
512 1587 0.0976
513 1074 0.0291
513 667 0.1153
513 1151 0.0568
513 842 0.1468
513 647 0.2247
514 850 0.1888
514 536 0.3392
514 1131 0.1029
514 1433 0.1176
515 1188 0.1436
516 1133 0.2269
516 795 0.2421
518 568 0.2235
518 989 0.3796
519 1588 0.4956
520 1537 0.0529
520 1130 0.2106
520 1414 0.0282
520 873 0.0435
521 1577 0.0539
521 904 0.0165
522 841 0.155
522 1512 0.6901
523 1275 0.1339
523 834 0.4444
523 1024 0.3046
524 935 0.053
524 666 0.0903
525 1143 0.0728
525 1159 0.3393
526 914 0.0545
527 1015 0.198
528 1253 0.1033
528 1356 0.334
528 731 0.2477
529 625 0.0278
529 1551 0.25
529 1441 0.154
529 1476 0.1096
530 848 0.0983
531 926 0.0969
532 1517 0.2913
532 1238 0.2033
532 877 0.3172
532 1410 0.0947
533 1086 0.2407
533 881 0.0685
536 786 0.21
537 1019 0.0777
537 1179 0.1744
539 824 0.0181
539 564 0.4658
539 1212 0.2228
539 644 0.0648
539 1251 0.0368
540 1159 0.0752
541 1057 0.2813
541 941 0.089
541 908 0.1362
542 994 0.1775
542 978 0.3253
542 1060 0.3498
543 644 0.015
543 1493 0.085
543 738 0.1815
543 1334 0.0745
544 772 0.0974
545 940 0.1227
546 1398 0.0092
546 862 0.2175
546 1291 0.1923
546 1004 0.1314
547 1496 0.2009
548 1003 0.1827
548 1274 0.1256
548 888 0.3029
548 649 0.0773
549 1086 0.3722
550 1290 0.2137
550 1259 0.0469
551 1000 0.3442
552 627 0.1438
552 1467 0.2493
554 1475 0.0957
554 1487 0.0848
554 819 0.0332
554 654 0.2626
555 898 0.0782
557 1007 0.2092
557 627 0.068
557 1032 0.1545
559 758 0.1182
559 973 0.5134
559 694 0.112
559 1217 0.0344
559 706 0.3227
560 1375 0.5205
560 712 0.0995
560 1147 0.0581
560 1322 0.1491
561 596 0.1657
562 1466 0.2959
562 1555 0.0988
562 1437 0.0833
564 1438 0.1297
564 1085 0.0397
564 1413 0.2239
565 1453 0.4358
568 1456 0.2217
569 868 0.1643
569 1441 0.1585
569 1144 0.3404
570 839 0.0534
571 1225 0.1345
571 776 0.0252
571 636 0.0978
571 942 0.1091
572 1055 0.0528
572 1050 0.2086
572 1422 0.1513
574 1599 0.2265
575 1368 0.0935
576 1469 0.0468
576 1496 0.119
577 1236 0.2535
577 861 0.3687
577 633 0.0071
578 1092 0.2062
578 992 0.1112
578 1041 0.0956
579 977 0.1607
579 740 0.0788
580 1058 0.0484
581 586 0.0625
581 589 0.3087
582 1294 0.1733
582 884 0.0721
582 802 0.0737
583 1346 0.0794
583 1515 0.0341
584 633 0.0768
584 1119 0.2775
585 600 0.199
586 1192 0.0515
586 744 0.2411
587 1376 0.1194
587 644 0.4269
588 652 0.1285
588 991 0.4074
589 1284 0.1154
591 948 0.074
591 1458 0.0956
591 1496 0.3969
592 642 0.0801
592 976 0.0422
592 1159 0.41
593 1108 0.1842
593 1341 0.1509
593 964 0.0902
594 1035 0.1161
595 1124 0.117
595 1068 0.2058
596 982 0.1404
596 929 0.8588
596 1460 0.2204
596 1029 0.0521
597 771 0.0876
598 1283 0.0664
598 880 0.2387
599 1208 0.7415
600 720 0.1323
600 672 0.1153
600 970 0.0765
601 1466 0.3837
601 625 0.1853
601 642 0.2267
601 846 0.2998
601 1347 0.2179
602 860 0.0348
603 1428 0.0817
603 1118 0.1493
604 1195 0.1139
604 1137 0.2335
604 712 0.2024
605 752 0.2728
606 1292 0.0863
607 1256 0.0778
607 935 0.2046
607 1360 0.1515
608 1183 0.0324
609 900 0.1295
610 734 0.3807
611 784 0.0757
611 928 0.3547
611 859 0.1981
611 762 0.0286
612 1129 0.2376
613 1545 0.1957
613 1553 0.1309
614 1492 0.2258
615 1268 0.0202
615 719 0.1398
615 1568 0.2312
615 878 0.2591
615 663 0.1648
616 1016 0.262
617 1235 0.0399
617 1256 0.1006
617 912 0.0865
618 773 0.0826
618 1282 0.2461
619 861 0.1857
619 856 0.2237
620 1137 0.0785
621 755 0.0347
621 1368 0.0617
622 1328 0.0809
623 1135 0.0638
623 1038 0.3725
624 962 0.1641
624 1538 0.0452
624 1316 0.1394
624 948 0.0374
625 1503 0.2956
625 1162 0.0324
626 727 0.1012
626 744 0.0741
626 913 0.1283
626 747 0.2514
626 1288 0.3349
627 648 0.2912
627 954 0.2277
627 1192 0.2292
627 1500 0.209
628 1147 0.8437
628 760 0.0488
628 1234 0.2165
629 1007 0.0685
629 1410 0.0549
629 1476 0.0933
629 1526 0.0909
630 1066 0.1364
630 667 0.3112
633 990 0.1637
633 1289 0.0595
635 1512 0.4462
635 1393 0.0333
635 1185 0.1604
636 967 0.1587
636 970 0.1453
638 1393 0.2979
638 1420 0.2419
638 720 0.1029
639 1404 0.3095
639 1249 0.2308
639 1342 0.0694
639 1202 0.2969
639 985 0.3668
640 674 0.2067
642 1575 0.0533
642 1009 0.2018
643 676 0.1097
644 1403 0.0858
645 728 0.4403
645 1480 0.1997
645 686 0.2638
646 823 0.1927
646 960 0.278
647 755 0.1588
647 1414 0.2779
647 691 0.2061
648 1491 0.1662
649 682 0.2162
649 1383 0.1363
650 981 0.4073
650 1226 0.6166
652 1203 0.1361
654 971 0.2874
654 753 0.4088
658 791 0.1706
658 1556 0.3415
659 1068 0.0305
659 1470 0.3821
659 1182 0.1149
660 1156 0.1545
661 1384 0.1533
661 1576 0.0297
661 1552 0.2532
661 1150 0.2062
661 946 0.0962
662 983 0.0952
662 877 0.2169
662 741 0.0475
662 1182 0.2424
663 977 0.2049
664 1369 0.0852
665 945 0.0818
665 1276 0.0609
666 1289 0.0778
666 834 0.2049
667 1457 0.0947
667 1487 0.4382
667 1154 0.209
668 672 0.4868
669 1310 0.0592
670 1192 0.0328
670 1008 0.0741
671 1034 0.1229
671 940 0.3304
672 1030 0.2605
673 1432 0.3391
673 679 0.4319
674 836 0.1526
674 1245 0.1451
674 1434 0.2862
675 713 0.0363
675 1548 0.0966
676 1492 0.3827
677 1101 0.2412
677 1239 0.0861
677 1030 0.4146
677 856 0.2006
678 1551 0.143
680 1081 0.1071
680 844 0.2429
680 1257 0.1729
681 1530 0.0493
682 1256 0.0667
682 931 0.2291
682 1217 0.1083
683 1239 0.1491
683 1576 0.3506
683 1408 0.5967
684 1010 0.4483
684 746 0.0656
684 763 0.4809
685 1303 0.1429
685 891 0.1174
685 1129 0.2321
688 1450 0.1183
688 852 0.0765
689 693 0.2264
690 835 0.131
690 1468 0.1301
690 718 0.168
690 959 0.0119
690 810 0.2672
691 1480 0.1025
692 1449 0.1124
693 1022 0.3207
693 1202 0.1451
694 742 0.269
695 1189 0.1316
695 1462 0.1051
695 1478 0.1944
695 1082 0.035
696 1330 0.2051
696 944 0.1817
696 1285 0.1628
696 854 0.1574
697 1050 0.3809
697 766 0.0752
698 750 0.1823
698 878 0.1402
699 1341 0.3158
699 1372 0.1726
701 780 0.346
701 1541 0.1816
701 1038 0.1697
703 782 0.0499
704 1216 0.0357
704 1174 0.2005
704 1420 0.2083
705 946 0.1704
705 1540 0.1024
706 725 0.1024
706 1167 0.32
707 1319 0.1331
707 1545 0.1514
707 1119 0.222
708 1590 0.4476
709 1310 0.0438
709 1069 0.0577
710 1051 0.1775
711 1252 0.0522
711 760 0.1537
711 1533 0.0562
712 1284 0.133
714 1444 0.0611
716 739 0.129
716 1157 0.1059
716 831 0.1296
717 830 0.0578
717 1575 0.1022
718 974 0.0735
718 1456 0.1577
719 952 0.1
719 1355 0.0584
719 1558 0.1303
720 750 0.1058
720 860 0.096
723 1002 0.2278
723 804 0.2971
725 769 0.2676
725 804 0.081
725 1537 0.229
725 1566 0.0995
725 1250 0.1765
726 1049 0.3508
726 1288 0.1046
727 1514 0.112
728 1422 0.0998
728 1250 0.1394
728 926 0.0419
729 1285 0.7829
729 1274 0.2883
730 1379 0.2871
730 1398 0.1436
730 972 0.0491
731 892 0.3272
731 1565 0.2878
731 937 0.2004
731 1428 0.0925
732 827 0.0841
732 996 0.0591
732 871 0.4029
732 893 0.3272
732 935 0.1016
733 1326 0.2245
734 1519 0.3491
735 1207 0.067
736 1042 0.0959
737 1368 0.084
738 1213 0.5123
738 1202 0.3963
739 1029 0.2095
740 1581 0.1346
741 887 0.0334
741 1332 0.143
742 1250 0.153
742 975 0.1753
743 853 0.152
743 988 0.1784
745 1447 0.2837
746 1217 0.1412
747 1202 0.1747
748 1296 0.3207
749 857 0.0986
752 1244 0.3531
753 1261 0.0436
753 883 0.0769
753 1358 0.449
753 1299 0.472
754 1226 0.7166
754 800 0.0971
755 877 0.5179
755 1161 0.0379
756 957 0.1227
757 1550 0.375
758 1164 0.1578
758 849 0.2256
760 928 0.5482
760 1269 0.3104
760 1513 0.3148
760 1420 0.2402
761 960 0.1882
761 1231 0.2927
761 1424 0.1191
763 1236 0.0649
763 1267 0.2808
764 837 0.2317
764 953 0.2342
764 890 0.0787
765 1120 0.1945
766 1343 0.2602
766 1222 0.2513
766 1385 0.3508
767 789 0.1666
767 818 0.4775
768 954 0.1825
769 1155 0.0438
770 1184 0.1276
770 1410 0.0412
771 1573 0.0635
772 1089 0.1157
774 790 0.2864
775 885 0.1145
775 905 0.1988
776 1352 0.2882
777 1450 0.1749
777 1540 0.4319
778 1356 0.1273
779 1111 0.4241
779 1039 0.0394
779 1263 0.2319
780 1407 0.103
781 1003 0.1506
781 1025 0.2588
782 1481 0.2788
782 1161 0.1015
783 1220 0.4526
783 1150 0.2375
784 1051 0.217
784 938 0.1339
784 954 0.1341
785 1362 0.1853
787 1484 0.0557
787 1245 0.0954
787 1243 0.1122
788 855 0.1498
788 1089 0.2678
789 986 0.2262
789 1417 0.4369
789 1503 0.1408
789 939 0.0739
789 1583 0.0127
791 1108 0.0357
792 1214 0.2756
792 1211 0.1906
793 819 0.1299
794 1367 0.0541
795 1014 0.1623
796 1508 0.1355
796 1268 0.1497
796 801 0.0467
796 1396 0.0401
797 1568 0.0978
797 1272 0.1782
798 947 0.3285
799 1374 0.1254
799 1216 0.1833
801 1509 0.2426
802 974 0.1673
802 1365 0.1008
804 1578 0.1629
805 1447 0.1657
806 863 0.1667
806 1135 0.2686
808 1332 0.1817
808 983 0.2165
809 1154 0.2998
809 1249 0.0049
810 953 0.1609
811 965 0.0403
811 1447 0.2192
811 1184 0.0521
812 1556 0.1769
813 1018 0.0773
813 1342 0.1314
813 1202 0.1108
814 1578 0.2811
814 1265 0.177
815 834 0.1215
816 1277 0.3816
817 1414 0.084
817 1363 0.3322
820 1012 0.084
821 1264 0.301
823 920 0.0817
824 923 0.6627
825 1113 0.2262
826 962 0.2729
827 963 0.0402
828 898 0.2954
829 1545 0.2083
829 1188 0.5021
830 873 0.1472
830 846 0.2501
831 1349 0.2423
831 1366 0.1976
832 1037 0.069
833 853 0.1911
833 1583 0.0995
833 1076 0.0501
834 1324 0.1875
835 1286 0.0911
835 1485 0.0776
836 1511 0.3371
836 840 0.3
837 1534 0.0668
838 1154 0.0468
841 1057 0.2106
842 1205 0.0186
842 1117 0.2276
844 1099 0.1227
844 1351 0.1713
845 1569 0.0788
845 924 0.1047
846 1463 0.0494
846 1481 0.2403
847 1496 0.1562
848 1143 0.0138
852 1351 0.036
853 1495 0.1068
853 1546 0.2631
854 1007 0.2029
854 1347 0.1648
855 1354 0.1044
859 1403 0.1891
862 1235 0.1754
862 1003 0.3416
863 1333 0.0736
863 1576 0.1203
863 1016 0.343
864 1005 0.0902
865 1296 0.1918
866 1170 0.4782
867 1114 0.0628
868 1281 0.1889
868 1333 0.1305
868 1039 0.1668
870 896 0.0478
871 1444 0.2091
871 1101 0.2493
873 1144 0.1333
873 903 0.3954
873 894 0.1966
874 962 0.0914
874 1300 0.2893
875 1594 0.1501
875 1436 0.1402
875 1514 0.0147
875 1531 0.0857
877 1363 0.3528
878 1080 0.058
878 1278 0.3916
879 884 0.1515
879 1479 0.0346
879 1394 0.328
880 971 0.0349
881 1246 0.0298
883 1483 0.2569
883 1113 0.0751
886 1595 0.0675
886 1240 0.095
888 1293 0.0686
889 1566 0.0903
889 1596 0.0169
890 1215 0.2371
890 1144 0.1011
891 1032 0.0864
891 927 0.1932
891 917 0.1058
892 1088 0.2039
893 906 0.0592
895 1256 0.2423
895 1020 0.2013
895 1456 0.0941
895 1431 0.2832
896 1445 0.0867
896 1443 0.1512
897 961 0.0539
900 1465 0.1428
901 1426 0.0544
903 1278 0.1226
903 1105 0.0486
903 1507 0.115
903 1290 0.0349
906 1251 0.0686
906 1020 0.1977
907 1132 0.0595
907 1292 0.0821
907 1594 0.2744
908 1273 0.1222
908 1191 0.1632
908 1500 0.1144
908 1366 0.3564
909 1334 0.4009
910 1405 0.063
912 1291 0.0367
913 1591 0.1135
915 1028 0.2075
918 1320 0.0512
920 1261 0.0297
921 1409 0.3693
921 1186 0.0198
924 1170 0.2138
924 1307 0.2382
926 981 0.1764
927 1405 0.3198
928 1270 0.1409
928 999 0.0232
928 982 0.0993
929 1128 0.0665
930 1056 0.4632
930 1509 0.1515
933 1404 0.4418
933 1074 0.3934
933 1007 0.5828
935 966 0.2816
935 1219 0.1728
935 1289 0.2496
937 1552 0.2371
938 1406 0.0936
939 1393 0.1517
941 1022 0.1703
941 1041 0.0511
942 1465 0.0741
942 1445 0.2944
944 1221 0.2729
945 953 0.2099
945 1247 0.1342
945 1565 0.2592
947 1588 0.1271
948 1158 0.0462
948 1036 0.0886
948 1282 0.4307
950 1268 0.3959
952 1552 0.0521
952 1266 0.4637
953 1019 0.0655
953 1116 0.418
953 1394 0.4282
954 1268 0.1065
954 1432 0.2494
954 1512 0.1141
955 1126 0.1504
956 1433 0.3096
957 1502 0.0338
958 1470 0.1293
958 1321 0.2177
958 1567 0.0714
958 1335 0.1385
958 1375 0.1031
959 1414 0.2
961 1050 0.2534
961 1438 0.0772
962 1398 0.0744
963 1407 0.0489
963 1230 0.3128
966 1349 0.3928
967 985 0.1421
967 1595 0.357
968 1114 0.1524
969 1006 0.131
970 1376 0.6697
970 1280 0.0743
970 1355 0.1196
971 1044 0.3288
972 1061 0.0662
973 1162 0.1285
974 1259 0.1385
975 1026 0.3548
976 1154 0.0641
976 1016 0.1229
977 1476 0.3229
978 1133 0.2641
978 1121 0.1674
979 1423 0.0459
980 1144 0.2035
980 1038 0.1446
982 1072 0.0364
982 1343 0.1764
983 1090 0.0708
983 996 0.0377
984 1426 0.0514
984 1048 0.3328
985 1003 0.1334
985 1308 0.2782
985 1004 0.0999
986 1430 0.093
987 1443 0.5479
987 1206 0.2393
988 1580 0.0474
989 1058 0.234
989 1082 0.1738
990 1492 0.0867
992 1123 0.1471
992 1308 0.3542
993 1443 0.1385
996 1436 0.3487
996 1288 0.1384
996 1429 0.1364
997 1221 0.1584
998 1428 0.0689
1000 1067 0.2216
1002 1229 0.2506
1004 1556 0.0793
1005 1474 0.0656
1006 1362 0.2004
1006 1085 0.0619
1006 1021 0.3208
1006 1135 0.3648
1007 1325 0.1715
1008 1245 0.1711
1008 1348 0.261
1009 1010 0.0761
1010 1049 0.253
1010 1346 0.4556
1011 1530 0.0523
1011 1153 0.0377
1012 1251 0.0705
1012 1335 0.4304
1017 1188 0.1793
1018 1308 0.2735
1018 1044 0.0578
1019 1124 0.3326
1020 1514 0.0289
1020 1455 0.0805
1021 1315 0.2218
1022 1189 0.1986
1024 1325 0.1328
1024 1594 0.3696
1027 1541 0.022
1028 1077 0.359
1029 1097 0.0155
1029 1089 0.0445
1029 1430 0.0686
1031 1522 0.2938
1031 1367 0.2204
1031 1422 0.4043
1034 1580 0.1725
1036 1396 0.0652
1037 1216 0.1657
1039 1313 0.0771
1039 1238 0.1473
1039 1589 0.0544
1041 1311 0.1751
1041 1410 0.0558
1041 1292 0.2826
1044 1420 0.5515
1045 1166 0.1544
1047 1395 0.0625
1048 1239 0.1063
1049 1116 0.4008
1049 1524 0.0945
1054 1515 0.0655
1055 1122 0.0451
1055 1434 0.4653
1056 1151 0.2767
1056 1346 0.2509
1057 1363 0.3707
1058 1381 0.1964
1059 1215 0.4075
1061 1437 0.0721
1061 1273 0.2618
1061 1190 0.1208
1062 1123 0.2456
1063 1394 0.0763
1064 1367 0.1973
1068 1587 0.1573
1068 1264 0.3659
1069 1280 0.0982
1070 1392 0.2637
1072 1088 0.3202
1073 1498 0.2083
1074 1108 0.138
1076 1467 0.2516
1076 1541 0.0545
1078 1533 0.06
1079 1418 0.2845
1085 1335 0.0044
1085 1497 0.1386
1085 1387 0.2707
1086 1152 0.2969
1087 1476 0.0667
1087 1462 0.1867
1090 1398 0.3557
1091 1472 0.1181
1092 1230 0.0579
1093 1276 0.1644
1093 1592 0.0392
1094 1371 0.0562
1097 1135 0.1093
1098 1514 0.1391
1099 1590 0.1329
1099 1323 0.199
1099 1167 0.29
1100 1259 0.0213
1102 1315 0.1375
1102 1374 0.1256
1103 1593 0.1733
1105 1332 0.0675
1106 1338 0.404
1107 1352 0.1688
1108 1199 0.1947
1108 1225 0.1417
1110 1489 0.3562
1111 1475 0.0371
1111 1327 0.2679
1112 1590 0.1402
1115 1206 0.4573
1116 1582 0.1789
1117 1440 0.1363
1118 1491 0.0797
1120 1584 0.426
1120 1581 0.0157
1121 1288 0.1592
1122 1147 0.0558
1122 1184 0.0889
1123 1137 0.3254
1124 1188 0.3954
1126 1136 0.0762
1128 1551 0.4178
1129 1575 0.1689
1129 1280 0.0783
1132 1277 0.1628
1133 1410 0.2226
1135 1594 0.184
1135 1325 0.0809
1136 1152 0.0702
1138 1575 0.087
1138 1444 0.1654
1140 1331 0.1659
1141 1418 0.0992
1141 1222 0.1672
1141 1159 0.0765
1142 1453 0.0107
1145 1442 0.2319
1145 1375 0.0631
1148 1348 0.0935
1150 1246 0.1831
1150 1366 0.4221
1151 1436 0.1896
1153 1235 0.7104
1155 1498 0.0927
1156 1159 0.1468
1158 1259 0.1397
1158 1167 0.0202
1159 1257 0.2119
1160 1207 0.1971
1160 1412 0.5498
1163 1550 0.1336
1164 1586 0.0591
1169 1178 0.0454
1169 1315 0.222
1174 1213 0.4366
1175 1301 0.1158
1175 1407 0.0782
1175 1221 0.1174
1177 1552 0.2662
1178 1218 0.236
1178 1345 0.1588
1179 1453 0.0264
1181 1364 0.0915
1181 1253 0.0619
1181 1221 0.1484
1182 1211 0.2748
1184 1533 0.1453
1185 1315 0.2217
1186 1486 0.0475
1188 1555 0.1106
1189 1598 0.119
1189 1318 0.17
1191 1497 0.33
1192 1547 0.231
1194 1460 0.2314
1196 1356 0.2938
1197 1515 0.1307
1197 1212 0.2014
1198 1360 0.1239
1198 1499 0.0286
1201 1271 0.2185
1202 1244 0.1522
1203 1359 0.1588
1205 1238 0.1036
1209 1234 0.1103
1211 1383 0.0986
1212 1259 0.1568
1215 1523 0.0747
1216 1220 0.19
1217 1341 0.1067
1217 1281 0.2356
1220 1388 0.2174
1222 1277 0.1332
1222 1487 0.1303
1223 1267 0.1369
1224 1457 0.0239
1225 1255 0.1497
1227 1431 0.1764
1231 1291 0.02
1232 1480 0.1205
1234 1405 0.2748
1236 1320 0.0773
1236 1332 0.1004
1237 1257 0.1463
1239 1316 0.2959
1239 1253 0.0664
1240 1251 0.2266
1240 1320 0.186
1243 1488 0.1384
1247 1498 0.1834
1249 1580 0.1793
1250 1466 0.2511
1253 1384 0.3434
1254 1276 0.5316
1256 1387 0.0789
1257 1262 0.0636
1258 1322 0.2834
1258 1495 0.4313
1259 1492 0.1556
1259 1268 0.111
1260 1427 0.0309
1260 1391 0.1598
1260 1584 0.1315
1260 1399 0.243
1264 1265 0.1529
1264 1466 0.2505
1266 1302 0.1045
1270 1352 0.5084
1273 1318 0.1149
1275 1499 0.1496
1279 1436 0.2417
1281 1388 0.8912
1283 1310 0.0777
1286 1474 0.313
1287 1524 0.2555
1291 1452 0.0661
1292 1471 0.0753
1292 1388 0.3126
1294 1328 0.2115
1294 1344 0.1332
1298 1344 0.1805
1299 1575 0.383
1302 1529 0.1063
1303 1567 0.0385
1304 1586 0.0789
1305 1547 0.0617
1309 1487 0.2463
1309 1520 0.0305
1311 1440 0.076
1311 1377 0.242
1312 1452 0.0383
1312 1395 0.1655
1314 1360 0.0402
1314 1557 0.0671
1317 1392 0.0212
1319 1590 0.0224
1321 1353 0.0599
1323 1413 0.0468
1323 1385 0.0898
1324 1360 0.0313
1327 1598 0.0479
1330 1380 0.174
1337 1537 0.2831
1339 1555 0.2514
1339 1543 0.3466
1340 1359 0.5983
1340 1440 0.0856
1342 1349 0.4139
1342 1588 0.3681
1342 1530 0.4111
1347 1448 0.21
1354 1557 0.1186
1361 1445 0.0362
1363 1544 0.0561
1364 1474 0.1643
1368 1571 0.3284
1368 1528 0.1115
1372 1386 0.0628
1372 1561 0.496
1373 1473 0.2899
1375 1478 0.14
1377 1378 0.2538
1384 1518 0.0299
1384 1406 0.1248
1387 1596 0.1135
1391 1576 0.2558
1391 1538 0.0952
1393 1565 0.1396
1394 1438 0.1654
1394 1486 0.048
1395 1595 0.1926
1396 1525 0.1005
1396 1575 0.1909
1397 1473 0.0576
1399 1426 0.234
1400 1472 0.0562
1400 1588 0.1355
1406 1522 0.2007
1408 1512 0.0281
1408 1420 0.1018
1409 1464 0.0985
1410 1494 0.3047
1411 1476 0.0979
1411 1450 0.186
1411 1457 0.154
1412 1576 0.0438
1414 1515 0.3532
1414 1576 0.1482
1423 1493 0.123
1426 1524 0.027
1427 1569 0.2481
1427 1538 0.1496
1431 1571 0.0806
1432 1470 0.2083
1433 1547 0.049
1443 1500 0.1594
1449 1452 0.1698
1454 1553 0.1196
1455 1462 0.0757
1456 1490 0.1095
1458 1477 0.183
1459 1539 0.0648
1461 1505 0.1258
1466 1500 0.0904
1482 1568 0.145
1493 1529 0.0647
1495 1515 0.1481
1497 1548 0.2024
1513 1564 0.0459
1521 1567 0.3551
1530 1561 0.0297
1532 1599 0.1783
1581 1597 0.5631
