40 80 num_nodes 40
0 28 0.07456535755456695
0 34 0.8592330693582045
0 12 0.8745374236763569
0 24 0.45705450654863344
0 17 0.1138040468963678
1 24 0.1858350445279109
1 20 0.6148222855776768
1 27 0.2502933654391559
1 18 0.9624379244676209
1 30 0.6949182202536297
1 14 0.5530328217321825
1 28 0.13861215157133833
1 19 0.9152139500603066
2 30 0.6718888193535016
2 19 0.4428979130627718
2 16 0.8785072847241319
3 30 0.28639668472312396
4 16 0.8091659736329506
4 5 0.1453852525981405
4 18 0.6401848957952028
5 23 0.9643472332426127
5 35 0.10358819116439943
6 31 0.0985048963513665
6 37 0.8236150811388668
6 11 0.5176466122734847
6 10 0.00791225366636139
7 31 0.7858834130912007
7 18 0.6276264459718967
7 39 0.623051532501676
7 30 0.07321391755304696
8 36 0.32808189672705934
8 32 0.06030442741248243
10 17 0.9288707699972348
11 26 0.13489211711017202
11 35 0.5219081689536444
11 37 0.9198862546742037
11 22 0.9310251582480238
12 19 0.27080373538933766
12 35 0.6345175277887078
13 24 0.06915596875351315
13 27 0.7365671652960619
14 17 0.6867015820856349
14 33 0.9573402025565908
14 35 0.415585534845176
14 22 0.028505810728147507
14 29 0.24374061604064068
14 32 0.6849589173105602
14 25 0.47939126527627174
15 25 0.6623803439206952
15 17 0.6682991474267282
16 33 0.8564100466223817
17 29 0.4948631271152394
18 37 0.2594046602986553
18 29 0.5499797177723285
20 31 0.05148929371488464
21 32 0.8563748074635111
21 39 0.19105253661269594
22 32 0.5649449251152467
22 36 0.09617101378287585
22 31 0.7921495402201247
22 26 0.8639499202885413
23 35 0.021203205828596805
23 31 0.7002633195719585
23 36 0.8211495600749242
25 37 0.09766836080726315
25 33 0.7899723001505004
26 35 0.9279147413151667
26 32 0.05889636522971531
27 38 0.10778225247518114
27 32 0.4734293461995931
28 30 0.5444177200443832
28 31 0.20082922510797085
28 32 0.05560442690387868
29 38 0.5664661206431962
31 32 0.00616964251224672
33 35 0.7061879041266159
34 35 0.7068397862120062
34 39 0.1804610042437731
35 38 0.39494894782160084
37 39 0.6438229115366036
