40 80 num_nodes 40
0 12 0.8973535912942974
0 24 0.5202803020250635
0 2 0.34458645232946394
1 23 0.26674212482551896
1 11 0.49236132161487667
1 15 0.1731397772936899
1 4 0.39986795910124295
1 2 0.6293093702086098
1 19 0.5121814524485652
1 6 0.6100294818821571
2 37 0.854194693015999
2 17 0.28916571710638084
2 27 0.15373990998563247
2 38 0.9027383770569802
3 5 0.3276967951606715
3 6 0.8107897530735909
3 36 0.28642006472415504
3 13 0.04400293653894405
3 23 0.3748390919870619
4 21 0.4705808497336814
5 23 0.39525130620031024
5 7 0.8373909425430798
5 20 0.3618313287693298
6 14 0.1441699887547766
7 18 0.9543720712203478
8 32 0.1464617635397658
8 33 0.511312702249294
8 10 0.9389592853462795
8 28 0.4523656697461623
9 15 0.08664688016754474
9 39 0.42915459089851093
10 19 0.7263402398593021
10 27 0.5483293805285625
10 33 0.4196046647463372
10 28 0.8355528766985473
10 20 0.5580688955707939
11 35 0.5360989122315087
11 20 0.9093602432131997
11 28 0.9478199756648896
11 23 0.30936993924269984
11 33 0.3883584631990966
13 38 0.5283150494969857
13 19 0.7977587659487473
14 15 0.34732211444065086
14 31 0.1711352668828633
14 30 0.6871285241293155
15 33 0.25543671313456295
15 17 0.3736241428710263
16 38 0.5123789146491309
16 23 0.015369972844988089
16 25 0.5072778291784537
17 31 0.5437127781651824
17 39 0.6132545724938614
17 37 0.9808203559890943
19 30 0.7219819390849646
19 32 0.7775206370943967
20 29 0.9684938358641584
21 31 0.9297403709960573
22 23 0.6338866625274605
22 32 0.8198377353780009
22 36 0.9480144732130671
22 39 0.6002882032751891
23 34 0.9724289520739228
23 32 0.2648559172631726
23 37 0.6709543102783595
23 39 0.18487287034017663
24 27 0.4245054212438085
25 32 0.3343437197310084
25 29 0.9987571772046027
25 31 0.8504183583662537
26 33 0.4137834974209337
26 37 0.7292135115801621
28 32 0.8954356388392295
28 35 0.5296812125481052
29 35 0.21518061977629654
31 32 0.48296111245203965
32 35 0.7031590583786937
32 39 0.40435720674609255
33 35 0.6838501482372082
33 37 0.9982417398533026
