40 80 num_nodes 40
0 30 0.46793995672952693
0 4 0.34283975382894816
0 21 0.28825701931740866
1 17 0.07106696157265746
1 18 0.3175983139059758
1 20 0.4166804474441388
1 37 0.8979487091344116
1 3 0.44017312162537026
2 19 0.1637971224301329
2 8 0.781475022191919
2 7 0.5269551784221959
2 24 0.8198755079663365
2 34 0.40142424002741495
2 21 0.6837509630190544
3 21 0.34188614320711097
4 38 0.826846521871688
4 30 0.08430381002766929
4 22 0.5602662238425812
5 30 0.09391419626281605
6 23 0.219403821673557
6 13 0.14073104835762484
6 38 0.9018897896294948
6 39 0.1611141407658231
7 18 0.0953848766320391
8 34 0.19208875853216856
8 28 0.3646444128377324
8 24 0.2439057648494457
8 37 0.9067415261598003
9 25 0.7296063509178173
9 14 0.008713951884505078
9 26 0.30169072166440825
9 16 0.1539903367074662
10 37 0.8287744330084087
10 38 0.1563478024768057
11 20 0.41083828014871304
11 23 0.8867839543416527
12 14 0.11674743134721555
12 26 0.848200033327772
13 31 0.12815882493942954
14 21 0.00739415278255684
15 37 0.345135198462066
15 32 0.5554620200355107
15 27 0.08373122375345787
16 35 0.6522908828519629
16 27 0.9689870307776364
16 33 0.01944514318629109
16 23 0.6693619142745207
16 38 0.2809302624983804
17 36 0.4156649828747637
17 35 0.5570674450045042
17 32 0.04242260024845068
17 31 0.9238633320844063
18 39 0.17398421501293904
19 26 0.07920517721238374
19 27 0.5648668609661786
19 35 0.9283644232347874
19 29 0.40799618745978616
20 34 0.663332033300187
20 23 0.11180755438305456
21 37 0.5790954523670307
22 36 0.09916739868989777
22 29 0.41903444988275285
22 38 0.6309423629640196
23 38 0.9170544611610627
24 33 0.4191779366264493
24 27 0.2718073267106281
24 32 0.3627759444755928
24 29 0.6286943563696936
24 39 0.9122967479148326
25 36 0.7490880377704613
26 37 0.15000048650684195
26 27 0.03490347661341153
30 37 0.5601754288015893
30 34 0.8460385445752489
30 35 0.11357986430863987
30 38 0.540220070730795
34 37 0.35298346501752764
35 38 0.3910731268315879
37 38 0.10519162016586059
38 39 0.16893973936978346
