40 80 num_nodes 40
0 19 0.4080027126451844
0 36 0.978009505607295
1 25 0.3010701272127482
1 16 0.9517893026028075
1 29 0.8435130626889337
1 20 0.6475382108902291
2 16 0.010085561606515525
2 5 0.679364575726792
2 22 0.4185446667581558
2 23 0.702490730124021
2 38 0.5838801533528789
2 20 0.6335897687956265
2 31 0.23826596415712709
3 14 0.6132271721870581
3 10 0.8254047381930261
4 5 0.9910121537722516
4 26 0.05404963879786373
4 18 0.4070621172315767
5 38 0.9514529589573482
5 35 0.32354074603449867
5 18 0.4148105833563509
6 25 0.7554423533692418
6 11 0.10643008459477732
6 20 0.7470151897988002
6 28 0.2260901124841096
7 21 0.9301810807313254
7 13 0.831154079976603
7 33 0.3922238258559445
8 16 0.893274963556837
9 30 0.001559691502914573
9 12 0.390853643133359
9 20 0.39490944985559984
9 38 0.814475044653744
10 19 0.8488351375760603
10 28 0.1111098976275342
10 21 0.0870403598641305
10 29 0.2170210291680863
11 15 0.18136202570211202
11 17 0.387214195395281
11 18 0.23507424174275082
12 17 0.7396411389177997
12 26 0.7095657897947981
12 28 0.3592309617147572
12 35 0.836116642178893
12 39 0.3836365467971605
12 30 0.6318372057768276
12 15 0.4531823704277451
12 31 0.16060065438378524
13 16 0.10876997212380968
13 27 0.6592115923151569
14 19 0.7442881623633931
14 26 0.780073442914271
15 19 0.7049247091597926
15 32 0.1888758296357511
15 39 0.4937532427181516
15 37 0.6156806975933932
15 28 0.3805683555682794
15 33 0.7899789676821919
17 23 0.8348207459220724
17 30 0.8650594210678202
17 29 0.5841445403052675
17 37 0.4573475969853953
18 35 0.44518340768489884
18 23 0.771603770899918
18 36 0.41769510615527927
18 27 0.6954267838259452
18 20 0.10157691021901505
18 28 0.7726408352861931
18 26 0.33731024266756426
19 32 0.27464760624863505
20 37 0.8387356087545955
21 24 0.5566514086253934
21 30 0.41004319474265627
22 27 0.7685897999872646
24 38 0.7464781672320514
26 39 0.21139209894779953
26 28 0.5028715709956352
27 38 0.10408297857217286
31 34 0.6354626951449808
33 34 0.13002292283498584
