40 80 num_nodes 40
0 13 0.7673141890935059
0 38 0.7882920535943088
0 28 0.8421357975094191
1 29 0.47063435172623547
1 19 0.06360010460183962
1 16 0.32378581819383345
1 35 0.18589258665646624
2 11 0.960230114671144
2 18 0.17238901415705443
2 15 0.4883942972854296
2 3 0.5080117174765594
3 15 0.0010150584749997194
3 11 0.36858025407564377
3 10 0.8105742011437682
3 26 0.8140257722627797
4 10 0.051473329106070276
4 16 0.6298174078753116
4 21 0.05842703010746897
5 27 0.6105272591189729
5 34 0.22294415187143413
5 9 0.37084660502720623
5 38 0.47842774631782614
5 31 0.3735893603827304
6 34 0.6687998625910125
6 29 0.16616269312643261
6 26 0.9295485501665152
7 10 0.8981195377401613
7 15 0.3252206086234316
7 9 0.19943867682822458
8 39 0.7434169071452371
8 13 0.3134247455435858
8 36 0.5707347120260982
9 10 0.31434430397883706
9 23 0.22791906752424407
9 26 0.5207424568715121
9 18 0.28594410372426626
10 27 0.3259849234003557
10 33 0.7498719855731234
11 24 0.28145610575606206
11 13 0.3103275224628116
11 20 0.39424170907905787
11 19 0.7020217862875159
11 31 0.004688731615504649
11 21 0.037663397377967534
12 34 0.07571095847834519
12 24 0.27737755951853527
12 39 0.7340044162940194
13 21 0.7862753496630517
15 24 0.928489629701462
15 36 0.4740149420336802
16 39 0.15403354218252863
16 33 0.3293036864048675
16 29 0.7205584455351991
17 26 0.9896087017273113
17 21 0.6220714593676187
17 18 0.2966072347949281
18 20 0.04034455664291281
19 21 0.011608289620813839
19 22 0.2790835714977935
19 30 0.15792837347005717
19 20 0.7814785907637837
20 30 0.030883209442944204
21 31 0.4682467375906133
22 33 0.21174062961619922
22 25 0.7050046474815791
22 29 0.15806147553294503
22 32 0.14962732842298876
22 38 0.41922736821172857
23 30 0.46025383565020206
23 26 0.9081005974581821
23 37 0.6761849001752748
24 37 0.03562109945315062
24 34 0.7657911757689235
25 34 0.5868564839181812
25 30 0.043409060035494496
28 39 0.16753563245794167
29 39 0.46533949506850014
29 31 0.8280231643081889
32 39 0.4054159526596396
37 38 0.6097081782664842
