50 100 num_nodes 50
0 46 0.4511697053877284
0 44 0.3002432648016523
0 22 0.729327455645876
1 2 0.1929369019409064
1 14 0.6083592468314893
1 43 0.06913785028018782
1 4 0.3045613280800079
1 23 0.014962453364693817
1 19 0.3148592368397395
1 6 0.5642501339454055
1 44 0.4646234053727144
2 37 0.9129022342869634
2 3 0.14694301644695196
2 46 0.8798307067474267
2 15 0.06721871014767844
2 9 0.21598396435694223
2 47 0.3173854663687218
3 5 0.27474982625641686
3 6 0.6802578171438887
3 17 0.5493137697804048
3 27 0.23522455514810758
4 21 0.14378118079012514
5 23 0.8706805200275862
5 7 0.8757427944263523
5 42 0.7150013358565322
6 43 0.7364389949103213
7 18 0.9878673172626419
8 11 0.6132571598297807
8 17 0.6114147959233711
8 16 0.5327982238423274
8 28 0.1960024499154166
9 45 0.663827953572666
9 20 0.32599936489259784
10 47 0.14961887951309816
10 43 0.5173021860656993
10 35 0.025627037699843314
10 28 0.993884150238812
10 39 0.22619869306939966
11 15 0.03199083460378649
11 20 0.19074558739948622
11 28 0.9401009460252048
11 33 0.904436092552179
12 47 0.0376641565777428
13 38 0.9016482051265821
13 31 0.24986243536989405
13 15 0.2834053572832458
14 42 0.6624532132190818
14 37 0.20027109194144932
14 30 0.779467868019648
15 33 0.7338227679348057
16 38 0.5600194066470373
16 48 0.38603321945550595
16 21 0.2483924761829247
17 32 0.6123141670570501
17 31 0.804483531144792
17 49 0.9274724098178531
19 42 0.30263243507034154
19 30 0.47412461265860895
19 45 0.8341434662986917
19 46 0.9972185396155814
20 24 0.8307432442143893
20 44 0.7971936132248691
20 43 0.8243780908469173
21 31 0.364155023930002
22 23 0.0002200133047310926
22 32 0.18291654561336845
22 29 0.6547722454131848
23 32 0.5721062697987899
23 29 0.4936717706247038
23 37 0.4028870662720886
24 37 0.6827172885101507
25 46 0.19797812615370836
25 48 0.8943919820001729
25 39 0.7485008678669788
25 49 0.22730789920327354
26 47 0.5056516825521052
26 37 0.5510040383784195
26 41 0.15968475801664384
27 40 0.9153002922451229
27 33 0.6065669785298718
28 34 0.6921214695346617
28 35 0.8189471672901671
29 41 0.9856815099920248
29 42 0.03751171026289846
29 31 0.6770065302808531
31 32 0.15446652045915377
32 35 0.37263183619176643
32 33 0.2451477036621118
33 48 0.5702126784678742
33 37 0.7707599229966193
35 43 0.9872977880231263
35 46 0.9461300526640528
36 46 0.4194129150607978
36 41 0.0851586058682905
38 49 0.035129858318761586
39 41 0.4927270662395916
39 43 0.026059785717255535
39 40 0.4426949925710274
45 47 0.9053430327550946
45 48 0.0006441565404798899
