50 100 num_nodes 50
0 38 0.6440870837303863
0 47 0.454227336544902
0 4 0.9326005995788128
0 21 0.37628099654241376
1 49 0.6139940288486218
1 17 0.9104462097309831
1 9 0.21323003442308675
1 20 0.449200304996776
1 37 0.6026200018119244
1 23 0.8558835293601537
2 19 0.1998850245154753
2 8 0.5173066680208239
2 7 0.7156983956103304
2 48 0.016418000984287806
2 34 0.9176987780238794
2 44 0.6896117722037697
3 8 0.13815374608073572
3 43 0.5920743083614634
4 37 0.2725367400359261
4 10 0.928441057218449
4 30 0.6713953294552716
4 26 0.9208804016814204
5 22 0.8170660660976322
6 23 0.23514420876414133
6 36 0.9379488544017935
6 38 0.03908900278860561
6 35 0.7358524559782355
7 18 0.010154619126911624
8 34 0.13662158712412054
8 28 0.15237200246707394
8 23 0.7588912830412939
9 14 0.944670404198581
9 40 0.3567362903372241
9 16 0.7897601991710858
10 44 0.5360647673072428
11 20 0.005710753824552106
11 23 0.6019925916395329
12 45 0.7528832719345874
12 26 0.2558984494926706
13 31 0.4359083636915969
13 40 0.938832776280773
14 35 0.7516892984337159
14 37 0.3953025785992388
15 37 0.9000476384863014
15 32 0.8374619650150783
15 45 0.10743792534612517
16 30 0.38828915769190875
16 43 0.0010781951504572618
16 33 0.5496489695247815
16 40 0.9457220761696887
17 30 0.2866585799192046
17 36 0.8709344421396339
17 35 0.21239986109529363
17 27 0.6249265396446136
17 45 0.15489392556661674
18 27 0.21266429725485025
18 39 0.6346144903651758
19 40 0.25741951389210116
19 27 0.9433647724157153
19 35 0.9845084095048903
19 29 0.23643945067981254
20 44 0.15946937360839197
20 21 0.43226963816908637
20 48 0.8533402679580168
21 43 0.753740386738234
21 37 0.5639017125893543
21 29 0.07508159385271429
22 34 0.17006342801536134
22 43 0.5617997395016665
22 38 0.6250414655871006
23 38 0.22478454415759297
24 33 0.5741344605053545
24 45 0.7297494401466654
24 36 0.7237844560344263
24 41 0.055546101188050145
24 39 0.3462872110704207
25 40 0.4076960940222002
25 27 0.779937162022175
26 32 0.7438188693645301
26 37 0.06934029433268762
26 49 0.5512359939558019
27 49 0.8980668449002931
29 33 0.7839110275281322
30 40 0.17376301217565648
30 34 0.0462470951342997
30 35 0.7298650180483177
31 47 0.0399636487985795
32 39 0.3007674318618079
34 36 0.42575997115931363
36 46 0.23163818476563902
37 48 0.31826060779200704
37 40 0.9044131763616919
37 38 0.9314219078777537
38 46 0.609813344845466
38 42 0.4194074167840649
38 39 0.6399472373538035
38 43 0.9877782308436556
40 46 0.1668586458323681
41 45 0.3908119988013151
42 49 0.9898108510340579
