50 100 num_nodes 50
0 46 0.37042978622690215
0 8 0.8210904772926874
0 13 0.13908328225438304
0 37 0.6718051081073677
0 28 0.48978004429403377
1 29 0.5237139924104022
1 23 0.409366882277183
1 47 0.731596168543439
1 35 0.40949547231172423
2 45 0.9723591550255943
2 27 0.5954946222308597
2 25 0.7827411389612478
2 40 0.6750969970721683
3 41 0.4282019569037211
3 16 0.11626228418204543
3 5 0.371058230862671
3 9 0.7177513939345336
3 26 0.14890208986469333
4 8 0.8184534288579274
4 21 0.5186163622804928
4 19 0.7888263547746055
5 13 0.15464096323408372
5 34 0.3123991999475694
5 11 0.769767013729934
6 34 0.4183394049468975
6 37 0.7623358996825689
6 26 0.592018021712302
7 10 0.15875149985396486
7 12 0.4685354871946179
7 9 0.5911356473598818
8 28 0.00277937135460804
8 13 0.2750576162326882
8 40 0.41678408251315724
9 16 0.9448041791925981
9 21 0.858801768782372
9 40 0.20810815080776401
9 23 0.5650606699328099
9 18 0.11127448715661703
10 48 0.19612833376713001
10 26 0.739059284117348
10 46 0.2780629874732051
10 27 0.2241372758396124
10 33 0.5226534600621823
11 17 0.695375971858709
11 13 0.07668299554006008
11 20 0.15971609734003245
11 45 0.28156049625428126
11 39 0.23424597832933713
11 40 0.2639732195659408
12 34 0.4092451026117834
12 44 0.5232457525610661
13 26 0.889653635187334
13 49 0.14154234317613879
15 49 0.38306383411748046
15 24 0.9804955932106615
15 36 0.4433977412277911
15 48 0.1373203636740571
15 47 0.43632830259289523
16 39 0.8888121510715603
16 33 0.574529896824751
16 29 0.8098281548441454
17 44 0.46420947935630874
17 18 0.2898377439493881
18 20 0.6253705052911316
18 23 0.6985363957088374
19 24 0.7664382740180059
19 38 0.5763624053084218
19 22 0.08182675932769645
19 43 0.6444185468209443
19 20 0.914945444136747
19 30 0.4225219802313699
20 30 0.36959850153033114
21 45 0.5648692807913246
21 32 0.37029592192199556
21 31 0.7617398963072566
22 47 0.10563510865992387
22 25 0.8451787676469302
22 29 0.12923579773488914
22 32 0.16562479157444565
22 38 0.7332533391177152
23 30 0.8433408562937821
23 26 0.020147424300870354
23 39 0.8159240578822935
24 49 0.23479956027332605
24 37 0.9181277374996045
24 34 0.14846422841802642
25 30 0.9243532379135055
26 41 0.9210246676566041
29 49 0.37384238089289645
29 39 0.7337635891423588
29 31 0.7313208875682378
30 44 0.902564923220614
33 41 0.7929114105977996
34 38 0.5119006487723601
36 46 0.9465986752416595
38 43 0.14698540516528502
40 43 0.8791516928465993
44 47 0.572152131521741
44 46 0.4425838495589002
47 49 0.442554535375433
