80 160 num_nodes 80
0 57 0.1
0 49 0.9
0 68 0.5
1 69 0.1
1 25 0.7
1 35 0.9
1 16 0.7
1 78 0.1
1 11 0.5
2 3 0.7
2 37 0.9
2 57 0.5
2 55 0.9
2 28 0.1
2 63 0.5
2 20 0.1
3 49 0.1
3 40 0.9
3 54 0.5
3 60 0.7
3 29 0.1
3 39 0.3
3 67 0.3
4 61 0.5
4 32 0.7
4 20 0.7
4 71 0.3
4 65 0.5
5 39 0.3
5 8 0.1
5 52 0.7
5 37 0.9
5 24 0.5
6 39 0.1
7 61 0.7
7 38 0.3
8 32 0.5
8 37 0.5
9 10 0.5
9 48 0.5
10 17 0.7
10 34 0.1
11 47 0.5
11 70 0.9
12 62 0.3
12 23 0.5
12 44 0.7
12 48 0.1
13 75 0.9
13 20 0.7
13 33 0.7
13 49 0.3
13 41 0.1
13 35 0.9
14 79 0.9
14 60 0.3
14 37 0.1
14 43 0.9
14 58 0.5
14 52 0.3
14 57 0.5
15 63 0.7
15 37 0.3
16 65 0.7
16 27 0.7
16 18 0.5
17 72 0.1
17 62 0.7
18 50 0.9
20 21 0.5
20 53 0.5
21 34 0.5
21 79 0.9
22 53 0.7
22 70 0.1
23 74 0.9
23 44 0.7
24 38 0.1
24 53 0.7
24 63 0.7
25 70 0.3
25 48 0.5
25 41 0.3
26 48 0.7
26 54 0.9
26 77 0.7
26 73 0.7
27 48 0.5
27 75 0.3
27 34 0.3
27 68 0.5
28 67 0.5
28 58 0.3
28 66 0.5
28 57 0.1
28 72 0.5
29 34 0.3
29 70 0.7
29 44 0.3
29 64 0.5
29 51 0.3
30 68 0.1
30 77 0.1
30 75 0.5
31 51 0.5
31 34 0.7
32 67 0.1
32 65 0.9
32 72 0.5
32 47 0.3
34 58 0.9
34 42 0.1
36 75 0.5
36 51 0.7
37 58 0.5
37 64 0.3
37 46 0.3
38 39 0.3
41 63 0.5
41 54 0.9
41 78 0.3
42 64 0.9
42 78 0.9
43 49 0.7
43 54 0.3
44 65 0.3
44 53 0.1
44 70 0.1
45 73 0.9
45 62 0.9
46 70 0.7
46 72 0.3
47 62 0.5
50 75 0.3
50 66 0.7
50 74 0.3
50 73 0.3
52 64 0.1
53 71 0.9
54 64 0.1
54 69 0.5
55 77 0.7
55 75 0.3
56 63 0.5
56 65 0.3
57 60 0.1
57 64 0.5
58 76 0.3
58 72 0.1
62 68 0.5
63 64 0.1
64 76 0.7
66 71 0.5
68 72 0.5
69 70 0.3
69 79 0.9
70 77 0.7
70 74 0.5
70 73 0.3
75 78 0.5
