45 67 num_nodes 45
0 12 0.9
0 24 0.9
1 2 0.9
1 14 0.3
1 5 0.7
1 23 0.3
2 38 0.5
2 27 0.5
3 5 0.3
3 6 0.7
3 17 0.1
3 13 0.3
3 23 0.9
4 21 0.7
4 7 0.1
5 23 0.9
6 43 0.7
8 11 0.9
8 33 0.3
8 16 0.7
10 42 0.5
10 27 0.5
10 35 0.3
10 28 0.3
10 44 0.1
10 11 0.5
11 15 0.9
11 20 0.1
11 28 0.5
11 23 0.1
13 38 0.1
13 31 0.3
14 20 0.5
14 37 0.5
15 31 0.5
15 17 0.1
15 43 0.9
16 19 0.3
17 32 0.7
17 31 0.7
17 39 0.9
19 30 0.3
19 32 0.3
19 26 0.1
20 24 0.1
22 23 0.1
22 42 0.3
22 36 0.1
23 32 0.7
23 29 0.9
23 37 0.7
25 40 0.1
25 29 0.5
26 33 0.9
27 33 0.1
28 34 0.9
29 35 0.9
31 42 0.9
32 41 0.7
33 41 0.3
33 35 0.1
33 44 0.1
35 43 0.7
36 41 0.7
37 43 0.9
37 39 0.1
39 43 0.3
