45 90 num_nodes 45
0 38 0.7
0 24 0.3
0 19 0.1
0 26 0.7
1 17 0.9
1 43 0.3
1 9 0.7
1 24 0.3
1 31 0.1
2 19 0.9
2 8 0.1
2 38 0.9
2 39 0.7
2 15 0.1
2 12 0.1
2 21 0.9
3 40 0.5
3 37 0.3
4 37 0.9
4 42 0.1
4 30 0.9
4 26 0.3
4 6 0.7
5 22 0.3
6 23 0.3
6 41 0.1
6 39 0.5
7 18 0.7
7 26 0.3
8 34 0.5
8 28 0.3
8 24 0.5
8 40 0.1
9 40 0.7
9 33 0.9
9 44 0.1
10 37 0.5
10 44 0.3
11 23 0.1
11 20 0.7
12 30 0.5
13 31 0.7
13 40 0.3
14 35 0.3
14 40 0.5
14 21 0.5
15 37 0.9
15 19 0.3
16 30 0.3
16 43 0.9
16 39 0.1
16 27 0.7
16 23 0.3
17 38 0.5
17 36 0.3
17 32 0.9
18 27 0.7
18 26 0.9
19 26 0.5
19 33 0.3
19 37 0.7
20 34 0.7
20 23 0.1
20 37 0.5
20 38 0.3
21 35 0.7
21 40 0.9
22 36 0.5
22 29 0.7
22 43 0.9
23 38 0.1
24 27 0.7
24 32 0.5
24 37 0.9
24 29 0.3
24 33 0.3
25 30 0.1
25 36 0.3
26 37 0.9
27 40 0.5
29 40 0.1
30 40 0.7
30 38 0.5
34 35 0.7
34 37 0.1
34 38 0.3
35 43 0.1
37 39 0.3
38 41 0.5
42 44 0.9
