80 120 num_nodes 80
0 38 0.1
0 27 0.9
1 73 0.1
1 78 0.9
2 51 0.5
2 41 0.1
3 33 0.9
3 58 0.9
3 56 0.3
4 41 0.3
4 62 0.7
4 10 0.3
5 33 0.3
5 10 0.1
5 45 0.7
5 46 0.7
5 77 0.1
5 63 0.1
5 50 0.5
6 40 0.9
6 25 0.9
7 28 0.3
7 29 0.7
7 21 0.9
7 34 0.5
8 11 0.7
8 52 0.9
9 37 0.7
9 63 0.5
10 36 0.7
11 77 0.7
11 70 0.5
11 49 0.5
12 41 0.5
12 56 0.3
13 50 0.1
13 22 0.3
14 26 0.7
14 72 0.1
14 32 0.7
14 76 0.7
15 42 0.7
15 67 0.5
16 79 0.9
17 32 0.3
18 25 0.3
18 41 0.7
19 61 0.5
19 41 0.5
19 76 0.1
20 57 0.9
20 42 0.5
20 27 0.1
20 77 0.1
21 39 0.1
21 58 0.3
21 73 0.5
21 59 0.5
22 31 0.3
22 37 0.9
23 35 0.3
24 34 0.3
24 52 0.1
24 79 0.5
24 63 0.7
24 35 0.3
25 56 0.5
25 71 0.9
25 61 0.9
25 30 0.9
26 54 0.3
26 29 0.7
26 55 0.7
27 33 0.3
27 54 0.7
27 34 0.9
28 53 0.7
28 70 0.7
29 39 0.7
30 38 0.7
30 78 0.5
31 64 0.5
31 74 0.7
31 56 0.7
31 67 0.3
32 77 0.3
33 53 0.7
35 46 0.1
35 60 0.7
35 59 0.1
35 74 0.5
36 55 0.1
36 41 0.1
37 70 0.3
37 47 0.9
37 73 0.9
37 56 0.1
37 52 0.5
37 43 0.3
39 65 0.5
40 60 0.1
41 75 0.1
42 71 0.7
43 49 0.5
43 60 0.3
43 50 0.5
45 55 0.1
48 76 0.7
48 50 0.3
49 51 0.1
51 72 0.1
52 79 0.3
52 56 0.3
53 67 0.7
54 76 0.3
60 72 0.1
60 67 0.7
62 69 0.7
62 71 0.3
66 68 0.5
