45 67 num_nodes 45
0 15 0.7
0 8 0.7
0 13 0.1
0 38 0.5
0 28 0.3
1 29 0.3
1 19 0.9
1 16 0.5
1 35 0.1
2 11 0.5
2 18 0.7
2 15 0.5
3 10 0.9
3 11 0.1
4 8 0.7
4 16 0.9
4 19 0.9
5 27 0.9
5 19 0.3
5 40 0.9
5 38 0.1
6 36 0.7
6 29 0.7
7 23 0.3
7 15 0.3
8 28 0.3
9 10 0.5
9 23 0.9
9 44 0.9
10 24 0.3
10 13 0.3
10 18 0.3
11 17 0.3
11 44 0.9
11 20 0.3
11 19 0.1
12 20 0.9
12 24 0.9
12 39 0.7
13 26 0.3
13 40 0.7
13 21 0.5
15 41 0.7
15 30 0.1
16 39 0.5
16 33 0.1
17 21 0.1
19 21 0.7
19 22 0.3
19 30 0.1
20 43 0.7
21 43 0.7
22 44 0.3
22 25 0.9
22 29 0.7
22 32 0.5
23 26 0.5
23 37 0.1
24 34 0.5
24 37 0.5
25 34 0.1
30 44 0.1
32 39 0.1
33 41 0.5
34 43 0.5
34 44 0.9
37 38 0.1
