55 110 num_nodes 55
0 49 0.3
0 24 0.9
0 14 0.1
0 46 0.9
0 34 0.1
0 28 0.9
1 53 0.9
1 20 0.7
1 33 0.3
1 18 0.5
1 30 0.3
1 38 0.1
1 5 0.3
2 54 0.9
2 19 0.7
2 53 0.3
3 27 0.1
4 48 0.7
4 43 0.9
4 18 0.9
5 23 0.9
5 11 0.9
6 31 0.7
6 37 0.9
6 11 0.5
6 32 0.9
7 16 0.9
7 18 0.3
7 17 0.9
8 36 0.5
8 51 0.1
10 49 0.7
10 41 0.1
10 32 0.7
10 42 0.1
11 42 0.9
11 40 0.3
11 22 0.9
12 42 0.9
12 49 0.5
12 32 0.9
13 50 0.5
13 43 0.3
13 35 0.3
14 51 0.1
14 48 0.1
14 35 0.5
14 22 0.3
14 43 0.1
14 25 0.7
15 30 0.9
15 17 0.7
16 52 0.1
16 33 0.1
17 46 0.3
17 42 0.7
17 41 0.5
18 19 0.9
21 47 0.1
21 29 0.5
22 32 0.9
22 29 0.5
22 52 0.9
22 26 0.1
23 35 0.3
23 25 0.7
23 30 0.5
24 41 0.9
24 27 0.3
24 50 0.1
25 37 0.5
25 26 0.3
26 53 0.5
26 31 0.1
27 46 0.7
27 32 0.3
28 30 0.7
28 44 0.7
28 31 0.1
28 42 0.1
29 48 0.9
31 48 0.3
31 37 0.1
31 46 0.1
32 53 0.9
32 54 0.1
32 47 0.7
33 53 0.5
33 49 0.3
34 41 0.5
34 35 0.1
34 39 0.9
35 41 0.5
35 38 0.1
35 36 0.7
35 37 0.9
35 51 0.3
36 54 0.7
37 39 0.1
38 48 0.3
39 50 0.1
39 51 0.5
40 46 0.9
43 47 0.1
44 49 0.5
45 46 0.1
45 54 0.3
47 51 0.7
51 54 0.7
52 54 0.5
