55 110 num_nodes 55
0 46 0.9
0 44 0.7
0 2 0.7
1 23 0.7
1 11 0.9
1 5 0.3
1 2 0.1
1 46 0.5
1 31 0.5
1 6 0.9
2 37 0.7
2 17 0.7
2 48 0.3
2 50 0.5
2 16 0.1
3 54 0.7
3 36 0.3
3 41 0.3
3 13 0.7
3 23 0.7
4 50 0.9
4 7 0.9
5 14 0.7
6 47 0.5
6 48 0.3
7 47 0.3
8 32 0.5
8 33 0.7
8 52 0.5
9 15 0.5
9 30 0.7
10 47 0.9
10 43 0.3
10 33 0.5
10 28 0.9
10 39 0.1
11 35 0.1
11 20 0.9
11 23 0.1
11 33 0.7
12 52 0.1
13 38 0.5
13 31 0.3
14 15 0.3
14 42 0.1
14 43 0.3
15 33 0.3
15 52 0.3
15 43 0.1
16 38 0.7
16 23 0.3
17 31 0.1
17 49 0.3
17 37 0.1
17 54 0.5
18 21 0.7
19 54 0.9
19 30 0.5
19 51 0.7
19 46 0.3
19 28 0.1
20 29 0.1
20 52 0.3
20 53 0.5
20 32 0.3
21 52 0.9
22 37 0.9
22 50 0.9
22 29 0.7
22 39 0.3
23 53 0.1
23 34 0.9
23 32 0.7
23 50 0.1
23 54 0.1
24 27 0.7
24 37 0.1
25 51 0.9
25 48 0.7
25 31 0.5
26 47 0.9
26 37 0.9
27 40 0.3
27 45 0.7
28 32 0.9
28 50 0.3
29 41 0.1
29 42 0.9
29 31 0.1
31 32 0.9
32 46 0.1
32 43 0.1
32 53 0.3
32 35 0.5
32 33 0.3
33 48 0.9
35 46 0.9
35 49 0.1
36 46 0.3
37 49 0.5
38 47 0.7
39 41 0.1
39 43 0.7
39 45 0.5
40 47 0.9
42 51 0.9
42 43 0.5
44 53 0.1
45 47 0.7
45 53 0.1
