55 110 num_nodes 55
0 38 0.1
0 47 0.9
0 19 0.3
0 21 0.1
1 49 0.5
1 43 0.5
1 18 0.3
1 24 0.9
1 31 0.9
2 19 0.7
2 6 0.7
2 38 0.5
2 24 0.5
2 15 0.7
2 12 0.3
2 21 0.9
3 40 0.3
3 37 0.9
4 37 0.7
4 10 0.1
4 7 0.1
4 51 0.9
4 6 0.7
5 22 0.5
6 36 0.5
6 39 0.1
7 26 0.9
8 34 0.7
8 23 0.5
8 31 0.7
8 24 0.3
8 40 0.3
9 14 0.9
9 40 0.1
9 26 0.3
9 44 0.7
10 44 0.7
11 23 0.5
11 20 0.9
12 14 0.5
13 16 0.5
13 40 0.3
14 21 0.3
15 37 0.1
15 45 0.1
16 35 0.9
16 39 0.3
16 33 0.5
16 23 0.1
17 52 0.3
17 54 0.7
17 18 0.9
17 32 0.5
17 27 0.3
17 47 0.7
18 26 0.5
19 54 0.3
19 27 0.1
19 35 0.1
19 37 0.7
20 44 0.5
20 23 0.9
20 37 0.1
20 38 0.3
21 35 0.3
21 40 0.9
22 36 0.1
22 29 0.3
22 43 0.7
23 38 0.7
23 48 0.9
24 33 0.1
24 46 0.3
24 53 0.5
24 29 0.9
25 40 0.9
25 27 0.7
26 32 0.3
26 37 0.1
26 50 0.7
27 43 0.5
27 49 0.1
28 36 0.9
29 40 0.5
30 40 0.9
30 53 0.1
30 45 0.1
30 35 0.5
30 38 0.9
30 54 0.9
32 51 0.7
34 53 0.7
34 37 0.5
34 36 0.5
34 38 0.7
35 43 0.7
36 53 0.9
37 48 0.3
37 45 0.7
37 39 0.1
38 42 0.9
38 41 0.9
38 45 0.7
39 48 0.7
40 49 0.9
40 46 0.7
41 45 0.5
42 49 0.9
45 50 0.9
46 51 0.1
