55 110 num_nodes 55
0 18 0.9
0 36 0.9
1 4 0.3
1 13 0.9
1 2 0.1
1 20 0.9
2 51 0.5
2 5 0.5
2 23 0.5
2 38 0.5
2 20 0.9
2 14 0.3
2 12 0.7
2 16 0.3
3 48 0.5
3 53 0.5
3 47 0.9
4 26 0.3
4 18 0.7
5 9 0.3
5 23 0.9
5 17 0.7
5 18 0.9
6 46 0.9
6 16 0.9
6 20 0.9
6 28 0.9
7 15 0.3
7 13 0.1
7 53 0.1
8 16 0.1
9 21 0.7
9 20 0.5
9 43 0.1
10 12 0.1
10 28 0.9
10 21 0.1
10 29 0.5
10 38 0.7
11 52 0.3
11 15 0.3
11 17 0.9
11 21 0.3
12 26 0.7
12 43 0.5
12 40 0.9
12 35 0.9
12 39 0.7
12 41 0.3
12 30 0.7
13 27 0.7
13 31 0.9
14 33 0.9
14 19 0.9
14 45 0.3
15 19 0.9
15 30 0.5
15 37 0.3
15 28 0.3
15 41 0.3
15 16 0.7
16 51 0.3
16 52 0.7
17 49 0.3
17 51 0.5
17 33 0.5
17 48 0.1
18 51 0.5
18 19 0.1
18 27 0.3
18 29 0.3
18 20 0.5
18 28 0.7
18 36 0.5
18 33 0.7
19 53 0.7
19 54 0.5
20 40 0.1
21 42 0.9
22 27 0.9
22 44 0.7
23 34 0.1
23 50 0.3
23 51 0.5
24 32 0.5
24 38 0.5
25 30 0.5
25 35 0.3
26 39 0.9
26 49 0.9
26 31 0.5
26 28 0.9
27 38 0.7
27 53 0.3
28 40 0.3
29 40 0.5
30 44 0.7
31 34 0.1
32 48 0.9
34 41 0.3
35 52 0.7
36 45 0.3
37 47 0.1
37 39 0.9
38 54 0.7
40 46 0.9
41 53 0.3
41 49 0.3
43 47 0.1
43 52 0.7
