55 110 num_nodes 55
0 15 0.9
0 8 0.7
0 13 0.1
0 38 0.9
0 53 0.5
1 53 0.5
1 23 0.7
1 47 0.5
1 25 0.9
2 28 0.1
2 18 0.1
2 25 0.9
2 51 0.7
3 10 0.7
3 16 0.3
3 5 0.5
3 40 0.3
3 54 0.7
4 8 0.1
4 21 0.9
4 50 0.5
5 27 0.9
5 19 0.3
5 51 0.5
5 31 0.7
6 36 0.5
6 37 0.1
6 26 0.9
7 23 0.5
7 48 0.9
7 9 0.5
8 28 0.9
8 46 0.5
8 36 0.7
9 16 0.9
9 23 0.3
9 40 0.3
9 26 0.1
9 29 0.7
10 24 0.3
10 26 0.5
10 46 0.9
10 27 0.1
10 33 0.7
11 49 0.3
11 13 0.3
11 20 0.1
11 45 0.3
11 19 0.7
11 34 0.5
11 21 0.1
12 34 0.9
12 44 0.9
12 39 0.9
13 46 0.7
13 49 0.9
13 21 0.7
13 53 0.9
15 41 0.3
15 30 0.9
15 52 0.5
15 47 0.5
16 39 0.7
16 33 0.3
16 52 0.3
17 26 0.7
17 21 0.5
17 18 0.1
17 32 0.7
18 20 0.3
18 26 0.1
19 24 0.3
19 52 0.1
19 22 0.3
19 30 0.1
20 43 0.1
20 30 0.9
21 31 0.9
22 47 0.3
22 54 0.5
22 29 0.5
22 32 0.1
22 38 0.5
23 26 0.3
23 51 0.9
23 32 0.5
24 34 0.5
24 37 0.1
24 52 0.3
25 30 0.5
29 49 0.3
29 41 0.7
29 31 0.9
30 44 0.1
31 40 0.3
32 39 0.7
33 41 0.9
34 44 0.5
34 38 0.7
35 50 0.7
37 38 0.3
39 54 0.9
40 43 0.3
40 50 0.5
43 45 0.5
44 50 0.3
44 46 0.1
47 53 0.3
47 49 0.7
48 51 0.7
