80 160 edge_degree 2.0
0 57 0.9
0 49 0.1
0 68 0.7
1 69 0.5
1 25 0.7
1 35 0.9
1 16 0.5
1 78 0.1
1 11 0.7
2 3 0.9
2 37 0.5
2 57 0.3
2 55 0.7
2 28 0.9
2 63 0.7
2 20 0.5
3 49 0.3
3 40 0.7
3 54 0.3
3 60 0.5
3 29 0.9
3 39 0.1
3 67 0.1
4 61 0.7
4 32 0.5
4 20 0.3
4 71 0.9
4 65 0.1
5 39 0.3
5 8 0.7
5 52 0.5
5 37 0.1
5 24 0.1
6 39 0.7
7 61 0.5
7 38 0.5
8 32 0.9
8 37 0.7
9 10 0.9
9 48 0.7
10 17 0.5
10 34 0.1
11 47 0.9
11 70 0.5
12 62 0.3
12 23 0.1
12 44 0.3
12 48 0.1
13 75 0.7
13 20 0.5
13 33 0.7
13 49 0.7
13 41 0.1
13 35 0.5
14 79 0.5
14 60 0.1
14 37 0.7
14 43 0.9
14 58 0.5
14 52 0.3
14 57 0.7
15 63 0.1
15 37 0.9
16 65 0.5
16 27 0.9
16 18 0.7
17 72 0.9
17 62 0.9
18 50 0.3
20 21 0.1
20 53 0.3
21 34 0.7
21 79 0.9
22 53 0.7
22 70 0.3
23 74 0.7
23 44 0.1
24 38 0.9
24 53 0.7
24 63 0.1
25 70 0.3
25 48 0.3
25 41 0.5
26 48 0.1
26 54 0.5
26 77 0.9
26 73 0.5
27 48 0.7
27 75 0.7
27 34 0.3
27 68 0.7
28 67 0.1
28 58 0.9
28 66 0.3
28 57 0.9
28 72 0.1
29 34 0.9
29 70 0.7
29 44 0.5
29 64 0.3
29 51 0.5
30 68 0.1
30 77 0.5
30 75 0.7
31 51 0.7
31 34 0.5
32 67 0.3
32 65 0.3
32 72 0.5
32 47 0.1
34 58 0.1
34 42 0.7
36 75 0.3
36 51 0.1
37 58 0.9
37 64 0.9
37 46 0.9
38 39 0.7
41 63 0.7
41 54 0.7
41 78 0.1
42 64 0.1
42 78 0.1
43 49 0.5
43 54 0.9
44 65 0.1
44 53 0.3
44 70 0.5
45 73 0.1
45 62 0.7
46 70 0.7
46 72 0.9
47 62 0.5
50 75 0.7
50 66 0.9
50 74 0.3
50 73 0.7
52 64 0.5
53 71 0.5
54 64 0.5
54 69 0.7
55 77 0.5
55 75 0.7
56 63 0.3
56 65 0.1
57 60 0.7
57 64 0.9
58 76 0.7
58 72 0.5
62 68 0.5
63 64 0.9
64 76 0.5
66 71 0.3
68 72 0.7
69 70 0.1
69 79 0.1
70 77 0.9
70 74 0.1
70 73 0.9
75 78 0.1
