30 75 edge_degree 2.5
0 27 0.9
0 7 0.3
0 23 0.9
1 2 0.7
1 19 0.1
1 28 0.5
1 3 0.3
1 8 0.7
2 11 0.3
2 25 0.9
3 29 0.9
4 5 0.9
5 26 0.3
5 13 0.9
5 17 0.1
5 7 0.1
5 10 0.7
5 28 0.9
5 14 0.3
6 19 0.5
6 15 0.9
6 23 0.3
7 16 0.5
7 10 0.5
7 18 0.9
8 9 0.5
8 16 0.3
8 15 0.3
8 19 0.3
9 15 0.5
9 25 0.7
9 23 0.1
10 29 0.1
10 26 0.3
11 17 0.3
11 14 0.9
11 16 0.7
11 25 0.3
11 18 0.9
11 27 0.9
11 21 0.5
12 20 0.7
12 29 0.7
12 24 0.9
13 28 0.3
13 23 0.3
13 18 0.1
14 29 0.5
14 25 0.3
14 20 0.5
14 28 0.9
14 23 0.5
15 29 0.9
15 21 0.1
16 27 0.3
16 28 0.5
16 29 0.5
16 17 0.7
17 21 0.7
17 29 0.1
18 21 0.3
18 23 0.1
18 20 0.3
19 20 0.9
19 28 0.3
21 27 0.7
21 29 0.7
21 28 0.9
22 23 0.9
22 26 0.5
23 25 0.1
24 29 0.5
25 26 0.7
26 29 0.5
28 29 0.1
