80 160 edge_degree 2.0
0 9 0.5
0 61 0.9
0 62 0.5
0 41 0.5
1 60 0.7
1 8 0.7
1 43 0.9
1 61 0.3
2 37 0.5
2 40 0.3
2 75 0.1
2 7 0.3
2 30 0.9
3 34 0.1
3 35 0.9
3 13 0.5
4 17 0.3
4 39 0.3
4 68 0.3
4 67 0.7
4 52 0.7
4 28 0.7
4 65 0.1
4 61 0.1
5 38 0.3
5 15 0.9
5 48 0.7
5 43 0.3
5 31 0.3
6 73 0.1
6 52 0.9
6 34 0.3
6 60 0.7
6 8 0.7
7 42 0.7
7 61 0.3
7 16 0.1
8 77 0.7
8 61 0.1
8 44 0.7
8 75 0.3
9 40 0.3
10 43 0.5
10 79 0.1
11 61 0.9
11 65 0.3
12 46 0.1
12 13 0.1
13 27 0.3
13 76 0.1
13 79 0.7
14 78 0.1
15 36 0.1
15 28 0.1
15 21 0.7
15 25 0.7
15 68 0.3
16 69 0.3
16 72 0.1
16 53 0.3
16 43 0.7
16 35 0.1
17 56 0.3
17 48 0.7
17 75 0.7
19 50 0.1
19 29 0.9
19 52 0.3
19 33 0.7
19 25 0.7
20 75 0.1
20 77 0.1
20 40 0.7
21 56 0.5
21 30 0.5
22 40 0.9
23 46 0.7
23 55 0.1
23 73 0.1
24 29 0.7
24 40 0.1
24 33 0.3
25 52 0.1
25 55 0.3
27 63 0.3
27 72 0.3
28 34 0.3
28 42 0.9
28 45 0.3
29 43 0.9
30 75 0.5
30 64 0.7
30 55 0.9
30 41 0.7
31 34 0.5
32 47 0.7
32 69 0.9
33 70 0.1
33 55 0.7
33 66 0.9
33 76 0.9
34 73 0.9
34 64 0.7
34 57 0.5
34 59 0.1
35 70 0.5
35 62 0.9
35 43 0.9
36 69 0.9
37 78 0.5
37 66 0.7
37 53 0.1
38 53 0.5
38 55 0.1
38 70 0.3
38 58 0.7
38 48 0.5
38 64 0.7
38 46 0.3
39 64 0.9
40 46 0.3
40 47 0.3
41 69 0.9
41 76 0.3
42 75 0.9
44 73 0.9
44 75 0.3
44 53 0.7
44 49 0.5
45 59 0.5
45 77 0.3
47 77 0.1
48 58 0.1
48 78 0.9
49 66 0.3
49 54 0.7
49 64 0.3
49 75 0.7
50 73 0.3
51 73 0.7
52 74 0.3
52 72 0.5
53 54 0.3
53 74 0.5
54 66 0.7
55 71 0.5
58 66 0.1
60 74 0.5
60 69 0.5
60 70 0.1
60 76 0.1
62 64 0.1
65 79 0.9
67 68 0.9
67 79 0.7
68 74 0.3
71 76 0.3
72 73 0.5
75 76 0.5
77 78 0.3
