80 200 edge_degree 2.5
0 76 0.7
0 47 0.9
0 44 0.9
0 32 0.9
0 38 0.9
1 27 0.1
1 57 0.7
1 74 0.3
1 61 0.9
1 24 0.9
2 38 0.1
2 32 0.5
2 70 0.7
2 40 0.3
2 16 0.3
3 59 0.9
3 34 0.3
3 61 0.1
3 67 0.5
4 37 0.3
4 30 0.9
4 7 0.5
4 39 0.5
4 53 0.7
4 47 0.9
4 60 0.9
4 16 0.3
5 23 0.1
5 60 0.1
5 37 0.7
6 31 0.9
6 20 0.3
6 17 0.7
7 22 0.7
7 53 0.9
8 33 0.1
8 43 0.5
8 46 0.1
8 59 0.9
9 20 0.7
9 75 0.3
10 19 0.3
10 76 0.5
10 53 0.1
11 55 0.3
11 69 0.3
11 62 0.1
11 77 0.5
12 38 0.5
13 69 0.7
13 59 0.1
13 52 0.1
13 48 0.1
14 20 0.1
14 18 0.5
14 40 0.9
14 70 0.3
15 31 0.7
15 79 0.1
15 77 0.7
16 26 0.1
16 72 0.7
16 45 0.3
17 79 0.3
17 25 0.5
17 50 0.9
18 21 0.1
18 46 0.9
18 53 0.7
18 37 0.5
18 66 0.9
18 20 0.9
18 41 0.3
18 36 0.9
18 39 0.1
19 47 0.1
19 34 0.7
19 54 0.9
20 25 0.9
20 76 0.1
21 55 0.1
21 66 0.3
21 67 0.1
21 78 0.5
21 28 0.1
21 61 0.5
22 39 0.9
22 63 0.9
22 43 0.7
22 57 0.5
23 49 0.1
23 26 0.3
23 40 0.1
23 43 0.1
23 79 0.9
23 28 0.1
23 61 0.3
24 70 0.5
25 69 0.1
25 49 0.1
25 79 0.5
25 46 0.3
25 37 0.7
26 27 0.1
26 43 0.3
26 30 0.9
28 63 0.1
31 48 0.3
31 73 0.5
31 56 0.1
31 35 0.7
31 62 0.5
32 79 0.5
32 67 0.1
32 58 0.7
32 41 0.1
32 53 0.9
33 37 0.3
33 76 0.1
34 65 0.9
35 52 0.7
35 43 0.3
35 37 0.5
35 62 0.7
35 59 0.7
35 44 0.5
36 64 0.1
36 61 0.3
36 37 0.3
36 38 0.9
36 60 0.5
37 40 0.1
37 69 0.1
37 74 0.1
37 61 0.1
37 78 0.3
38 42 0.5
38 53 0.3
38 63 0.3
39 45 0.9
39 61 0.1
39 40 0.1
39 62 0.9
40 61 0.3
41 72 0.1
42 63 0.3
42 46 0.9
42 68 0.9
43 65 0.1
43 68 0.1
44 59 0.9
44 76 0.1
44 45 0.3
44 52 0.5
44 51 0.1
45 67 0.1
45 51 0.7
45 65 0.7
45 75 0.1
46 53 0.3
46 71 0.5
46 75 0.7
47 60 0.3
47 75 0.5
47 59 0.1
48 74 0.3
48 68 0.9
48 78 0.1
48 76 0.9
48 72 0.1
48 49 0.9
49 61 0.7
50 60 0.9
51 68 0.3
51 60 0.7
52 53 0.9
54 55 0.9
55 74 0.9
56 79 0.7
56 75 0.7
58 79 0.9
58 62 0.9
58 70 0.1
60 61 0.5
60 70 0.9
60 66 0.3
61 72 0.5
63 77 0.5
63 70 0.3
64 70 0.3
65 78 0.3
66 74 0.9
68 72 0.5
68 71 0.5
69 78 0.1
69 74 0.9
70 79 0.5
70 78 0.1
73 76 0.1
75 77 0.3
