80 160 Varying K 11
0 49 0.3
0 4 0.1
0 67 0.9
0 9 0.3
1 24 0.7
2 5 0.5
2 71 0.9
2 12 0.9
2 74 0.9
2 46 0.9
2 39 0.1
2 25 0.9
3 46 0.9
3 22 0.1
3 31 0.5
3 8 0.3
3 39 0.7
3 13 0.5
3 66 0.1
3 36 0.3
3 79 0.1
4 74 0.5
4 34 0.5
4 54 0.7
4 32 0.7
4 65 0.9
4 19 0.5
4 11 0.9
5 75 0.1
5 77 0.3
5 60 0.7
6 73 0.1
6 75 0.5
7 11 0.9
7 13 0.3
7 26 0.5
7 46 0.3
7 17 0.3
7 57 0.9
8 53 0.5
9 43 0.3
9 56 0.5
9 28 0.5
9 12 0.7
10 46 0.7
10 14 0.5
10 32 0.1
10 78 0.3
10 54 0.3
11 40 0.1
11 65 0.7
12 21 0.5
12 61 0.1
12 52 0.3
13 29 0.1
13 30 0.7
13 27 0.9
13 39 0.7
14 36 0.1
14 20 0.5
14 73 0.5
15 66 0.9
15 32 0.5
16 20 0.3
16 57 0.7
16 37 0.9
17 65 0.7
17 66 0.5
17 59 0.7
18 43 0.7
18 47 0.1
18 69 0.5
19 31 0.1
19 79 0.1
20 55 0.5
20 57 0.7
20 29 0.9
21 39 0.3
21 67 0.3
21 41 0.1
22 71 0.1
22 41 0.5
22 46 0.1
22 45 0.1
23 57 0.9
23 66 0.5
23 29 0.7
23 74 0.9
24 62 0.3
26 39 0.1
26 55 0.9
26 59 0.9
27 77 0.9
27 48 0.5
28 62 0.5
28 60 0.7
29 30 0.7
29 58 0.9
29 31 0.1
29 75 0.1
31 67 0.9
31 34 0.5
32 77 0.7
32 47 0.3
32 46 0.9
33 51 0.3
33 70 0.5
34 78 0.7
34 75 0.1
34 61 0.3
35 62 0.9
35 54 0.9
37 47 0.1
37 63 0.9
37 50 0.7
38 64 0.5
39 61 0.5
39 68 0.7
39 47 0.1
40 59 0.1
41 65 0.7
42 50 0.9
43 62 0.3
44 72 0.7
44 78 0.9
44 50 0.3
45 46 0.3
45 65 0.1
45 58 0.7
46 65 0.7
46 75 0.7
46 79 0.1
46 78 0.7
47 69 0.1
47 50 0.5
48 54 0.3
49 52 0.3
50 65 0.3
50 62 0.5
51 59 0.5
52 75 0.7
52 62 0.1
53 67 0.5
53 77 0.9
53 62 0.9
54 65 0.9
56 64 0.5
57 70 0.3
58 59 0.5
58 71 0.9
61 67 0.1
62 65 0.5
62 76 0.7
63 64 0.1
64 78 0.1
65 71 0.5
66 71 0.7
66 74 0.3
73 74 0.7
75 78 0.9
