80 160 Varying K 11
0 38 0.3
0 27 0.1
0 69 0.7
0 21 0.5
0 6 0.5
1 73 0.7
1 78 0.7
1 66 0.1
2 51 0.7
2 41 0.1
3 33 0.1
3 58 0.3
3 56 0.3
4 41 0.3
4 62 0.1
4 10 0.5
5 33 0.3
5 10 0.3
5 45 0.7
5 46 0.5
5 77 0.3
5 63 0.9
5 50 0.3
5 17 0.7
6 40 0.1
6 25 0.3
7 28 0.1
7 29 0.1
7 21 0.3
7 34 0.7
8 11 0.1
8 52 0.7
8 25 0.3
9 37 0.7
9 63 0.7
9 10 0.3
9 14 0.7
9 66 0.3
10 36 0.7
10 46 0.7
11 77 0.1
11 70 0.1
11 49 0.9
12 41 0.1
12 56 0.3
12 51 0.9
13 50 0.1
13 22 0.9
14 26 0.1
14 72 0.3
14 32 0.9
14 76 0.7
14 69 0.3
15 42 0.3
15 67 0.9
15 54 0.3
15 39 0.7
16 79 0.9
17 32 0.9
18 25 0.9
18 41 0.5
18 32 0.1
19 61 0.1
19 41 0.7
19 76 0.3
19 22 0.3
20 57 0.5
20 42 0.3
20 27 0.9
20 77 0.7
20 47 0.1
21 39 0.9
21 58 0.7
21 73 0.9
21 59 0.9
21 71 0.5
22 31 0.7
22 37 0.5
23 35 0.9
23 29 0.7
24 34 0.3
24 52 0.1
24 79 0.3
24 63 0.1
24 35 0.5
25 56 0.1
25 71 0.1
25 61 0.7
25 30 0.1
26 54 0.3
26 29 0.9
26 55 0.7
26 48 0.5
27 33 0.1
27 54 0.3
27 34 0.1
28 53 0.1
28 70 0.1
29 39 0.5
29 62 0.5
30 38 0.9
30 78 0.9
31 64 0.1
31 74 0.1
31 56 0.3
31 67 0.1
31 52 0.9
32 77 0.5
33 53 0.1
33 43 0.3
35 46 0.1
35 60 0.7
35 59 0.5
35 74 0.5
36 55 0.1
36 41 0.3
37 70 0.5
37 47 0.3
37 73 0.1
37 56 0.7
37 52 0.1
37 43 0.7
37 45 0.7
38 44 0.5
38 61 0.9
39 65 0.7
39 49 0.1
39 72 0.7
40 60 0.1
40 78 0.5
41 75 0.7
41 63 0.3
42 71 0.9
43 49 0.1
43 60 0.9
43 50 0.5
45 55 0.9
46 79 0.7
48 76 0.5
48 50 0.9
49 51 0.5
50 56 0.9
51 72 0.1
52 79 0.5
52 56 0.9
53 67 0.5
53 56 0.7
54 76 0.5
55 65 0.5
56 64 0.7
58 69 0.9
59 69 0.7
60 72 0.3
60 67 0.1
61 67 0.5
62 69 0.3
62 71 0.3
62 76 0.7
66 68 0.3
78 79 0.3
