30 90 edge_degree 3.0
0 28 0.37367979903304704
0 22 0.5489390613939535
0 10 0.9054486363321131
0 23 0.48026584657610016
0 29 0.5427340782336578
0 15 0.7859279309395936
0 7 0.4945525154035576
0 12 0.2732278237110837
0 11 0.7059792419049862
1 15 0.46020538926565513
1 9 0.38594749503971126
1 13 0.9682291715500555
2 24 0.4745925374941108
2 11 0.2156861662836146
3 8 0.09517821705779594
3 15 0.9934884185636786
3 28 0.8716180541705058
3 5 0.5961621933265396
3 23 0.6587332109359798
3 16 0.9532187622931716
4 18 0.9423137622733062
4 25 0.4908053362381042
5 11 0.28763601435838015
5 24 0.7413463125730054
5 20 0.43301265385882426
5 16 0.25128454027173086
6 25 0.9949842421037377
6 13 0.42031791766482773
6 21 0.4159347673869097
6 24 0.06532685534333249
6 17 0.09176994846713404
7 18 0.6289114337052242
7 16 0.4375741642798123
7 11 0.48053667597987093
7 21 0.06724918018108395
7 24 0.3294547306034379
7 23 0.1061559095321073
7 12 0.07746206904455832
8 14 0.31846565771846846
8 29 0.9070746887633852
9 14 0.622905407633758
9 27 0.4925941609928832
10 28 0.9978031979758707
11 12 0.24507377825786825
11 16 0.7227468541034686
11 14 0.010908676259167804
11 18 0.14531918729866622
11 13 0.7384521460325972
12 20 0.8795763239547162
12 26 0.12935754381841036
12 21 0.2083206443045511
12 16 0.2858491617778596
12 25 0.02397432663938992
12 18 0.8586737007482228
13 19 0.21450824613766506
13 26 0.17409564924089282
13 16 0.7424379643586634
13 21 0.43553902796797095
14 15 0.812170662250409
14 24 0.7024916279858511
14 21 0.3680041800414816
15 24 0.046798375445567975
15 17 0.9227787345993536
15 27 0.9379924386943517
15 23 0.7891697575075602
15 26 0.5824510211754425
16 29 0.10492517472909535
16 26 0.38931634966573303
16 23 0.2759858377487492
16 24 0.5733081018598967
17 20 0.04170453537793917
17 29 0.13797448611398666
17 28 0.37932014544288317
17 27 0.8038152601100763
17 21 0.5607883479080826
18 28 0.7731593609702869
18 27 0.918898319520605
18 19 0.27448868852765484
19 23 0.693951810373635
19 25 0.9346080125188573
20 29 0.47751536181839327
20 23 0.09112316567863321
21 23 0.6549750099391826
22 23 0.1943063214521915
22 24 0.24936493091597367
22 27 0.4723665958351413
23 25 0.8521649797411212
25 27 0.09603099156204309
26 29 0.8893896400018527
26 28 0.44429742852946663
