30 90 edge_degree 3.0
0 27 0.05137829612967848
0 7 0.4917331389865781
0 23 0.7264406783345608
0 21 0.9291345412320703
0 2 0.7118454134231234
0 29 0.2917035411483505
1 2 0.3543082815213463
1 19 0.3669975848552519
1 28 0.32957026341049456
1 3 0.43821532505412
1 8 0.6016746627826721
1 23 0.20035463828558864
2 11 0.3457544517061636
2 25 0.26984545436344964
2 3 0.08334801177577567
3 29 0.1424745118921552
4 5 0.04817872195723416
4 27 0.8073077421122584
4 26 0.4392088583320092
5 26 0.8564469251129617
5 13 0.1425862684705579
5 17 0.512337575707625
5 7 0.1144267452430967
5 10 0.28146901368442534
5 28 0.5065608598951203
5 14 0.6330315902562448
5 29 0.5785192458171085
5 23 0.3352892805563513
6 19 0.35916751241992906
6 15 0.5705629866674725
6 23 0.0014799634112006022
6 26 0.6216763713311995
7 16 0.4505334289283367
7 10 0.06931911376371425
7 18 0.7580821722984827
7 8 0.03434979465180932
8 9 0.4102654064574285
8 16 0.03208710653188318
8 15 0.6383246879166883
8 19 0.14654247003305865
8 11 0.8239260697802353
9 15 0.3476873422839142
9 25 0.7082206517180515
9 23 0.0889861356419096
10 29 0.05992096973172678
10 26 0.21794889178584576
11 17 0.01972223209145696
11 14 0.8628357145570614
11 16 0.4854281682572499
11 25 0.6210926106081286
11 18 0.3841843459467684
11 27 0.31148359789543767
11 21 0.23314577534443182
12 20 0.654299323555249
12 29 0.30357482476397
12 24 0.6010343143731184
13 28 0.5563189506400508
13 23 0.32955248323663644
13 18 0.9513708973233505
14 29 0.14668322652968446
14 25 0.8577297411463572
14 20 0.7880811345486367
14 28 0.5766004434030313
14 23 0.2518471586419382
15 29 0.9231421676162389
15 21 0.45480771999933334
16 27 0.5506171868477706
16 28 0.9696688584115402
16 29 0.026312295649626005
16 17 0.04544923366426812
16 24 0.35703668290984203
16 22 0.5030394994199616
17 21 0.5068610949819454
17 29 0.18144554900925702
18 21 0.4345260904532825
18 23 0.1756954999829815
18 20 0.32807687838539223
19 20 0.21567591955622956
19 28 0.9447483928757968
21 27 0.581789852153883
21 29 0.07917179904325633
21 28 0.7659914603791507
22 23 0.3673064288583714
22 26 0.5116625883948462
22 24 0.5718776314697378
23 25 0.9800096273343825
24 29 0.9454764391009807
25 26 0.3359713044080065
26 29 0.14193612057355198
28 29 0.24360211739800874
