30 90 edge_degree 3.0
0 29 0.7300394036411186
0 21 0.47569602144230005
0 26 0.39979972017301024
0 4 0.67286668038459
0 9 0.6805334811796521
0 10 0.7871984832710925
0 12 0.23191775292149897
1 18 0.5123855405777761
1 4 0.06208330515365046
1 19 0.2630603180988931
1 12 0.2444581741733739
1 7 0.38809661052025723
1 6 0.09225552126811454
1 27 0.39101720923379435
2 19 0.30627430368690733
2 24 0.761027846689729
2 3 0.876356153683655
2 11 0.6328053387453624
2 25 0.34030159593581377
3 11 0.5109438001315926
3 18 0.5536328081710882
3 27 0.6994246723579725
3 17 0.06896872110818619
4 17 0.7528425600771171
4 27 0.7238395097585448
4 28 0.651078971131448
4 22 0.9140348621118914
4 11 0.10665486295935223
5 24 0.9893610788885909
5 22 0.3788464359334991
6 7 0.6666799591819652
6 15 0.3903745677608833
6 20 0.6979202557952742
7 18 0.9890283976973794
7 20 0.05535257244391523
7 29 0.6179134504875671
8 17 0.25851664751785897
8 27 0.7512572028795267
8 21 0.8570232731928171
8 9 0.46220276416594896
8 16 0.31497054244932343
8 19 0.8340952852797034
9 24 0.9678027871673909
9 13 0.8061084488891229
9 17 0.2104124336254296
10 28 0.6977770381487471
10 17 0.09277941878147034
10 18 0.9633619388755623
11 29 0.5223480376633185
11 17 0.05313624977546527
12 20 0.026698427388256785
12 23 0.18091332218325196
12 28 0.7061645239895936
12 18 0.8034815605069804
12 16 0.09099501387093656
13 29 0.27768284539905363
13 24 0.4736447831900704
13 18 0.7522440072474251
13 28 0.32347732958627706
13 20 0.1022133908012034
13 25 0.1627893573867063
14 29 0.01802386158873659
14 27 0.6407118247070674
15 19 0.26415798552350145
15 26 0.551729040005676
15 22 0.8124996578969169
15 17 0.3169011262746926
15 27 0.3442440739076126
15 20 0.9237360720587939
16 29 0.4643437893953868
16 26 0.226591690961086
17 26 0.5787891356461953
17 19 0.08026458845785722
18 20 0.7246078822049722
18 25 0.72054772810866
18 28 0.7325568918593134
18 26 0.1578429663824361
18 22 0.5838228536632841
19 21 0.9742958943540824
19 24 0.07425241792299897
19 25 0.5519676410721697
20 27 0.2235080824227338
20 22 0.8438602872655735
21 29 0.5813840247074642
22 25 0.16965059306017538
22 27 0.17341373797238913
22 23 0.3759422202880258
23 29 0.3224161162099368
27 28 0.4716266809143377
28 29 0.3614903243510712
