30 90 edge_degree 3.0
0 2 0.8936818854245923
0 29 0.08286592806738913
0 1 0.13655758731229106
0 10 0.5839389356027518
0 18 0.3301189927288565
1 7 0.020731170162693102
1 25 0.59731204373734
1 2 0.2725025770765849
1 26 0.8876101100360009
1 11 0.48947065199234185
1 3 0.9818024094353519
1 17 0.20894548864824258
2 4 0.07803113733207845
2 11 0.2207073074783401
2 8 0.12548273819485134
2 13 0.6925406978251152
2 28 0.4323404963087141
2 26 0.911180464704909
3 23 0.06791937177365825
3 26 0.9664353812329531
3 10 0.41855717733704967
3 14 0.7804410002789863
4 10 0.3838565963435995
4 24 0.861754669537858
4 8 0.1930397221016048
4 19 0.952542206619855
5 24 0.06329236857866383
5 6 0.4628888284556951
5 7 0.16040318394995856
5 14 0.009787586203689691
5 11 0.3157046322409508
5 29 0.8021055527953099
5 10 0.8381510625658313
5 23 0.07124511579968673
6 8 0.90586184732434
6 13 0.23401617399109975
6 21 0.2261273972015606
6 29 0.14280398379104708
6 28 0.6196218135400918
6 15 0.8144234874993769
7 9 0.7870437712129229
7 15 0.35563937605193285
7 22 0.4176176011495172
7 27 0.3735807208933698
7 10 0.915796233437686
8 11 0.08086336029228658
8 25 0.6284511615060357
8 26 0.08979923373016163
8 16 0.861507518831294
8 14 0.42351522587400925
8 24 0.823440779157006
9 29 0.7305629208228416
9 26 0.4195139346621941
9 18 0.4846465538803866
9 27 0.11556900946095683
9 13 0.08889488024754488
9 14 0.19698473065439792
9 23 0.17202192700849972
9 10 0.45778440757636174
9 19 0.7068458033055416
9 24 0.22364285028918995
10 21 0.6770135142590985
10 18 0.4218449601200255
11 22 0.5199753043550739
11 25 0.14927853419088655
12 15 0.7781545453849088
12 17 0.23795696286773982
12 16 0.1372840094370662
12 19 0.036252787574915346
13 19 0.6765832713487626
13 23 0.7225776683684837
13 20 0.19834458520690257
14 20 0.06134272860738221
15 22 0.8492514612638513
15 18 0.19291083991552027
16 17 0.08313801863682069
16 24 0.5616762696154983
16 26 0.06924845893933484
17 27 0.9484416637445952
17 20 0.2597196258338954
18 19 0.45023225616461593
19 27 0.0957497592207136
19 21 0.8769933466718917
20 26 0.2969122711685299
20 27 0.18845894866027346
22 28 0.6855652190915508
23 27 0.36218423201828687
24 25 0.9561622762805456
26 29 0.01851289244012
27 28 0.9766708741343583
