30 90 edge_degree 3.0
0 16 0.5534825318265947
0 23 0.5665281711901626
0 27 0.4385666037651287
0 6 0.23966194841045085
0 9 0.3402493726652448
0 19 0.24842062745492244
0 12 0.2104132417535617
0 26 0.3444023710992111
1 20 0.0789508934573141
1 8 0.8369371676387678
1 14 0.4771765372445459
1 13 0.8421254189992633
1 23 0.8248144502404577
1 12 0.8042458023660657
1 29 0.8707577464755859
2 25 0.23541128234252862
2 10 0.4103060730440161
2 6 0.6951683595148073
2 17 0.9040752014800696
2 20 0.024983441189680433
2 19 0.19985830787908243
3 11 0.9491288057290117
3 17 0.8179395006059086
3 24 0.4553565580968205
3 18 0.5857086249655462
4 19 0.24190544996687047
4 8 0.7170561765747296
4 29 0.8947875805149045
4 23 0.27492867505205265
4 13 0.7777010426325135
5 28 0.21998762250361958
5 8 0.8033975764994608
5 24 0.5173407582468712
5 27 0.6332685269788355
5 9 0.10420033148431451
5 6 0.8011756023308755
5 29 0.448972239319018
5 10 0.48440382662437576
5 22 0.9912578088236422
5 25 0.60244689182926
5 15 0.5954392217734066
6 13 0.20376285607405442
6 24 0.36234619000610013
6 10 0.26608029673135614
6 22 0.7594453769485715
6 19 0.7116372403629543
7 24 0.0032020320776344757
7 12 0.17719941942062623
7 18 0.2069001541434623
7 29 0.6537160319315166
7 23 0.28488836398990136
8 19 0.6359046282907463
8 16 0.19161545796294155
8 10 0.25597461156780055
8 26 0.5620276083856894
9 26 0.6527130192057466
9 11 0.9353102542352876
9 27 0.7035238525688212
9 21 0.5626211063989651
9 10 0.9282312873494774
9 22 0.5453313781048705
10 16 0.1898957768752929
11 23 0.15076600944299645
11 13 0.826350633077327
11 27 0.6813617600359094
11 16 0.6771940501557692
11 28 0.6109935302581024
11 25 0.4657217586950647
11 19 0.9174482901873726
12 24 0.9029276481324985
12 28 0.3867677743347433
12 18 0.9113465744272761
14 26 0.819541398614448
14 19 0.5695910062640034
14 24 0.9110478188100849
14 20 0.6010190924348141
15 27 0.03091971843379404
15 22 0.8483964467528968
17 28 0.7720061581405456
17 25 0.024661781671225236
17 29 0.2717694727715412
18 19 0.4930891566002288
20 29 0.3297214536225518
20 21 0.13411690550095912
21 22 0.12366599690051716
22 25 0.4253031520061933
22 29 0.19551721298076952
23 26 0.8324431362592435
23 24 0.6600696434463399
27 29 0.6439866975430116
