50 100 num_nodes 50
0 46 0.5
0 44 0.5
0 22 0.1
1 2 0.9
1 14 0.1
1 43 0.3
1 4 0.7
1 23 0.3
1 19 0.7
1 6 0.7
1 44 0.3
2 37 0.7
2 3 0.9
2 46 0.9
2 15 0.3
2 9 0.1
2 47 0.9
3 5 0.3
3 6 0.1
3 17 0.7
3 27 0.3
4 21 0.1
5 23 0.7
5 7 0.9
5 42 0.1
6 43 0.1
7 18 0.7
8 11 0.3
8 17 0.1
8 16 0.5
8 28 0.9
9 45 0.9
9 20 0.5
10 47 0.5
10 43 0.3
10 35 0.5
10 28 0.3
10 39 0.3
11 15 0.7
11 20 0.3
11 28 0.9
11 33 0.1
12 47 0.7
13 38 0.1
13 31 0.1
13 15 0.1
14 42 0.1
14 37 0.9
14 30 0.9
15 33 0.1
16 38 0.1
16 48 0.7
16 21 0.5
17 32 0.3
17 31 0.7
17 49 0.1
19 42 0.5
19 30 0.3
19 45 0.9
19 46 0.9
20 24 0.3
20 44 0.1
20 43 0.1
21 31 0.5
22 23 0.5
22 32 0.9
22 29 0.1
23 32 0.1
23 29 0.9
23 37 0.9
24 37 0.3
25 46 0.9
25 48 0.5
25 39 0.1
25 49 0.5
26 47 0.1
26 37 0.3
26 41 0.9
27 40 0.3
27 33 0.9
28 34 0.5
28 35 0.9
29 41 0.3
29 42 0.9
29 31 0.5
31 32 0.7
32 35 0.5
32 33 0.7
33 48 0.5
33 37 0.5
35 43 0.9
35 46 0.1
36 46 0.3
36 41 0.9
38 49 0.7
39 41 0.5
39 43 0.1
39 40 0.1
45 47 0.1
45 48 0.5
