50 100 num_nodes 50
0 38 0.9
0 47 0.1
0 4 0.9
0 21 0.7
1 49 0.5
1 17 0.9
1 9 0.1
1 20 0.5
1 37 0.7
1 23 0.3
2 19 0.7
2 8 0.5
2 7 0.9
2 48 0.5
2 34 0.7
2 44 0.1
3 8 0.9
3 43 0.3
4 37 0.1
4 10 0.7
4 30 0.9
4 26 0.5
5 22 0.7
6 23 0.7
6 36 0.5
6 38 0.3
6 35 0.9
7 18 0.7
8 34 0.9
8 28 0.5
8 23 0.1
9 14 0.7
9 40 0.9
9 16 0.5
10 44 0.3
11 20 0.3
11 23 0.1
12 45 0.9
12 26 0.1
13 31 0.1
13 40 0.3
14 35 0.1
14 37 0.5
15 37 0.5
15 32 0.7
15 45 0.3
16 30 0.1
16 43 0.1
16 33 0.3
16 40 0.9
17 30 0.9
17 36 0.3
17 35 0.7
17 27 0.5
17 45 0.5
18 27 0.3
18 39 0.9
19 40 0.7
19 27 0.5
19 35 0.7
19 29 0.1
20 44 0.5
20 21 0.7
20 48 0.7
21 43 0.9
21 37 0.9
21 29 0.9
22 34 0.3
22 43 0.9
22 38 0.9
23 38 0.1
24 33 0.5
24 45 0.5
24 36 0.1
24 41 0.7
24 39 0.9
25 40 0.9
25 27 0.1
26 32 0.3
26 37 0.5
26 49 0.1
27 49 0.5
29 33 0.3
30 40 0.3
30 34 0.5
30 35 0.5
31 47 0.5
32 39 0.1
34 36 0.9
36 46 0.7
37 48 0.9
37 40 0.3
37 38 0.7
38 46 0.3
38 42 0.9
38 39 0.5
38 43 0.1
40 46 0.3
41 45 0.9
42 49 0.5
