50 100 num_nodes 50
0 18 0.1
0 23 0.1
1 4 0.1
1 13 0.5
1 2 0.5
1 20 0.5
2 5 0.7
2 29 0.7
2 34 0.9
2 7 0.7
2 14 0.7
3 14 0.5
3 6 0.7
3 7 0.9
3 20 0.1
4 12 0.3
4 43 0.1
5 9 0.7
5 38 0.5
5 17 0.3
5 18 0.3
6 46 0.1
6 16 0.3
6 36 0.1
7 15 0.9
8 18 0.1
9 43 0.1
9 20 0.9
9 38 0.1
9 16 0.7
10 19 0.7
10 14 0.7
10 38 0.7
10 23 0.9
10 47 0.7
11 49 0.1
11 15 0.5
11 22 0.3
11 21 0.7
12 17 0.1
12 32 0.9
12 26 0.7
12 20 0.9
12 28 0.7
12 41 0.1
12 30 0.7
12 31 0.5
13 28 0.7
13 27 0.9
13 49 0.3
14 45 0.3
14 26 0.7
15 19 0.3
15 30 0.7
15 20 0.1
15 28 0.5
15 41 0.9
15 33 0.1
16 41 0.9
16 19 0.5
16 24 0.7
17 23 0.3
17 40 0.5
17 28 0.1
17 48 0.1
18 48 0.7
18 40 0.1
18 38 0.5
18 29 0.1
18 20 0.3
18 39 0.5
18 23 0.3
18 33 0.5
19 35 0.7
19 48 0.3
20 37 0.9
21 42 0.7
21 44 0.3
21 36 0.1
22 44 0.7
23 46 0.7
24 32 0.3
25 30 0.1
25 35 0.5
26 27 0.7
26 39 0.5
26 49 0.5
26 31 0.9
26 28 0.5
27 28 0.9
27 47 0.1
30 41 0.1
31 37 0.9
33 34 0.7
35 40 0.5
36 45 0.5
37 39 0.9
38 43 0.5
41 49 0.1
43 47 0.7
