50 100 num_nodes 50
0 46 0.9
0 8 0.5
0 13 0.3
0 37 0.1
0 28 0.7
1 29 0.7
1 23 0.3
1 47 0.7
1 35 0.3
2 45 0.9
2 27 0.9
2 25 0.3
2 40 0.3
3 41 0.3
3 16 0.1
3 5 0.9
3 9 0.1
3 26 0.5
4 8 0.7
4 21 0.5
4 19 0.7
5 13 0.3
5 34 0.3
5 11 0.3
6 34 0.3
6 37 0.1
6 26 0.5
7 10 0.1
7 12 0.1
7 9 0.9
8 28 0.7
8 13 0.7
8 40 0.1
9 16 0.1
9 21 0.3
9 40 0.7
9 23 0.7
9 18 0.5
10 48 0.3
10 26 0.3
10 46 0.3
10 27 0.5
10 33 0.1
11 17 0.9
11 13 0.9
11 20 0.1
11 45 0.3
11 39 0.7
11 40 0.3
12 34 0.9
12 44 0.1
13 26 0.9
13 49 0.1
15 49 0.9
15 24 0.3
15 36 0.7
15 48 0.9
15 47 0.1
16 39 0.1
16 33 0.5
16 29 0.1
17 44 0.3
17 18 0.3
18 20 0.9
18 23 0.1
19 24 0.9
19 38 0.5
19 22 0.1
19 43 0.3
19 20 0.3
19 30 0.7
20 30 0.9
21 45 0.1
21 32 0.7
21 31 0.5
22 47 0.5
22 25 0.9
22 29 0.9
22 32 0.5
22 38 0.7
23 30 0.7
23 26 0.9
23 39 0.7
24 49 0.1
24 37 0.9
24 34 0.1
25 30 0.7
26 41 0.7
29 49 0.1
29 39 0.7
29 31 0.7
30 44 0.5
33 41 0.1
34 38 0.9
36 46 0.3
38 43 0.5
40 43 0.9
44 47 0.9
44 46 0.3
47 49 0.3
