30 60 num_nodes 30
0 2 0.3
0 29 0.5
1 7 0.3
1 25 0.5
1 2 0.3
1 26 0.9
2 4 0.3
2 11 0.7
2 8 0.1
2 13 0.1
3 23 0.1
3 26 0.9
3 10 0.7
4 10 0.1
5 24 0.3
5 6 0.1
5 7 0.5
5 14 0.5
5 11 0.3
6 8 0.3
6 13 0.3
6 21 0.9
6 29 0.3
6 28 0.9
7 9 0.1
7 15 0.1
7 22 0.3
8 11 0.5
8 25 0.9
8 26 0.7
8 16 0.3
8 14 0.1
8 24 0.5
9 29 0.5
9 26 0.5
9 18 0.7
9 27 0.7
9 13 0.9
10 21 0.3
10 18 0.1
12 15 0.7
12 17 0.3
12 16 0.7
13 19 0.9
13 23 0.3
14 20 0.7
15 22 0.1
16 17 0.5
16 24 0.1
17 27 0.1
17 20 0.5
18 19 0.7
19 27 0.3
20 26 0.7
20 27 0.3
22 28 0.3
23 27 0.9
24 25 0.1
26 29 0.9
27 28 0.5
