30 60 Varying_K 11
0 28 0.5
0 22 0.3
0 10 0.1
0 23 0.9
0 29 0.7
1 15 0.9
2 24 0.5
2 11 0.7
3 8 0.3
3 15 0.9
3 28 0.3
3 5 0.9
3 23 0.5
3 16 0.7
4 18 0.1
5 11 0.7
5 24 0.3
6 25 0.3
6 13 0.3
6 21 0.3
7 18 0.7
7 16 0.7
7 11 0.7
7 21 0.5
7 24 0.7
7 23 0.3
8 14 0.3
9 14 0.5
9 27 0.9
10 28 0.3
12 20 0.7
12 26 0.1
12 21 0.9
12 16 0.7
12 25 0.7
13 19 0.5
13 26 0.5
13 16 0.7
13 21 0.1
14 15 0.1
14 24 0.7
14 21 0.3
15 24 0.7
15 17 0.3
15 27 0.1
16 29 0.1
16 26 0.7
17 20 0.7
17 29 0.9
17 28 0.9
18 28 0.7
18 27 0.5
20 29 0.3
20 23 0.7
21 23 0.9
22 23 0.3
22 24 0.1
23 25 0.3
25 27 0.1
26 29 0.1
