30 60 Varying_K 11
0 29 0.3
0 21 0.5
0 26 0.5
1 18 0.9
1 4 0.3
2 19 0.5
2 24 0.7
2 3 0.7
2 11 0.1
2 25 0.7
3 11 0.7
3 18 0.1
4 17 0.9
4 27 0.7
4 28 0.3
5 24 0.1
5 22 0.9
6 7 0.1
6 15 0.5
6 20 0.1
7 18 0.7
7 20 0.1
8 17 0.5
8 27 0.1
8 21 0.5
8 9 0.9
9 24 0.9
9 13 0.7
10 28 0.3
10 17 0.9
11 29 0.5
11 17 0.3
12 20 0.3
12 23 0.7
12 28 0.5
12 18 0.7
13 29 0.3
13 24 0.5
13 18 0.5
14 29 0.1
15 19 0.3
15 26 0.1
15 22 0.3
15 17 0.1
15 27 0.1
15 20 0.1
16 29 0.5
16 26 0.3
17 26 0.3
18 20 0.5
18 25 0.7
18 28 0.5
18 26 0.9
19 21 0.7
20 27 0.5
20 22 0.9
21 29 0.5
22 25 0.7
22 27 0.1
23 29 0.3
