30 60 Varying_K 11
0 2 0.7
0 29 0.3
1 7 0.1
1 25 0.5
1 2 0.5
1 26 0.9
2 4 0.3
2 11 0.5
2 8 0.7
2 13 0.1
3 23 0.5
3 26 0.1
3 10 0.1
4 10 0.7
5 24 0.3
5 6 0.7
5 7 0.3
5 14 0.9
5 11 0.9
6 8 0.9
6 13 0.7
6 21 0.7
6 29 0.1
6 28 0.3
7 9 0.9
7 15 0.1
7 22 0.1
8 11 0.9
8 25 0.7
8 26 0.7
8 16 0.7
8 14 0.7
8 24 0.7
9 29 0.3
9 26 0.1
9 18 0.7
9 27 0.1
9 13 0.3
10 21 0.5
10 18 0.7
12 15 0.1
12 17 0.5
12 16 0.1
13 19 0.1
13 23 0.9
14 20 0.1
15 22 0.1
16 17 0.3
16 24 0.7
17 27 0.3
17 20 0.7
18 19 0.1
19 27 0.1
20 26 0.7
20 27 0.1
22 28 0.7
23 27 0.3
24 25 0.3
26 29 0.7
27 28 0.3
