30 45 Varying_K 1
0 27 0.04240101551049891
0 7 0.868640940082489
1 2 0.23197171936203143
1 19 0.7744219900463462
1 28 0.7243876345821432
2 11 0.0476257534287553
4 5 0.7745795571382829
5 26 0.25565693784548493
5 13 0.7733605759256925
5 17 0.22930123775635636
5 7 0.937756765043764
5 10 0.13249588558745284
5 28 0.6182646067096498
5 14 0.5425543185129871
6 19 0.8585553221347102
7 16 0.5079750434751278
8 9 0.8958281248283403
8 16 0.05282887652936974
8 15 0.8234744567570812
10 29 0.16374588193500228
11 17 0.3072835261133644
11 14 0.1540309272241953
11 16 0.7738112879253112
11 25 0.3993279869454277
11 18 0.15600971795613383
11 27 0.622508928395207
12 20 0.14603675671157257
12 29 0.16583205965644543
12 24 0.09113193800567321
13 28 0.6855603946844117
13 23 0.7961484575439577
14 29 0.3059149280568926
14 25 0.9988338431866772
14 20 0.36952261547265985
15 29 0.257687854833594
16 27 0.28057214700047073
16 28 0.5484650982102895
16 29 0.570103829314819
17 21 0.7391182702449189
18 21 0.21577404035954284
21 27 0.07387096211246802
22 23 0.023436015862771553
23 25 0.6470243193701242
24 29 0.8006255625887844
25 26 0.9151804856900735
