80 80 edge_degree 1.0
0 57 0.9
0 49 0.7
0 68 0.3
1 69 0.7
1 25 0.9
1 35 0.5
2 3 0.9
2 37 0.9
2 57 0.1
3 49 0.5
3 40 0.1
3 54 0.5
3 60 0.1
3 29 0.1
4 61 0.1
4 32 0.7
5 39 0.3
7 61 0.9
8 32 0.1
8 37 0.7
9 10 0.7
11 47 0.5
11 70 0.9
12 62 0.7
12 23 0.7
13 75 0.7
13 20 0.7
14 79 0.1
15 63 0.1
15 37 0.7
16 65 0.5
17 72 0.5
20 21 0.5
22 53 0.7
22 70 0.9
23 74 0.9
23 44 0.9
24 38 0.3
25 70 0.3
26 48 0.9
26 54 0.7
27 48 0.1
28 67 0.7
28 58 0.7
29 34 0.7
29 70 0.7
29 44 0.1
29 64 0.7
29 51 0.7
31 51 0.5
31 34 0.5
32 67 0.3
34 58 0.9
36 75 0.3
42 64 0.5
42 78 0.7
44 65 0.3
44 53 0.7
45 73 0.3
45 62 0.9
46 70 0.1
46 72 0.5
47 62 0.3
50 75 0.9
50 66 0.9
50 74 0.1
52 64 0.9
53 71 0.3
54 64 0.7
55 77 0.1
56 63 0.3
56 65 0.5
57 60 0.9
58 76 0.9
63 64 0.1
66 71 0.7
69 70 0.7
69 79 0.3
70 77 0.9
75 78 0.7
