80 80 edge_degree 1.0
0 49 0.3
0 4 0.7
1 24 0.3
2 5 0.5
3 46 0.1
3 22 0.1
3 31 0.7
3 8 0.5
3 39 0.9
3 13 0.7
4 74 0.3
4 34 0.3
4 54 0.1
5 75 0.9
5 77 0.7
6 73 0.9
7 11 0.7
7 13 0.9
7 26 0.5
7 46 0.1
9 43 0.1
10 46 0.3
10 14 0.5
11 40 0.3
13 29 0.7
14 36 0.7
16 20 0.7
17 65 0.1
17 66 0.9
19 31 0.9
19 79 0.9
20 55 0.3
20 57 0.5
21 39 0.1
21 67 0.1
21 41 0.1
22 71 0.7
22 41 0.3
22 46 0.5
23 57 0.5
23 66 0.7
26 39 0.9
27 77 0.9
28 62 0.3
28 60 0.3
29 30 0.1
31 67 0.3
31 34 0.1
32 77 0.1
32 47 0.3
33 51 0.7
34 78 0.3
34 75 0.1
35 62 0.3
38 64 0.7
39 61 0.5
40 59 0.3
43 62 0.3
44 72 0.1
44 78 0.5
45 46 0.7
45 65 0.7
46 65 0.1
46 75 0.1
46 79 0.7
47 69 0.3
48 54 0.3
50 65 0.5
51 59 0.5
52 75 0.1
53 67 0.9
56 64 0.7
57 70 0.1
58 59 0.9
58 71 0.5
62 65 0.5
63 64 0.5
64 78 0.9
65 71 0.1
66 71 0.1
