80 80 edge_degree 1.0
0 9 0.7
1 60 0.1
1 8 0.5
1 43 0.3
2 37 0.9
2 40 0.1
2 75 0.1
2 7 0.3
3 34 0.9
3 35 0.3
4 17 0.1
4 39 0.1
4 68 0.5
5 38 0.3
5 15 0.9
5 48 0.5
5 43 0.9
7 42 0.5
8 77 0.5
8 61 0.7
8 44 0.3
11 61 0.5
12 46 0.9
13 27 0.5
13 76 0.5
13 79 0.7
15 36 0.1
16 69 0.3
17 56 0.5
17 48 0.7
17 75 0.7
19 50 0.3
19 29 0.9
19 52 0.5
19 33 0.9
20 75 0.1
20 77 0.7
24 29 0.1
25 52 0.9
27 63 0.1
29 43 0.1
30 75 0.3
30 64 0.7
30 55 0.3
32 47 0.5
33 70 0.1
33 55 0.3
33 66 0.9
34 73 0.9
34 64 0.9
35 70 0.1
35 62 0.9
37 78 0.3
38 53 0.9
38 55 0.5
38 70 0.9
40 46 0.9
41 69 0.7
42 75 0.7
44 73 0.1
45 59 0.7
45 77 0.9
47 77 0.3
48 58 0.5
48 78 0.7
49 66 0.9
49 54 0.5
49 64 0.5
50 73 0.3
52 74 0.7
53 54 0.3
53 74 0.5
60 74 0.9
60 69 0.5
60 70 0.9
60 76 0.9
68 74 0.5
71 76 0.3
72 73 0.3
77 78 0.7
