80 80 edge_degree 1.0
0 38 0.9
1 73 0.7
2 51 0.7
2 41 0.5
3 33 0.3
3 58 0.5
4 41 0.3
4 62 0.9
5 33 0.9
5 10 0.1
5 45 0.3
5 46 0.3
5 77 0.9
7 28 0.9
7 29 0.9
7 21 0.3
8 11 0.5
8 52 0.1
9 37 0.3
10 36 0.9
11 77 0.3
11 70 0.1
12 41 0.3
12 56 0.5
13 50 0.9
13 22 0.5
14 26 0.5
15 42 0.3
15 67 0.1
17 32 0.3
18 25 0.7
19 61 0.9
19 41 0.5
19 76 0.7
20 57 0.9
20 42 0.3
21 39 0.5
21 58 0.5
22 31 0.1
22 37 0.3
23 35 0.3
24 34 0.1
24 52 0.1
24 79 0.7
25 56 0.5
25 71 0.9
25 61 0.1
25 30 0.9
26 54 0.1
27 33 0.1
27 54 0.7
28 53 0.7
29 39 0.5
30 38 0.5
30 78 0.9
31 64 0.3
31 74 0.9
31 56 0.3
35 46 0.5
35 60 0.7
35 59 0.9
35 74 0.3
36 55 0.5
36 41 0.1
37 70 0.7
37 47 0.1
37 73 0.1
37 56 0.7
37 52 0.9
39 65 0.9
41 75 0.3
43 49 0.9
43 60 0.1
45 55 0.7
48 76 0.3
52 79 0.5
52 56 0.3
54 76 0.1
62 69 0.9
66 68 0.7
