80 80 edge_degree 1.0
0 76 0.7
1 27 0.5
1 57 0.9
2 38 0.5
2 32 0.5
2 70 0.1
3 59 0.3
4 37 0.5
4 30 0.9
4 7 0.9
5 23 0.1
6 31 0.3
6 20 0.5
7 22 0.1
7 53 0.7
8 33 0.9
8 43 0.9
9 20 0.1
10 19 0.1
10 76 0.9
11 55 0.1
11 69 0.1
13 69 0.7
13 59 0.9
13 52 0.5
14 20 0.9
14 18 0.5
15 31 0.5
16 26 0.1
16 72 0.3
17 79 0.3
18 21 0.9
18 46 0.5
18 53 0.3
18 37 0.1
19 47 0.7
21 55 0.9
21 66 0.3
22 39 0.1
23 49 0.9
23 26 0.9
23 40 0.3
25 69 0.7
25 49 0.1
25 79 0.5
26 27 0.7
26 43 0.5
31 48 0.3
31 73 0.3
32 79 0.3
32 67 0.5
32 58 0.7
35 52 0.3
35 43 0.9
35 37 0.1
37 40 0.7
38 42 0.9
39 45 0.1
39 61 0.5
39 40 0.9
40 61 0.3
42 63 0.1
44 59 0.1
44 76 0.9
45 67 0.9
45 51 0.9
45 65 0.7
46 53 0.9
47 60 0.3
47 75 0.3
48 74 0.3
48 68 0.3
51 68 0.7
51 60 0.3
56 79 0.7
58 79 0.5
58 62 0.3
60 61 0.5
65 78 0.5
75 77 0.3
