60 120 num_nodes 60
0 44 0.1
0 56 0.3
0 14 0.3
0 24 0.5
0 22 0.9
0 28 0.9
1 57 0.1
1 20 0.1
1 46 0.5
1 59 0.1
1 30 0.5
1 51 0.5
1 55 0.1
2 30 0.5
2 19 0.1
2 16 0.5
3 27 0.3
4 48 0.9
4 5 0.1
4 18 0.3
5 23 0.5
5 55 0.5
6 31 0.9
6 57 0.1
6 11 0.3
6 32 0.5
7 16 0.1
7 47 0.9
7 17 0.7
8 36 0.1
8 51 0.5
10 49 0.3
10 41 0.9
10 32 0.7
10 42 0.1
11 23 0.7
11 35 0.1
11 37 0.1
11 22 0.7
12 42 0.1
12 49 0.3
12 35 0.1
13 50 0.9
13 27 0.1
13 35 0.1
14 37 0.5
14 33 0.9
14 22 0.1
14 43 0.9
14 48 0.5
14 25 0.5
14 40 0.3
15 47 0.5
15 17 0.9
16 33 0.3
17 28 0.7
17 58 0.9
18 29 0.9
18 55 0.9
18 19 0.9
21 57 0.9
21 39 0.1
22 32 0.5
22 29 0.5
22 26 0.9
23 25 0.9
23 36 0.9
24 41 0.7
24 53 0.3
24 43 0.9
25 32 0.1
25 51 0.3
25 37 0.1
26 53 0.9
26 42 0.1
26 32 0.5
27 38 0.5
27 32 0.5
28 30 0.9
28 48 0.3
28 42 0.7
29 38 0.9
30 55 0.5
31 48 0.3
31 35 0.7
31 54 0.1
31 46 0.7
31 52 0.1
32 59 0.1
32 47 0.1
33 53 0.9
33 49 0.7
34 41 0.7
34 58 0.5
35 58 0.1
35 56 0.7
35 55 0.7
35 42 0.1
35 51 0.9
36 54 0.9
37 56 0.7
37 54 0.5
37 39 0.3
38 46 0.3
39 50 0.3
39 51 0.3
40 46 0.1
41 59 0.1
43 47 0.5
43 53 0.3
44 49 0.9
45 46 0.1
45 54 0.9
46 51 0.7
48 49 0.7
50 54 0.5
51 54 0.9
52 56 0.3
52 59 0.9
53 58 0.3
