60 120 num_nodes 60
0 46 0.1
0 24 0.7
0 22 0.3
1 55 0.7
1 14 0.9
1 43 0.7
1 4 0.9
1 58 0.1
1 19 0.5
1 28 0.5
2 38 0.7
2 57 0.9
2 3 0.5
2 46 0.5
2 37 0.1
2 9 0.1
2 47 0.3
3 5 0.7
3 6 0.1
3 17 0.1
3 56 0.9
4 50 0.1
5 23 0.7
5 7 0.5
5 42 0.9
6 58 0.3
6 53 0.5
7 18 0.1
8 11 0.7
8 54 0.9
8 52 0.1
8 33 0.1
9 45 0.5
10 53 0.9
10 27 0.7
10 35 0.7
10 28 0.3
10 59 0.1
11 15 0.5
11 20 0.9
11 57 0.9
11 47 0.5
12 47 0.7
13 38 0.9
13 31 0.5
13 52 0.1
14 20 0.7
14 37 0.9
14 30 0.1
15 33 0.5
15 17 0.3
15 50 0.3
16 19 0.7
16 23 0.5
16 57 0.7
17 32 0.1
17 31 0.1
17 39 0.9
19 30 0.1
19 51 0.1
19 46 0.5
20 59 0.5
20 43 0.5
21 52 0.3
21 31 0.3
22 37 0.5
22 42 0.7
22 29 0.5
23 34 0.5
23 29 0.9
23 32 0.1
23 50 0.9
23 54 0.9
24 58 0.9
25 40 0.1
25 48 0.5
26 47 0.9
26 37 0.9
27 57 0.3
28 59 0.9
28 50 0.9
28 35 0.5
29 41 0.1
29 56 0.3
29 46 0.3
31 59 0.9
31 42 0.1
32 55 0.1
32 35 0.9
32 33 0.7
33 56 0.9
33 58 0.5
33 48 0.5
33 44 0.7
35 43 0.9
35 58 0.7
36 46 0.1
36 41 0.7
37 43 0.1
38 49 0.1
39 41 0.1
39 56 0.9
39 40 0.1
39 55 0.1
42 54 0.5
43 59 0.9
43 56 0.1
44 52 0.5
45 47 0.5
45 53 0.5
45 48 0.3
46 51 0.9
47 51 0.7
48 58 0.7
49 58 0.5
50 53 0.9
50 55 0.3
52 58 0.3
54 55 0.3
56 58 0.9
