60 120 num_nodes 60
0 58 0.1
0 42 0.7
0 19 0.3
0 21 0.1
1 52 0.7
1 59 0.3
1 9 0.1
1 24 0.5
1 37 0.7
1 23 0.3
2 37 0.9
2 8 0.3
2 38 0.9
2 24 0.9
2 15 0.5
2 12 0.7
2 55 0.5
3 40 0.3
3 43 0.5
4 38 0.1
4 49 0.5
4 7 0.1
4 51 0.1
4 6 0.1
5 22 0.1
6 23 0.5
6 36 0.3
6 35 0.9
7 55 0.7
8 34 0.5
8 56 0.9
8 23 0.5
8 40 0.1
9 55 0.5
9 44 0.1
10 48 0.9
10 44 0.1
11 20 0.7
11 23 0.1
12 14 0.1
13 31 0.7
13 40 0.5
14 40 0.3
14 37 0.7
15 37 0.3
15 59 0.1
16 35 0.7
16 43 0.1
16 39 0.7
16 33 0.3
16 40 0.1
17 55 0.9
17 54 0.1
17 18 0.1
17 32 0.1
17 45 0.1
18 27 0.3
18 26 0.5
19 49 0.1
19 26 0.3
19 27 0.1
19 35 0.3
19 29 0.3
20 34 0.7
20 21 0.3
20 37 0.5
21 57 0.9
21 35 0.9
21 40 0.5
22 34 0.3
22 29 0.1
22 38 0.7
23 58 0.5
24 47 0.1
24 56 0.7
24 36 0.1
24 33 0.1
25 40 0.1
25 46 0.3
26 37 0.7
26 57 0.9
26 49 0.3
26 50 0.7
27 58 0.1
27 49 0.5
27 40 0.3
28 59 0.9
29 55 0.5
30 38 0.9
30 53 0.3
30 45 0.1
30 35 0.3
30 54 0.1
30 40 0.9
31 47 0.5
32 53 0.5
33 59 0.1
34 53 0.9
34 38 0.1
36 51 0.5
36 57 0.9
36 53 0.5
37 40 0.5
37 45 0.1
37 39 0.9
37 38 0.5
38 42 0.9
38 43 0.7
39 48 0.3
39 51 0.9
40 54 0.5
41 45 0.7
41 55 0.1
43 58 0.1
44 55 0.7
45 50 0.3
45 46 0.3
46 58 0.1
55 57 0.1
56 59 0.5
