60 120 num_nodes 60
0 58 0.5
0 36 0.1
1 4 0.1
1 59 0.7
1 2 0.9
1 20 0.5
2 51 0.7
2 5 0.3
2 23 0.1
2 34 0.5
2 7 0.5
2 31 0.3
2 12 0.7
2 16 0.7
3 14 0.1
3 53 0.1
3 7 0.7
3 20 0.3
4 26 0.5
4 52 0.3
5 9 0.7
5 23 0.1
5 17 0.9
5 57 0.3
6 46 0.3
6 52 0.5
6 20 0.9
6 28 0.1
7 21 0.7
8 16 0.1
9 21 0.3
9 49 0.7
9 38 0.3
9 16 0.5
10 12 0.1
10 28 0.3
10 21 0.1
10 29 0.3
10 47 0.1
11 49 0.5
11 15 0.7
11 22 0.1
11 59 0.3
12 26 0.5
12 43 0.1
12 58 0.7
12 57 0.9
12 30 0.7
12 15 0.7
13 16 0.5
13 27 0.1
13 58 0.1
13 31 0.3
13 33 0.7
14 19 0.7
14 45 0.1
14 26 0.9
14 49 0.9
15 19 0.3
15 30 0.5
15 55 0.3
15 20 0.3
15 28 0.3
15 16 0.1
16 51 0.9
16 52 0.9
17 23 0.9
17 51 0.7
17 33 0.1
17 28 0.7
17 48 0.7
18 58 0.3
18 19 0.1
18 36 0.7
18 27 0.7
18 29 0.9
18 47 0.7
18 20 0.9
18 39 0.7
18 28 0.5
18 49 0.5
19 53 0.1
19 54 0.5
20 37 0.5
20 43 0.7
21 42 0.3
22 44 0.7
23 50 0.3
23 51 0.7
24 32 0.7
24 38 0.1
25 30 0.3
25 35 0.7
26 41 0.3
26 28 0.7
26 55 0.5
27 38 0.1
27 47 0.3
27 53 0.3
29 40 0.3
30 44 0.7
31 37 0.5
32 48 0.5
33 34 0.9
33 53 0.9
34 41 0.7
35 55 0.1
35 40 0.9
37 39 0.1
38 54 0.9
38 43 0.3
39 43 0.9
40 55 0.9
41 53 0.1
41 56 0.7
45 56 0.1
46 54 0.5
48 51 0.7
52 59 0.9
54 56 0.5
