30 60 num_nodes 30
0 16 0.9
0 23 0.3
0 27 0.7
0 6 0.5
0 9 0.9
0 19 0.3
0 12 0.9
0 26 0.3
1 20 0.3
1 8 0.3
1 14 0.7
2 25 0.3
2 10 0.7
3 11 0.3
3 17 0.9
3 24 0.3
4 19 0.1
4 8 0.1
5 28 0.9
5 8 0.7
5 24 0.5
5 27 0.3
5 9 0.9
5 6 0.9
5 29 0.5
5 10 0.7
5 22 0.1
6 13 0.9
6 24 0.7
6 10 0.3
6 22 0.1
6 19 0.3
7 24 0.3
7 12 0.7
7 18 0.7
7 29 0.7
8 19 0.7
9 26 0.9
9 11 0.5
11 23 0.3
11 13 0.3
11 27 0.9
11 16 0.7
11 28 0.5
12 24 0.5
12 28 0.1
12 18 0.5
14 26 0.7
14 19 0.5
15 27 0.3
15 22 0.3
17 28 0.7
17 25 0.5
18 19 0.5
20 29 0.7
20 21 0.5
21 22 0.5
22 25 0.5
23 26 0.1
27 29 0.9
