70 140 num_nodes 70
0 57 0.1
0 34 0.7
0 68 0.5
1 48 0.9
1 29 0.5
1 35 0.5
1 16 0.1
1 37 0.1
1 11 0.9
2 3 0.7
2 37 0.5
2 57 0.9
2 55 0.5
2 28 0.1
2 63 0.1
2 36 0.3
3 62 0.7
3 69 0.5
3 67 0.5
3 60 0.7
3 58 0.3
3 14 0.1
4 50 0.3
4 32 0.1
4 20 0.3
4 27 0.1
4 65 0.5
5 39 0.7
5 10 0.9
5 41 0.9
5 13 0.7
5 24 0.3
6 27 0.7
7 61 0.9
7 54 0.5
8 17 0.3
8 21 0.1
8 30 0.3
9 10 0.7
9 39 0.1
9 52 0.5
9 28 0.7
10 34 0.1
11 47 0.1
11 23 0.3
12 26 0.9
12 53 0.3
12 44 0.9
12 48 0.3
13 40 0.5
13 20 0.9
13 32 0.1
13 49 0.5
13 17 0.3
14 23 0.9
14 37 0.7
14 48 0.9
14 68 0.5
14 52 0.7
14 20 0.1
15 32 0.5
15 42 0.5
16 66 0.7
16 38 0.5
16 43 0.9
17 41 0.1
17 21 0.9
18 50 0.3
18 48 0.7
20 32 0.5
20 38 0.5
20 25 0.3
21 50 0.7
21 64 0.7
21 67 0.1
21 58 0.7
21 68 0.7
21 57 0.1
22 46 0.1
22 29 0.9
23 37 0.1
24 64 0.9
24 33 0.3
24 63 0.3
25 69 0.9
25 46 0.1
25 48 0.7
26 54 0.7
26 65 0.9
26 55 0.1
27 54 0.3
27 34 0.9
28 56 0.7
28 58 0.5
28 66 0.9
28 57 0.1
29 34 0.9
29 63 0.1
29 44 0.9
29 51 0.5
30 62 0.3
30 53 0.3
31 61 0.5
31 34 0.7
32 53 0.5
32 47 0.7
34 37 0.9
35 58 0.1
36 38 0.1
37 44 0.3
37 64 0.7
37 46 0.9
39 49 0.3
41 58 0.1
41 50 0.7
41 51 0.3
42 69 0.5
42 64 0.1
43 53 0.7
43 54 0.5
44 65 0.1
44 53 0.3
44 68 0.9
45 58 0.3
45 62 0.7
47 62 0.5
48 60 0.9
49 55 0.9
49 65 0.1
50 66 0.1
51 53 0.1
52 64 0.5
54 64 0.5
54 69 0.5
56 65 0.3
57 63 0.3
57 64 0.7
60 63 0.5
62 68 0.1
63 64 0.3
