70 140 num_nodes 70
0 66 0.5
0 4 0.9
0 67 0.7
0 9 0.1
1 43 0.1
2 47 0.5
2 17 0.1
2 12 0.3
2 6 0.9
2 66 0.9
2 39 0.1
2 25 0.9
3 4 0.3
3 22 0.5
3 10 0.7
3 5 0.9
3 62 0.7
3 13 0.3
3 66 0.1
3 36 0.9
3 60 0.5
4 20 0.9
4 7 0.1
4 16 0.9
4 31 0.7
4 19 0.7
5 49 0.3
5 33 0.3
5 63 0.5
6 7 0.9
7 11 0.5
7 54 0.7
7 32 0.1
7 57 0.1
8 14 0.7
9 46 0.1
9 32 0.1
9 28 0.7
9 45 0.3
10 46 0.9
10 29 0.7
10 15 0.7
10 12 0.9
11 40 0.1
11 65 0.7
12 58 0.5
12 23 0.1
12 52 0.9
13 24 0.3
13 66 0.9
13 30 0.5
13 27 0.9
13 39 0.1
14 44 0.5
14 20 0.5
14 47 0.3
15 46 0.3
15 50 0.1
15 32 0.7
16 32 0.1
16 57 0.1
17 65 0.5
17 34 0.3
17 44 0.3
18 41 0.1
18 58 0.1
19 31 0.5
19 51 0.3
20 57 0.1
20 23 0.9
20 21 0.9
20 62 0.1
21 39 0.1
21 22 0.1
21 41 0.9
22 41 0.3
22 31 0.7
22 69 0.5
23 65 0.3
23 29 0.1
24 62 0.9
26 39 0.9
26 31 0.1
26 55 0.7
26 59 0.7
27 32 0.5
27 48 0.9
28 62 0.1
28 60 0.3
29 30 0.1
29 34 0.3
29 65 0.5
29 56 0.5
29 50 0.7
31 67 0.5
32 46 0.7
33 43 0.1
33 53 0.1
33 54 0.9
34 64 0.3
34 61 0.7
34 47 0.5
35 62 0.9
35 54 0.7
36 43 0.7
37 47 0.9
37 45 0.7
37 62 0.9
38 39 0.9
39 57 0.9
39 68 0.1
39 47 0.9
40 48 0.7
42 50 0.7
44 58 0.5
45 46 0.9
45 65 0.5
46 59 0.7
46 65 0.7
46 67 0.3
46 61 0.7
47 65 0.9
49 52 0.3
50 55 0.5
50 66 0.1
50 59 0.5
51 59 0.5
52 64 0.7
52 62 0.1
53 57 0.9
53 67 0.5
53 61 0.9
54 67 0.9
54 65 0.9
56 69 0.5
58 59 0.3
61 67 0.7
62 65 0.3
63 64 0.7
64 66 0.5
