40 60 num_nodes 40
0 30 0.1
0 4 0.7
1 17 0.3
1 18 0.5
2 19 0.9
2 8 0.7
2 7 0.1
2 24 0.7
2 34 0.5
2 21 0.5
4 38 0.9
4 30 0.3
4 22 0.1
5 30 0.9
6 23 0.7
6 13 0.3
6 38 0.9
6 39 0.5
7 18 0.1
8 34 0.3
8 28 0.3
8 24 0.1
9 25 0.5
9 14 0.9
9 26 0.3
9 16 0.3
10 37 0.3
10 38 0.5
12 14 0.7
12 26 0.9
13 31 0.5
14 21 0.9
15 37 0.9
15 32 0.9
16 35 0.1
16 27 0.7
17 36 0.5
17 35 0.5
17 32 0.7
18 39 0.9
19 26 0.9
20 34 0.3
20 23 0.7
21 37 0.9
22 36 0.3
23 38 0.9
24 33 0.1
24 27 0.3
24 32 0.1
24 29 0.3
25 36 0.9
26 37 0.9
26 27 0.1
30 37 0.7
30 34 0.1
30 35 0.3
30 38 0.7
34 37 0.9
35 38 0.7
38 39 0.9
