70 140 num_nodes 70
0 37 0.9
0 27 0.3
0 21 0.7
0 39 0.7
0 6 0.3
1 46 0.3
1 32 0.5
1 38 0.7
2 51 0.7
2 41 0.9
3 27 0.9
3 5 0.7
3 56 0.5
4 15 0.3
4 28 0.3
4 24 0.3
4 32 0.3
4 10 0.1
5 10 0.1
5 59 0.9
5 58 0.9
5 19 0.3
5 51 0.9
5 50 0.9
5 46 0.7
6 41 0.7
6 25 0.5
7 37 0.1
7 12 0.9
7 21 0.9
8 11 0.7
8 25 0.9
9 37 0.9
9 63 0.9
9 44 0.5
9 12 0.5
9 66 0.9
10 45 0.5
10 66 0.7
10 69 0.5
11 47 0.7
11 38 0.9
11 55 0.3
12 56 0.9
13 50 0.1
13 33 0.5
14 26 0.7
14 40 0.1
14 50 0.5
14 62 0.5
14 46 0.9
15 30 0.5
15 54 0.9
15 69 0.7
16 34 0.1
17 37 0.5
17 32 0.1
18 43 0.9
18 33 0.5
18 32 0.3
19 61 0.3
19 52 0.5
19 41 0.1
20 29 0.5
20 42 0.3
20 27 0.5
20 22 0.9
21 24 0.7
21 46 0.7
21 26 0.5
21 47 0.9
22 35 0.5
22 31 0.3
22 42 0.5
23 45 0.9
23 29 0.7
24 52 0.7
24 56 0.7
24 35 0.1
25 52 0.9
25 41 0.1
25 61 0.7
26 54 0.9
26 67 0.7
26 39 0.7
27 63 0.5
27 34 0.3
28 66 0.7
28 48 0.5
29 35 0.3
29 53 0.7
29 49 0.9
30 38 0.7
30 56 0.7
31 64 0.1
31 41 0.7
31 54 0.1
31 32 0.7
31 52 0.5
32 48 0.9
33 34 0.7
33 39 0.1
33 69 0.9
35 60 0.5
35 66 0.7
35 56 0.3
36 54 0.9
36 41 0.5
37 39 0.9
37 58 0.9
37 46 0.9
37 67 0.5
37 43 0.5
37 45 0.3
38 61 0.1
39 65 0.1
39 59 0.7
40 60 0.3
40 69 0.7
41 55 0.1
43 49 0.9
43 50 0.9
43 63 0.1
46 68 0.3
48 58 0.3
49 63 0.9
49 51 0.1
50 56 0.5
51 62 0.1
52 62 0.9
53 56 0.7
53 67 0.5
55 57 0.5
55 65 0.7
56 64 0.3
59 60 0.1
60 68 0.9
60 67 0.7
61 67 0.7
62 69 0.9
