80 160 Varying K 11
0 38 0.1
0 27 0.9
0 69 0.5
0 21 0.3
0 6 0.1
1 73 0.7
1 78 0.3
1 66 0.9
2 51 0.9
2 41 0.1
3 33 0.5
3 58 0.5
3 56 0.1
4 41 0.7
4 62 0.1
4 10 0.3
5 33 0.5
5 10 0.7
5 45 0.3
5 46 0.5
5 77 0.5
5 63 0.5
5 50 0.3
5 17 0.5
6 40 0.1
6 25 0.3
7 28 0.7
7 29 0.7
7 21 0.3
7 34 0.1
8 11 0.5
8 52 0.1
8 25 0.5
9 37 0.9
9 63 0.7
9 10 0.3
9 14 0.3
9 66 0.9
10 36 0.9
10 46 0.3
11 77 0.5
11 70 0.9
11 49 0.1
12 41 0.7
12 56 0.1
12 51 0.7
13 50 0.3
13 22 0.3
14 26 0.7
14 72 0.9
14 32 0.5
14 76 0.9
14 69 0.3
15 42 0.5
15 67 0.1
15 54 0.7
15 39 0.1
16 79 0.5
17 32 0.7
18 25 0.1
18 41 0.5
18 32 0.3
19 61 0.1
19 41 0.3
19 76 0.9
19 22 0.9
20 57 0.9
20 42 0.7
20 27 0.9
20 77 0.7
20 47 0.5
21 39 0.3
21 58 0.1
21 73 0.1
21 59 0.7
21 71 0.5
22 31 0.1
22 37 0.3
23 35 0.1
23 29 0.5
24 34 0.9
24 52 0.3
24 79 0.1
24 63 0.7
24 35 0.7
25 56 0.5
25 71 0.3
25 61 0.7
25 30 0.7
26 54 0.3
26 29 0.7
26 55 0.1
26 48 0.5
27 33 0.3
27 54 0.5
27 34 0.9
28 53 0.5
28 70 0.1
29 39 0.7
29 62 0.9
30 38 0.1
30 78 0.5
31 64 0.1
31 74 0.7
31 56 0.1
31 67 0.7
31 52 0.3
32 77 0.7
33 53 0.7
33 43 0.3
35 46 0.5
35 60 0.9
35 59 0.3
35 74 0.5
36 55 0.3
36 41 0.7
37 70 0.5
37 47 0.9
37 73 0.1
37 56 0.1
37 52 0.5
37 43 0.7
37 45 0.1
38 44 0.5
38 61 0.7
39 65 0.5
39 49 0.1
39 72 0.5
40 60 0.3
40 78 0.9
41 75 0.9
41 63 0.3
42 71 0.3
43 49 0.3
43 60 0.9
43 50 0.5
45 55 0.9
46 79 0.1
48 76 0.3
48 50 0.3
49 51 0.7
50 56 0.9
51 72 0.9
52 79 0.5
52 56 0.3
53 67 0.3
53 56 0.5
54 76 0.7
55 65 0.3
56 64 0.1
58 69 0.1
59 69 0.1
60 72 0.9
60 67 0.7
61 67 0.9
62 69 0.5
62 71 0.7
62 76 0.3
66 68 0.5
78 79 0.1
