80 160 Varying K 11
0 76 0.9
0 47 0.5
0 44 0.7
1 27 0.7
1 57 0.7
1 74 0.3
2 38 0.1
2 32 0.7
2 70 0.9
2 40 0.5
3 59 0.3
3 34 0.5
4 37 0.5
4 30 0.9
4 7 0.1
4 39 0.1
4 53 0.1
4 47 0.1
5 23 0.3
5 60 0.1
6 31 0.5
6 20 0.9
6 17 0.9
7 22 0.3
7 53 0.1
8 33 0.3
8 43 0.5
8 46 0.3
9 20 0.9
9 75 0.5
10 19 0.1
10 76 0.7
10 53 0.1
11 55 0.5
11 69 0.5
11 62 0.1
11 77 0.7
12 38 0.9
13 69 0.7
13 59 0.3
13 52 0.5
13 48 0.7
14 20 0.3
14 18 0.7
14 40 0.9
14 70 0.3
15 31 0.7
16 26 0.7
16 72 0.9
16 45 0.3
17 79 0.9
17 25 0.9
18 21 0.1
18 46 0.1
18 53 0.1
18 37 0.9
18 66 0.7
18 20 0.5
18 41 0.9
19 47 0.5
20 25 0.7
20 76 0.1
21 55 0.9
21 66 0.1
21 67 0.5
21 78 0.9
21 28 0.3
22 39 0.1
22 63 0.3
22 43 0.7
22 57 0.3
23 49 0.1
23 26 0.3
23 40 0.3
23 43 0.7
23 79 0.3
23 28 0.1
23 61 0.7
24 70 0.5
25 69 0.7
25 49 0.5
25 79 0.9
25 46 0.3
26 27 0.9
26 43 0.7
26 30 0.9
28 63 0.1
31 48 0.1
31 73 0.3
32 79 0.1
32 67 0.1
32 58 0.5
32 41 0.9
32 53 0.1
33 37 0.7
33 76 0.9
34 65 0.3
35 52 0.7
35 43 0.1
35 37 0.5
35 62 0.1
35 59 0.7
35 44 0.9
36 64 0.5
36 61 0.7
37 40 0.1
37 69 0.3
37 74 0.1
37 61 0.7
38 42 0.1
38 53 0.9
38 63 0.9
39 45 0.1
39 61 0.3
39 40 0.9
39 62 0.1
40 61 0.9
41 72 0.3
42 63 0.9
42 46 0.9
43 65 0.7
44 59 0.1
44 76 0.3
44 45 0.7
44 52 0.1
44 51 0.1
45 67 0.3
45 51 0.5
45 65 0.3
45 75 0.3
46 53 0.3
46 71 0.5
47 60 0.5
47 75 0.3
47 59 0.1
48 74 0.1
48 68 0.3
48 78 0.1
48 76 0.3
48 72 0.7
48 49 0.1
51 68 0.3
51 60 0.7
52 53 0.9
54 55 0.5
56 79 0.5
56 75 0.1
58 79 0.9
58 62 0.5
60 61 0.1
60 70 0.3
61 72 0.7
64 70 0.5
65 78 0.5
66 74 0.9
68 72 0.3
69 78 0.9
70 79 0.9
70 78 0.7
75 77 0.7
