edge_degree
edge_degree
1.000000 1.123000
1.000000 1.219000
1.000000 1.052000
1.000000 0.909000
1.000000 0.240000
1.200000 1.300000
1.200000 1.506000
1.200000 2.267000
1.200000 1.257000
1.200000 1.451000
1.400000 32.139000
1.400000 1.431000
1.400000 1.420000
1.400000 5.157000
1.400000 0.630000
1.600000 1.467000
1.600000 10.411000
1.600000 2.950000
1.600000 2.303000
1.600000 1.644000
1.800000 4.111000
1.800000 9.239000
1.800000 50.557000
1.800000 33.607000
1.800000 1.658000
2.000000 19.800000
2.000000 51.764000
2.000000 3.075000
2.000000 57.634000
2.000000 545.924000
