edge_degree
edge_degree
1.000000 0.315000
1.000000 1.194000
1.000000 0.304000
1.000000 1.148000
1.000000 1.049000
1.200000 29.666000
1.200000 28.981000
1.200000 0.508000
1.200000 28.373000
1.200000 29.850000
1.400000 34.976000
1.400000 31.664000
1.400000 2.545000
1.400000 1.566000
1.400000 32.892000
1.600000 34.533000
1.600000 1.895000
1.600000 34.323000
1.600000 37.894000
1.600000 32.062000
1.800000 3.238000
1.800000 37.292000
1.800000 34.406000
1.800000 40.725000
1.800000 3.089000
2.000000 811.123000
2.000000 13.233000
2.000000 42.211000
2.000000 42.802000
2.000000 10.204000
