edge_degree
edge_degree
1.000000 0.083970
1.000000 0.124811
1.000000 0.063153
1.000000 0.084286
1.000000 0.086089
1.200000 0.116521
1.200000 0.170421
1.200000 0.645974
1.200000 0.328984
1.200000 0.424083
1.400000 0.320444
1.400000 0.255562
1.400000 0.315785
1.400000 0.361865
1.400000 0.250984
1.600000 0.375381
1.600000 1.417635
1.600000 0.247575
1.600000 1.230991
1.600000 0.649416
1.800000 2.196566
1.800000 9.074029
1.800000 3.297915
1.800000 2.762231
1.800000 0.728959
2.000000 1.832074
2.000000 33.389485
2.000000 0.848432
2.000000 6.300633
2.000000 11.074735
2.200000 0.647799
2.200000 9.228203
2.200000 1.722589
2.200000 7.501531
2.200000 5.091111
2.400000 5.720328
2.400000 7.612154
2.400000 42.860799
2.400000 1.663603
2.400000 38.222794
2.600000 4.763415
2.600000 92.753739
2.600000 532.314988
2.600000 155.261791
2.600000 18.072111
2.800000 2.800543
2.800000 64.299000
2.800000 83.458051
2.800000 3093.834306
2.800000 2.778504
