10 20 num_nodes_edgedegree2 10
0 7 0.07698919763912648
0 3 0.04926598119872272
0 4 0.7433818667803708
0 9 0.7133525391891895
1 2 0.4025301050003933
1 8 0.0019272488251197428
1 4 0.3727533298814435
2 6 0.859215595652896
2 9 0.6069905727333753
2 3 0.8321607319141913
3 6 0.7353379937306121
3 9 0.5282588921513176
3 8 0.5972601835306478
4 9 0.22169012249503683
4 6 0.14916009307370492
4 5 0.47158859648713625
5 8 0.39650244807641344
5 7 0.27983021693225785
5 6 0.013777818868625835
7 9 0.7272450702672172
