40 80 num_nodes_edgedegree2 40
0 28 0.17952849900063383
0 34 0.09988023993350659
0 12 0.6301201188399902
0 24 0.7810711502249302
0 17 0.9345571895105576
1 24 0.9240259015484951
1 20 0.6798070240714637
1 27 0.993918526232036
1 18 0.21351782848478496
1 30 0.8420417903426897
1 14 0.33436880396668134
1 28 0.11122196020779906
1 19 0.0011495904242880828
2 30 0.9090153470005955
2 19 0.7919808823796647
2 16 0.8146043014645121
3 30 0.08238031994354444
4 16 0.11516768490635643
4 5 0.04757421517085092
4 18 0.14072665439557197
5 23 0.9976166301560165
5 35 0.6145044420754436
6 31 0.11726826582798922
6 37 0.6047736405489127
6 11 0.2711998784081875
6 10 0.4012671314599441
7 31 0.8327458621763917
7 18 0.9022551153443488
7 39 0.11214967928048647
7 30 0.5570508282486458
8 36 0.346773646492446
8 32 0.4207297335470799
10 17 0.858611797169701
11 26 0.6503318977557309
11 35 0.12054990665000542
11 37 0.17667079390600782
11 22 0.19894242200561008
12 19 0.08579613267198671
12 35 0.29215314997248454
13 24 0.7945572493035916
13 27 0.6737536641706398
14 17 0.6654079349604345
14 33 0.3669806675397296
14 35 0.4692665448729767
14 22 0.11330423591221239
14 29 0.395230212477242
14 32 0.7530318695276793
14 25 0.7474465035790193
15 25 0.8059631185790436
15 17 0.4587537839959015
16 33 0.7905073331615827
17 29 0.9748818158944376
18 37 0.420047717728146
18 29 0.8126956652975126
20 31 0.35106246438392663
21 32 0.20017815313252585
21 39 0.02642132809689024
22 32 0.6977340266450236
22 36 0.018131331632364578
22 31 0.8759517558169976
22 26 0.8071814510132834
23 35 0.2876906836073876
23 31 0.6697950966445038
23 36 0.6386705940744953
25 37 0.032348826703252676
25 33 0.1382780777336119
26 35 0.21715886810176033
26 32 0.6288939222021452
27 38 0.33593660630418554
27 32 0.3096770955463697
28 30 0.4173610273979127
28 31 0.20053126707448898
28 32 0.7218211615780786
29 38 0.38287723459181233
31 32 0.4549003713320353
33 35 0.27725632661160515
34 35 0.023748963710155002
34 39 0.2744744845405327
35 38 0.2857067309206638
37 39 0.6684662000990352
