40 80 num_nodes_edgedegree2 40
0 12 0.3800560530446212
0 24 0.8243618056243287
0 2 0.9229400737196057
1 23 0.4398215142674313
1 11 0.8156640581708645
1 15 0.3768011321471615
1 4 0.24499541137827263
1 2 0.5617337381861108
1 19 0.5307359314471416
1 6 0.6677772487928675
2 37 0.45222168507400395
2 17 0.18391529139463048
2 27 0.17989930090835726
2 38 0.21888184138577615
3 5 0.12314822774152967
3 6 0.20835764869538753
3 36 0.517344465109417
3 13 0.5074934989200685
3 23 0.5231773001943547
4 21 0.24672231287305002
5 23 0.6128835829191389
5 7 0.5712673058970614
5 20 0.3418496808306509
6 14 0.11671257596438933
7 18 0.7520274610738389
8 32 0.4422894693477043
8 33 0.9588688773931369
8 10 0.8132840136688113
8 28 0.919703731857655
9 15 0.3938677240825029
9 39 0.382957689776239
10 19 0.6671939886401639
10 27 0.19673082748650872
10 33 0.3124366067955817
10 28 0.6662396431283155
10 20 0.28701323661958633
11 35 0.21019353045408307
11 20 0.26185551398586526
11 28 0.8045549465541283
11 23 0.4543665194026124
11 33 0.21036112667882723
13 38 0.2827270373995254
13 19 0.5270839002786757
14 15 0.6098708033176636
14 31 0.130347394885579
14 30 0.10623503231699116
15 33 0.07179455107768429
15 17 0.023252417153105776
16 38 0.6267459924534668
16 23 0.10704941989208516
16 25 0.9901494593852642
17 31 0.2880932926509957
17 39 0.018613732051534826
17 37 0.11271067402088253
19 30 0.338563641090457
19 32 0.16296484992815585
20 29 0.4217730327501934
21 31 0.7754067832892454
22 23 0.24805818892545584
22 32 0.9671771122179746
22 36 0.48888458781493627
22 39 0.42577801414550753
23 34 0.33756613392891677
23 32 0.3845033598085783
23 37 0.6873072902796616
23 39 0.2894849426299435
24 27 0.8634764719000212
25 32 0.38381144449123317
25 29 0.34300760358952065
25 31 0.1082046566365823
26 33 0.1025202521347367
26 37 0.16499412931605517
28 32 0.6153983276864825
28 35 0.4609139108055935
29 35 0.834186863975939
31 32 0.22741798992877715
32 35 0.630681787791238
32 39 0.46013617592056966
33 35 0.9940842948893226
33 37 0.7508542513324384
