40 80 num_nodes_edgedegree2 40
0 30 0.9882748631923037
0 4 0.954287504519648
0 21 0.5857535752519172
1 17 0.04767796896049803
1 18 0.8076356245387736
1 20 0.5032698680307525
1 37 0.18605791342674138
1 3 0.8315585232936165
2 19 0.8333516806980498
2 8 0.8349702576337231
2 7 0.39956749948492487
2 24 0.9252592245605517
2 34 0.5056867974419379
2 21 0.8225599141033211
3 21 0.5130459436983643
4 38 0.3004679793107967
4 30 0.4928399660044793
4 22 0.7706565525229115
5 30 0.30168893090656534
6 23 0.09209747470563756
6 13 0.04420878362584879
6 38 0.729579029120864
6 39 0.8864799766475531
7 18 0.08261081251333924
8 34 0.5219303824430178
8 28 0.2535275614643614
8 24 0.7452151142154717
8 37 0.12366291320260037
9 25 0.550159424803808
9 14 0.204081610400204
9 26 0.568935188933308
9 16 0.7586139688291325
10 37 0.43569431337295406
10 38 0.26677482170969624
11 20 0.9766776309804648
11 23 0.9523480415898468
12 14 0.4983359730343001
12 26 0.9487368199411619
13 31 0.1681637103443333
14 21 0.5711794912795395
15 37 0.9760426648811661
15 32 0.8281592201530678
15 27 0.7061943366520341
16 35 0.14943865820733515
16 27 0.800200657532314
16 33 0.60495798718744
16 23 0.38476444248202657
16 38 0.16743600102496137
17 36 0.22380875579069137
17 35 0.45729096150978565
17 32 0.022637363218860895
17 31 0.5776176648584932
18 39 0.13773747782416867
19 26 0.9965367696506416
19 27 0.11587434890788051
19 35 0.35458862897168275
19 29 0.3343906771138371
20 34 0.28928728659882585
20 23 0.9601350917206147
21 37 0.7197795674357965
22 36 0.93253261098522
22 29 0.8359290062135177
22 38 0.6013794242605212
23 38 0.1948118187365795
24 33 0.8070324020563384
24 27 0.9007219604437874
24 32 0.13139310374380653
24 29 0.6003939597226347
24 39 0.5396741599840768
25 36 0.2551302867522566
26 37 0.2686472721402142
26 27 0.5023022842027326
30 37 0.6367544644924583
30 34 0.5188362548236766
30 35 0.8882926334007285
30 38 0.47892105877560254
34 37 0.39200289545094025
35 38 0.7458633174412389
37 38 0.5377675452612606
38 39 0.6459302190520292
