40 80 num_nodes_edgedegree2 40
0 19 0.4422645432309592
0 36 0.38100242757499236
1 25 0.024794705017296526
1 16 0.9795250545922062
1 29 0.6744180834249944
1 20 0.01970463642067022
2 16 0.17014102713530987
2 5 0.35383790522830827
2 22 0.4978491856438122
2 23 0.15952247704328926
2 38 0.46034997073744
2 20 0.7186935363093017
2 31 0.3243413541646927
3 14 0.3202796413317184
3 10 0.7885750629485804
4 5 0.6671892688768812
4 26 0.6367497330737598
4 18 0.6303248056772824
5 38 0.9481863133552949
5 35 0.5655903199271347
5 18 0.9769900157541606
6 25 0.3088812901374459
6 11 0.24641123541439913
6 20 0.3420732716415341
6 28 0.8235421156922653
7 21 0.6428088283985278
7 13 0.6085793224363254
7 33 0.45690416431266667
8 16 0.5866471652727578
9 30 0.899372701198466
9 12 0.43469332542677575
9 20 0.6005758681068034
9 38 0.2570399412039833
10 19 0.11630890628944734
10 28 0.8511617875634674
10 21 0.31128287891781736
10 29 0.4858108594855891
11 15 0.9695970240859139
11 17 0.33768440066453353
11 18 0.35300880445429106
12 17 0.6796541306921203
12 26 0.8619506995244485
12 28 0.3817401188355435
12 35 0.42947559466441954
12 39 0.5891409377084181
12 30 0.20866675046534144
12 15 0.9064336339183421
12 31 0.578303108438031
13 16 0.7465492447411582
13 27 0.12533657420173672
14 19 0.38173429478082777
14 26 0.13321005015890808
15 19 0.2629095736388487
15 32 0.7266235809573892
15 39 0.36414542945843786
15 37 0.830897809433388
15 28 0.826281043870761
15 33 0.6129789713053992
17 23 0.2756328383251594
17 30 0.9292740079413139
17 29 0.5064293497487237
17 37 0.7899820469865736
18 35 0.3365357954325384
18 23 0.015715834135304307
18 36 0.21756202274561365
18 27 0.23707456460210263
18 20 0.06947665705803951
18 28 0.9488501652327486
18 26 0.0594755277564476
19 32 0.49256483287141595
20 37 0.1139594945243998
21 24 0.5685153357361086
21 30 0.24307259146096805
22 27 0.3698493999051622
24 38 0.5576842439946996
26 39 0.7415031080612717
26 28 0.06312719816587331
27 38 0.8540920827455488
31 34 0.7283472692929802
33 34 0.775350966721562
