40 80 num_nodes_edgedegree2 40
0 13 0.01230982635790523
0 38 0.19534367675497533
0 28 0.2921792764906376
1 29 0.3871963742355735
1 19 0.7760024387734593
1 16 0.3415119052771656
1 35 0.27364329219473993
2 11 0.7183925366653309
2 18 0.02480648807355179
2 15 0.5655625128160653
2 3 0.5810874689170561
3 15 0.1819632895016552
3 11 0.9948462233085804
3 10 0.17843968326224569
3 26 0.6204870562677495
4 10 0.7634822674287837
4 16 0.14403587043952348
4 21 0.43881175140905593
5 27 0.8336303303129728
5 34 0.3223708070657847
5 9 0.10848781291550091
5 38 0.84087154301355
5 31 0.13530740143746522
6 34 0.5115383174592762
6 29 0.010889065253236296
6 26 0.21261465093258658
7 10 0.6410897902488635
7 15 0.09953994569317082
7 9 0.40442889570199947
8 39 0.6020844089606469
8 13 0.3428497628711076
8 36 0.1191822720466218
9 10 0.34954693618436694
9 23 0.4631235989486191
9 26 0.8947004734634041
9 18 0.08518085372986217
10 27 0.6050201199047451
10 33 0.1093081453289173
11 24 0.34548806679629074
11 13 0.4212779610644066
11 20 0.005791601371770039
11 19 0.9823171129328779
11 31 0.8101825815110221
11 21 0.01532271896518611
12 34 0.12856685802935652
12 24 0.32756638554604434
12 39 0.5903007570708955
13 21 0.31136079212652845
15 24 0.8831104865416016
15 36 0.8904701565193092
16 39 0.6085559523258275
16 33 0.3677591441435136
16 29 0.58970572291326
17 26 0.9629000516695606
17 21 0.6901682118851846
17 18 0.5273575261636202
18 20 0.7268390647594106
19 21 0.7467911366642856
19 22 0.8373585810039613
19 30 0.807059497000383
19 20 0.1680480644901361
20 30 0.15478033073866737
21 31 0.43419899240639115
22 33 0.9865087535021997
22 25 0.7262546956067619
22 29 0.4029707212065954
22 32 0.47017006482539514
22 38 0.43345567469221913
23 30 0.47543151965429875
23 26 0.5000605855495311
23 37 0.386628616682005
24 37 0.12081696548752918
24 34 0.3624410370586819
25 34 0.9597041545957212
25 30 0.08698073969812681
28 39 0.27857900392778234
29 39 0.0035202741983632047
29 31 0.27809032526039745
32 39 0.6736368309085881
37 38 0.012430822850410084
