40 80 num_nodes 40
0 28 0.15108777580497101
0 34 0.8262545432607427
0 12 0.9746878100462909
0 24 0.4790400779081849
0 17 0.40772179307664347
1 24 0.42195804319791685
1 20 0.7247814693807944
1 27 0.15513462041645343
1 18 0.0926381705421302
1 30 0.9842872959709978
1 14 0.5788437159506173
1 28 0.44334303110110196
1 19 0.289172315928406
2 30 0.7572148422112674
2 19 0.6583676089932925
2 16 0.11077297190667035
3 30 0.24014258214471962
4 16 0.368366050330009
4 5 0.6359627116854462
4 18 0.9527012357984985
5 23 0.7221652995898399
5 35 0.07970784052291013
6 31 0.08734194772881987
6 37 0.3861335011955993
6 11 0.676865635332661
6 10 0.209145312321809
7 31 0.07846729137273423
7 18 0.15777134628001555
7 39 0.7118971343731695
7 30 0.40758299880436555
8 36 0.048625533416012834
8 32 0.6895124148675049
10 17 0.76549976255004
11 26 0.10427983321469059
11 35 0.8566985449994516
11 37 0.9308460442399116
11 22 0.20588937052720446
12 19 0.07645951904878401
12 35 0.9587448188165906
13 24 0.9067699778166489
13 27 0.9213623655757726
14 17 0.8922746929907508
14 33 0.5299175532330203
14 35 0.6067790615823254
14 22 0.577178400090919
14 29 0.35035139604811094
14 32 0.8146887509726316
14 25 0.5617546009073558
15 25 0.16577190617712256
15 17 0.23265855210971242
16 33 0.8642082221201087
17 29 0.5384607748520851
18 37 0.8939421134921888
18 29 0.9470892728603125
20 31 0.7094722089520689
21 32 0.83397524776498
21 39 0.8331441861148222
22 32 0.36198860918517717
22 36 0.7891061714252108
22 31 0.5423244147742111
22 26 0.6155353462418562
23 35 0.05181312886250444
23 31 0.8626864042896997
23 36 0.6140536310832488
25 37 0.46831460621738985
25 33 0.0275000850535152
26 35 0.25499689113453106
26 32 0.7834669490467527
27 38 0.31208670097577407
27 32 0.5856830026889714
28 30 0.17808048819404443
28 31 0.6084342209838196
28 32 0.8501319698708283
29 38 0.8523345524188299
31 32 0.9813166122832243
33 35 0.5959945315297067
34 35 0.5776200218817352
34 39 0.3459029025183763
35 38 0.10174192814560257
37 39 0.13260597013629838
