25 50 num_nodes 25
0 1 0.76648189464393
0 7 0.24566285657288756
1 2 0.564355702684429
1 18 0.6271098147750396
2 11 0.4748005087395666
2 10 0.9712473563758146
4 5 0.6385191311673748
5 23 0.27124669493555464
5 21 0.036763991961114684
5 17 0.3227312549675062
5 7 0.6731951652763858
5 10 0.6178988908342019
5 14 0.22385435570268897
5 19 0.9169194448435943
6 19 0.0022662133093109826
6 15 0.07975049153412606
7 16 0.7170750556017821
7 21 0.822649654382184
8 19 0.8146203139796026
8 16 0.16966710251227202
8 15 0.5990092529805311
8 24 0.08545225900867248
9 21 0.5162693710276767
9 15 0.5781621677737743
9 22 0.0202460248824492
9 23 0.7458423168708145
10 12 0.15818201742076043
10 22 0.4976218048338149
11 16 0.4964390482273626
11 14 0.8238170773681203
11 18 0.2866001448156461
12 23 0.41012343013191455
12 24 0.8597942767572785
13 20 0.5124855501405662
13 16 0.21587633578507082
13 23 0.6204288149238152
13 18 0.9862493437630026
14 17 0.9827901272236519
14 20 0.42053969063401087
14 21 0.2994951789977227
14 15 0.6001702907609232
15 16 0.6379186982489963
16 24 0.15432324577844714
16 17 0.8793828514559378
17 21 0.9571473986071313
17 23 0.006440195090875012
18 23 0.5619183704698398
19 20 0.800769851083788
19 21 0.7810199009333023
22 23 0.8085728589808792
