25 50 num_nodes 25
0 19 0.5511640979627166
0 23 0.9594661536018877
0 24 0.1938320904348244
0 8 0.5711327571118769
0 4 0.3680619515591448
1 9 0.16581641218112475
1 4 0.3658401661873658
2 18 0.13732094653777527
2 5 0.10090271252702665
2 15 0.30640028823994536
2 11 0.7165935774393893
2 13 0.09801664662035026
3 11 0.8365676344940055
3 18 0.2894042549883036
3 9 0.7319654338186795
4 17 0.17368138223886498
4 7 0.5690881997758525
4 20 0.7142120140802909
4 14 0.15024855095617418
5 22 0.8465147249618197
6 22 0.6659542936744198
6 15 0.022445220849257375
6 20 0.5581288288447848
7 18 0.8688462734981165
7 17 0.30919570624864734
8 15 0.5060883530732421
8 21 0.713808847480013
8 18 0.3010109378487502
9 20 0.9662169158901174
10 21 0.24409034665299734
10 22 0.687882859914266
11 19 0.7585843975426912
11 17 0.4785886450014065
12 20 0.38329986190718834
12 16 0.3370659764420404
12 22 0.553032038700307
12 13 0.11590524205429542
12 18 0.37402910188951444
13 24 0.8940357417594521
13 16 0.7839478444600505
13 18 0.3019508433470476
15 20 0.10096664039681047
15 17 0.8932210291164698
17 18 0.50479547940637
18 24 0.8483900285021269
18 23 0.5064002829158311
19 23 0.8098893053924843
19 21 0.6360548685826776
20 22 0.8560112817157409
21 24 0.046997187299549936
