25 50 num_nodes 25
0 2 0.45743554433569256
0 6 0.1256031886473008
0 9 0.2402785692359498
1 7 0.6981380969196513
1 2 0.8168992539755646
1 14 0.9235873985693305
1 3 0.1856965006002964
2 4 0.7172677733539834
2 19 0.21414692580353656
2 8 0.5883770044563457
2 6 0.34910950508923466
3 23 0.306209697649663
3 8 0.28339178414607114
3 7 0.4376771016014801
4 21 0.2757491754769763
5 24 0.42286673631433214
5 9 0.8666744212393394
5 7 0.8115266591390689
5 11 0.5983097726815345
5 10 0.8915250328090286
6 8 0.638641432197696
6 16 0.4333208545905579
6 13 0.7976543373624543
6 10 0.871821896109874
7 9 0.21740504692260043
7 15 0.6327809793762698
7 22 0.47509808604449
8 11 0.3653011626316469
8 20 0.23214133311487017
8 9 0.27524620087537854
8 14 0.7473901850682699
8 24 0.8060232679775448
9 24 0.30354463037210455
9 20 0.19633081517971196
9 17 0.8075520637905501
9 19 0.8694538810258912
10 21 0.15667722317331378
10 22 0.04690632605601419
10 18 0.08928917456830754
11 23 0.9764824151082997
12 15 0.9747793047960447
12 17 0.5568916422026695
12 16 0.7347155741860348
13 14 0.5577895169649165
13 23 0.5805905872240517
15 20 0.3845071138110717
16 17 0.5943822048629512
17 20 0.49907424226181385
18 22 0.46959130028731855
18 19 0.6199548418435449
