25 50 num_nodes 25
0 14 0.7410667005910322
0 23 0.017614868496853564
0 4 0.6781149265164752
0 6 0.9953067465034464
0 11 0.20723976281553325
0 18 0.15817538186612579
0 17 0.16665214289152086
1 20 0.4947438039358536
1 8 0.7505525805868181
1 22 0.04221839564077934
2 4 0.5862764760140541
2 10 0.3518409783940959
2 9 0.8734239941987144
3 5 0.07339755822576133
3 17 0.3056725599507282
3 6 0.22164008522654366
4 14 0.8547454307195247
4 8 0.5531105419840491
5 8 0.03220926231876953
5 24 0.13376423721995956
5 6 0.8432053059441471
5 13 0.3425168707676397
5 10 0.5511182745623306
5 22 0.42002368852032124
5 19 0.02007082887495304
6 13 0.44178923182389496
6 24 0.3930914906258881
6 17 0.7219011722511913
6 22 0.6813666102150785
7 24 0.17896412829874841
7 12 0.028910505081023774
7 18 0.3137741450645899
8 19 0.4542757853014845
9 10 0.45748501951885
9 12 0.7552302525876943
9 19 0.9695739812650959
9 11 0.8616008825674207
10 22 0.8100054476370783
11 23 0.3056175353343742
11 15 0.6425087519176825
11 12 0.751623870112219
11 13 0.14731590246669224
11 14 0.9968554706007287
12 24 0.9829174555926634
12 18 0.7578696868864779
15 22 0.011232680025364816
16 20 0.1627753273281063
19 21 0.10390986371595423
20 21 0.5504913845937913
22 23 0.018229839427856498
