800 1600 num_nodes_f_dist 800
0 331 0.0115
0 714 0.0109
1 551 0.0288
1 368 0.418
2 785 0.1024
3 570 0.0236
3 694 0.053
3 91 0.1971
3 734 0.0084
3 164 0.0186
3 223 0.0033
4 194 0.0501
4 392 0.2829
4 792 0.0003
5 392 0.0019
5 15 0.0283
5 553 0.0399
5 557 0.0193
6 194 0.1197
6 582 0.0383
6 348 0.0799
7 181 0.0922
8 133 0.0001
8 538 0.3871
8 206 0.0043
8 105 0.0119
8 280 0.1295
8 618 0.001
8 261 0.8613
8 589 0.1172
9 554 0.0311
9 434 0.2362
9 550 0.0405
9 650 0.0793
9 40 0.0052
9 35 0.0085
9 626 0.0233
10 302 0.1814
10 297 0.0208
10 357 0.0161
11 464 0.0649
11 318 0.0053
12 232 0.0015
12 628 0.0174
12 153 0.0368
12 21 0.1589
12 301 0.4802
13 765 0.0478
13 152 0.29
13 395 0.3448
14 772 0.035
14 686 0.0119
14 36 0.0154
14 103 0.0028
14 500 0.1145
14 407 0.0258
15 396 0.0055
15 317 0.0011
15 332 0.0027
16 464 0.0012
16 576 0.0
17 463 0.0009
17 511 0.2809
17 488 0.1339
17 379 0.0245
18 406 0.0303
18 160 0.0387
18 685 0.0403
18 151 0.0
18 222 0.0032
19 584 0.0582
19 475 0.0018
19 340 0.013
19 184 0.0584
20 225 0.0424
20 453 0.0004
20 312 0.1782
20 559 0.1897
21 230 0.0011
21 592 0.0029
21 416 0.0118
21 499 0.0063
21 732 0.0001
21 213 0.0296
22 31 0.1398
22 426 0.1126
22 650 0.1021
22 604 0.0093
22 596 0.2968
22 525 0.0366
22 474 0.1618
23 611 0.0
23 124 0.0408
23 372 0.2153
24 319 0.072
24 497 0.2701
24 110 0.0249
24 532 0.2879
25 456 0.442
26 665 0.0342
26 747 0.0978
26 111 0.0004
27 40 0.0001
27 659 0.0621
28 235 0.1899
28 194 0.0091
28 569 0.0067
29 499 0.003
29 743 0.0908
29 151 0.0053
29 38 0.0034
30 750 0.0491
30 298 0.0116
30 764 0.0658
31 404 0.0256
31 642 0.1217
31 676 0.0013
31 155 0.0608
31 80 0.0899
31 633 0.2278
31 470 0.0005
31 149 0.0109
32 739 0.1018
33 689 0.0002
33 544 0.0055
33 168 0.2721
33 741 0.1185
33 277 0.0413
35 491 0.038
35 699 0.0108
35 393 0.0001
35 564 0.0208
35 177 0.0666
35 547 0.0214
36 149 0.0926
36 452 0.044
36 463 0.1931
37 579 0.0043
37 116 0.0023
37 565 0.3214
37 601 0.0295
38 574 0.0408
38 521 0.0031
38 797 0.1204
38 274 0.0723
38 377 0.0761
38 248 0.0
39 531 0.1613
40 416 0.0491
40 117 0.2898
41 742 0.1202
41 747 0.0032
41 129 0.0623
41 435 0.0777
41 720 0.0001
41 241 0.1765
41 570 0.0076
42 314 0.0104
42 587 0.0208
43 280 0.0031
43 113 0.0447
43 764 0.064
43 632 0.0031
44 480 0.0003
44 66 0.0368
44 597 0.0254
44 236 0.0062
45 54 0.0299
45 771 0.371
45 625 0.0134
46 302 0.0267
46 522 0.0554
46 56 0.1093
46 530 0.0362
46 468 0.094
46 372 0.0449
47 80 0.389
47 743 0.0
48 217 0.0091
48 667 0.0011
48 219 0.0226
48 491 0.1521
49 161 0.0052
49 224 0.4388
49 137 0.0001
49 659 0.007
49 69 0.0242
49 297 0.021
50 172 0.0102
50 370 0.0141
50 565 0.0115
50 603 0.0012
50 237 0.0487
50 368 0.0057
51 634 0.1405
51 576 0.0729
52 562 0.0052
52 382 0.0057
53 775 0.1197
53 59 0.0453
53 469 0.1118
53 375 0.076
53 435 0.1664
54 473 0.0018
55 136 0.0032
55 657 0.0409
55 759 0.0175
55 236 0.0256
55 764 0.0173
55 211 0.0123
55 765 0.0372
56 369 0.0352
56 67 0.0499
57 492 0.0776
57 592 0.0257
57 553 0.0805
57 631 0.0493
57 349 0.275
58 555 0.0037
58 683 0.2396
58 207 0.1716
59 750 0.0282
59 545 0.0001
59 516 0.0
59 352 0.0089
60 755 0.0313
60 154 0.0268
60 100 0.0084
60 454 0.0064
61 602 0.0049
61 244 0.0102
62 549 0.0987
62 534 0.0128
62 687 0.029
63 708 0.0074
63 688 0.0
63 215 0.0479
64 782 0.0042
64 408 0.0045
64 728 0.0029
64 149 0.0063
64 674 0.0033
65 324 0.0254
65 796 0.166
65 93 0.277
66 240 0.0043
66 349 0.0172
66 513 0.0051
66 563 0.0004
67 621 0.0248
67 660 0.3375
68 672 0.0258
68 647 0.0055
69 504 0.0018
69 108 0.0221
69 499 0.3127
70 76 0.0011
70 586 0.0
70 670 0.0043
70 701 0.0903
71 297 0.0071
71 363 0.001
71 678 0.1594
72 85 0.003
72 313 0.0548
72 564 0.0921
72 593 0.0004
72 758 0.0047
73 781 0.1538
73 268 0.2488
74 389 0.0
74 274 0.0047
74 640 0.0436
74 257 0.0213
74 222 0.0104
74 743 0.0192
74 245 0.0605
75 785 0.0889
75 559 0.3078
75 596 0.0322
75 199 0.0283
75 347 0.1695
75 472 0.0102
75 283 0.1941
76 746 0.0479
76 139 0.1237
76 159 0.0504
76 668 0.0797
76 85 0.0515
76 556 0.0418
77 793 0.0641
77 318 0.0273
78 317 0.0424
78 387 0.0002
78 335 0.0012
78 413 0.0617
78 694 0.0332
79 355 0.0001
79 549 0.0621
79 156 0.1994
79 438 0.0195
80 389 0.0194
80 656 0.2448
80 253 0.0735
81 473 0.0021
81 164 0.0042
83 273 0.2914
83 287 0.4114
83 455 0.003
83 336 0.0062
84 640 0.0769
84 624 0.0337
85 754 0.1823
85 636 0.0313
85 552 0.0092
85 129 0.0232
86 136 0.0037
86 760 0.1213
86 536 0.1484
87 608 0.1807
87 309 0.0397
87 739 0.0815
88 383 0.0071
88 770 0.1656
89 399 0.0635
89 760 0.0131
89 451 0.1452
90 650 0.0268
90 298 0.2179
90 452 0.0493
91 771 0.0081
91 627 0.1149
91 396 0.8147
91 603 0.9624
91 395 0.2875
91 492 0.0018
92 458 0.1099
92 536 0.186
92 276 0.0012
93 185 0.1235
93 423 0.1664
93 442 0.0755
93 652 0.0066
93 695 0.3043
94 250 0.0419
94 742 0.0019
94 409 0.0135
95 707 0.2051
95 655 0.12
96 214 0.016
96 311 0.0259
96 247 0.0203
96 573 0.02
96 249 0.0143
96 360 0.0169
97 176 0.0026
98 690 0.0427
98 181 0.3172
98 168 0.0
99 332 0.2226
99 200 0.0781
99 109 0.0167
100 762 0.0557
100 505 0.3318
101 355 0.3886
101 320 0.003
101 558 0.0306
101 793 0.0033
101 482 0.025
101 215 0.0668
102 190 0.0804
102 212 0.087
102 191 0.0008
102 254 0.0033
102 178 0.2209
103 342 0.3515
103 157 0.0583
103 273 0.0626
103 234 0.0503
103 575 0.0602
104 325 0.0004
104 611 0.213
104 397 0.0606
105 445 0.0445
105 259 0.0136
105 752 0.0169
105 307 0.0023
105 606 0.0691
105 115 0.2057
105 159 0.0781
105 715 0.0654
106 504 0.0015
106 328 0.1418
106 725 0.0376
107 492 0.0139
107 674 0.0455
108 490 0.0818
108 575 0.0765
108 260 0.1032
108 469 0.0302
109 312 0.0436
109 731 0.0304
110 520 0.1462
110 283 0.0015
110 603 0.0678
110 159 0.0001
111 264 0.0265
112 639 0.0011
112 179 0.0327
113 218 0.0178
113 364 0.1242
114 256 0.0502
114 360 0.3112
114 597 0.1356
115 504 0.0484
115 136 0.0926
116 485 0.0804
116 348 0.0019
116 142 0.1881
116 689 0.2162
116 664 0.004
117 349 0.0016
117 468 0.0429
117 601 0.0996
117 513 0.0655
118 165 0.2241
118 735 0.0941
118 620 0.0
118 231 0.1292
118 745 0.0619
118 441 0.0003
119 694 0.0358
119 467 0.0917
119 795 0.0229
120 261 0.013
120 676 0.022
120 582 0.0037
120 281 0.041
120 799 0.2065
120 615 0.0198
121 758 0.1317
121 130 0.0259
121 580 0.0122
121 435 0.0017
122 217 0.0152
122 309 0.0055
122 687 0.0203
122 416 0.2141
122 189 0.1128
123 303 0.373
123 555 0.0003
123 206 0.035
123 669 0.0125
124 430 0.0159
124 152 0.3726
124 727 0.0666
124 406 0.0681
125 518 0.4263
126 620 0.1306
126 452 0.0032
126 684 0.5744
126 322 0.0005
126 551 0.1226
128 305 0.0418
128 150 0.0008
128 141 0.2026
128 620 0.0013
128 272 0.2785
129 211 0.012
129 448 0.0199
129 588 0.2355
129 412 0.0777
129 580 0.0665
130 376 0.0517
130 309 0.0006
131 404 0.0106
131 799 0.0
132 531 0.0038
132 537 0.0014
132 668 0.0405
132 211 0.2678
132 611 0.0915
132 685 0.0031
132 299 0.0037
133 260 0.1599
133 762 0.0028
133 752 0.0101
133 151 0.1174
133 258 0.0048
133 600 0.0298
134 518 0.0335
134 184 0.0901
135 698 0.1302
135 658 0.0067
135 644 0.2153
136 609 0.5645
136 528 0.0363
136 791 0.1258
137 582 0.0196
137 529 0.2257
137 452 0.0282
138 576 0.1006
138 593 0.284
138 706 0.0001
138 155 0.0134
138 228 0.0201
138 357 0.1722
140 605 0.3132
140 454 0.0346
140 358 0.1028
141 607 0.0007
141 797 0.3778
141 732 0.2529
141 268 0.0536
142 794 0.0013
142 408 0.2955
142 601 0.0483
142 567 0.0208
142 292 0.1766
143 563 0.1528
143 715 0.1307
144 327 0.051
144 272 0.0192
145 558 0.0472
145 593 0.0258
145 781 0.1425
146 697 0.0143
146 344 0.0109
146 330 0.12
147 531 0.0748
147 356 0.1278
148 680 0.0225
148 425 0.1741
148 276 0.0019
148 640 0.0068
149 219 0.0097
149 327 0.1459
151 555 0.0
151 620 0.0002
151 181 0.1217
151 594 0.0481
152 395 0.0002
152 423 0.0
152 324 0.1801
152 517 0.025
153 794 0.019
153 234 0.0007
153 547 0.0001
153 453 0.0047
153 744 0.0411
153 460 0.0218
155 473 0.1143
155 368 0.1804
155 636 0.0111
155 464 0.0244
157 537 0.0039
157 563 0.2587
157 456 0.0127
158 698 0.0208
159 256 0.0167
159 648 0.0003
159 491 0.0001
159 390 0.0278
159 295 0.0508
160 761 0.0194
162 426 0.0008
162 761 0.0084
162 366 0.1203
162 678 0.0388
163 171 0.1906
163 377 0.0006
163 409 0.0295
163 299 0.1277
163 323 0.0243
164 736 0.0127
164 179 0.3448
165 727 0.0493
165 199 0.009
166 539 0.0029
166 791 0.0078
166 523 0.1217
166 233 0.4332
166 648 0.0067
167 797 0.0022
167 767 0.4364
167 497 0.0113
167 670 0.0016
168 557 0.0116
168 333 0.0004
168 519 0.0099
168 350 0.0316
169 380 0.0057
169 749 0.275
169 274 0.0791
169 461 0.0675
170 173 0.1291
170 425 0.039
170 468 0.0487
171 461 0.0016
171 519 0.0705
171 206 0.0151
171 715 0.1492
171 653 0.0089
172 514 0.019
172 672 0.0155
172 558 0.1858
172 768 0.0807
172 309 0.0066
173 478 0.0003
173 337 0.3444
173 318 0.0012
174 662 0.0458
174 460 0.1924
174 725 0.071
174 691 0.0866
174 532 0.0976
175 798 0.0118
175 264 0.117
175 283 0.0335
176 410 0.1016
176 409 0.0001
176 266 0.1437
176 701 0.0973
176 525 0.0001
176 691 0.0202
177 680 0.0147
177 183 0.4699
177 291 0.0314
177 658 0.1043
177 193 0.004
177 582 0.3214
177 774 0.0032
178 406 0.0
179 604 0.0008
179 286 0.0018
180 386 0.102
180 620 0.0215
180 311 0.0878
181 650 0.0017
182 306 0.0461
182 276 0.0205
182 230 0.0682
182 619 0.0166
183 285 0.0818
183 350 0.0039
183 752 0.0005
184 794 0.0113
184 501 0.0004
185 777 0.0196
185 608 0.1181
186 406 0.0128
187 265 0.0
187 469 0.0
187 773 0.0027
187 239 0.21
187 486 0.1019
188 434 0.0005
188 371 0.0062
189 352 0.0664
189 784 0.0027
189 517 0.1314
189 779 0.0853
189 384 0.0323
191 335 0.2174
191 740 0.0079
191 572 0.3233
191 491 0.1916
192 431 0.0001
192 245 0.0112
192 700 0.0196
193 493 0.0348
194 310 0.2536
194 275 0.0011
194 717 0.0113
194 521 0.158
196 678 0.0003
196 665 0.1583
196 405 0.271
198 605 0.0012
198 442 0.0126
198 604 0.1174
198 625 0.062
199 262 0.0297
199 718 0.0317
199 333 0.0037
200 294 0.0318
200 728 0.0899
200 443 0.0591
201 231 0.0019
201 369 0.1915
201 469 0.3466
201 616 0.1889
202 543 0.02
202 238 0.29
203 314 0.0006
203 523 0.0062
203 556 0.0228
203 417 0.387
204 789 0.0917
204 567 0.0427
204 728 0.0035
204 379 0.0436
204 576 0.0729
204 480 0.2017
205 387 0.0038
205 335 0.4749
205 279 0.0064
205 225 0.019
205 398 0.0483
205 540 0.0001
205 453 0.0631
207 677 0.0106
208 319 0.0717
208 391 0.0351
208 438 0.0142
208 308 0.0198
209 290 0.0178
209 267 0.0001
210 436 0.078
210 587 0.5223
210 706 0.0711
210 338 0.0151
210 234 0.0064
211 266 0.0551
211 735 0.0505
211 606 0.0338
212 554 0.0366
212 242 0.0324
212 762 0.4191
213 787 0.0545
213 540 0.1545
213 722 0.097
213 733 0.21
213 521 0.0947
214 522 0.0091
214 491 0.1927
214 453 0.0006
214 454 0.1357
215 388 0.2079
215 400 0.0097
216 398 0.2751
216 572 0.0099
216 712 0.0007
217 724 0.098
218 272 0.2506
218 551 0.034
218 322 0.0257
219 557 0.1183
219 503 0.0571
219 500 0.0012
220 632 0.0016
220 732 0.0752
220 246 0.002
221 432 0.0073
221 770 0.1224
221 692 0.0124
221 230 0.0028
222 604 0.0121
222 436 0.1149
222 437 0.3939
222 284 0.0174
223 547 0.0038
223 230 0.0498
224 779 0.0071
224 647 0.0068
225 645 0.0227
225 630 0.0128
225 363 0.0791
225 620 0.0306
225 292 0.0219
226 576 0.0764
227 540 0.0032
227 733 0.0887
227 409 0.077
228 461 0.0108
229 579 0.0025
229 286 0.0035
229 249 0.1897
230 729 0.1439
230 262 0.1356
231 244 0.0005
231 335 0.0535
232 399 0.0243
233 406 0.0139
233 733 0.1521
233 550 0.0326
233 680 0.0255
234 605 0.0463
235 783 0.0165
235 456 0.1961
236 693 0.0916
236 628 0.3185
237 414 0.1995
237 757 0.0
237 241 0.0401
237 520 0.0002
237 622 0.041
238 353 0.1696
238 506 0.021
238 420 0.0116
238 368 0.1162
238 348 0.0438
239 497 0.0059
239 624 0.0777
239 567 0.0042
240 298 0.3251
240 435 0.0174
240 269 0.0122
241 364 0.0506
243 716 0.0207
243 694 0.0036
243 704 0.123
244 678 0.0027
244 796 0.0269
245 636 0.0025
245 591 0.0005
246 391 0.0109
246 410 0.1486
246 644 0.0053
247 697 0.0752
247 346 0.0386
247 390 0.1069
248 761 0.0136
248 620 0.047
248 251 0.1061
248 295 0.005
249 411 0.0046
250 723 0.0062
250 436 0.0027
250 412 0.0022
251 310 0.0573
251 435 0.0347
251 719 0.0058
251 714 0.0956
251 672 0.7412
251 600 0.0007
252 369 0.0548
252 421 0.0119
252 271 0.0108
252 311 0.001
253 258 0.1792
253 763 0.2114
253 407 0.0071
254 387 0.195
254 779 0.1008
254 324 0.0622
254 739 0.0334
255 275 0.0598
255 433 0.0005
256 554 0.0061
256 775 0.0107
256 333 0.0528
256 703 0.0306
256 788 0.099
256 551 0.0024
257 589 0.037
257 534 0.0269
257 783 0.0053
258 578 0.0
258 651 0.1414
258 357 0.2653
258 731 0.0283
258 313 0.2512
259 747 0.0007
259 728 0.1314
259 673 0.0046
259 565 0.1358
259 626 0.0277
260 742 0.0085
261 564 0.0367
261 540 0.169
261 518 0.0151
261 643 0.0601
261 264 0.073
261 633 0.0197
261 265 0.0477
262 417 0.0496
262 623 0.0697
263 533 0.2755
264 624 0.1118
264 338 0.7609
264 422 0.1783
265 283 0.011
265 496 0.126
265 495 0.3529
265 580 0.0926
266 274 0.1464
266 389 0.0754
266 623 0.1162
267 320 0.0178
268 470 0.0
268 484 0.0479
268 320 0.1616
270 725 0.022
271 700 0.0839
271 767 0.0036
272 738 0.0182
272 697 0.0
272 302 0.0004
273 730 0.0698
273 725 0.0105
273 313 0.0672
273 423 0.1424
274 777 0.0233
274 403 0.1842
275 470 0.0074
275 341 0.1583
275 475 0.0469
275 349 0.0
275 542 0.0656
276 569 0.0839
276 723 0.0566
276 286 0.0172
277 522 0.0004
277 414 0.0084
277 542 0.0373
277 564 0.065
278 381 0.0
278 408 0.0911
279 663 0.0549
279 333 0.1131
279 612 0.0098
280 707 0.064
280 787 0.0139
281 661 0.0503
281 520 0.0895
281 445 0.0012
282 705 0.0173
282 432 0.0879
282 439 0.0405
283 739 0.1426
283 545 0.4109
284 302 0.0359
284 650 0.0105
284 740 0.0
284 569 0.1674
284 479 0.4335
285 703 0.3098
285 507 0.0066
285 393 0.0507
286 462 0.1547
286 329 0.0102
287 773 0.0048
288 411 0.0005
288 589 0.1285
289 538 0.0762
289 564 0.1782
289 689 0.0421
290 601 0.1977
290 473 0.0895
290 727 0.0809
290 563 0.0475
292 480 0.0765
293 765 0.0018
294 603 0.0069
294 526 0.0075
295 549 0.0013
296 470 0.2621
296 771 0.0006
297 644 0.218
297 637 0.0062
297 714 0.1985
297 399 0.0035
299 661 0.0876
300 616 0.1831
300 772 0.0558
300 387 0.0501
301 728 0.0626
301 563 0.0726
301 458 0.1648
301 707 0.0214
302 373 0.0263
302 682 0.0641
303 516 0.001
303 558 0.0004
303 347 0.0483
304 668 0.0021
304 726 0.0014
304 638 0.4321
305 761 0.2152
305 709 0.0258
305 427 0.0272
306 565 0.0334
306 712 0.1011
306 526 0.0066
306 737 0.2211
307 666 0.3609
307 778 0.2118
308 403 0.0335
308 661 0.0521
308 576 0.0036
308 758 0.0252
309 463 0.0588
309 562 0.0247
309 374 0.0677
310 557 0.0087
310 667 0.001
310 559 0.0075
310 729 0.0253
311 619 0.0112
311 437 0.0465
311 343 0.0
312 358 0.105
312 719 0.0636
312 697 0.1435
313 387 0.4186
314 412 0.0755
314 703 0.0448
315 720 0.0
315 595 0.0905
315 675 0.0017
315 456 0.1301
315 542 0.0857
316 346 0.0394
316 519 0.1587
317 769 0.1117
317 484 0.0761
318 599 0.0126
318 586 0.004
319 477 0.2265
319 619 0.0029
320 400 0.0085
320 506 0.0697
320 396 0.4293
321 546 0.0013
321 432 0.0219
321 743 0.0041
322 488 0.0126
322 660 0.0154
323 798 0.0542
323 795 0.0308
323 563 0.1012
323 427 0.0849
323 405 0.0224
323 700 0.0973
323 491 0.0159
323 506 0.0022
324 592 0.31
324 541 0.0408
324 442 0.0167
324 744 0.0653
324 413 0.098
325 667 0.0553
325 789 0.1515
325 618 0.0822
325 586 0.0799
326 361 0.1491
326 523 0.02
326 452 0.0034
326 549 0.0008
327 460 0.0229
327 491 0.2727
328 675 0.1751
329 508 0.0066
329 504 0.0264
329 527 0.0009
330 661 0.0979
332 369 0.1964
332 380 0.0137
333 626 0.151
333 335 0.0072
333 541 0.0631
334 339 0.0111
334 576 0.1544
335 432 0.0114
335 716 0.0062
336 695 0.0696
336 343 0.1714
337 625 0.0001
337 646 0.0855
337 491 0.2065
337 355 0.0834
339 627 0.0124
339 519 0.0056
340 760 0.023
340 614 0.0413
340 344 0.0012
342 456 0.0051
342 467 0.0434
343 443 0.2391
343 373 0.4703
343 712 0.002
343 763 0.0
344 636 0.0806
344 397 0.0319
344 551 0.1828
345 422 0.0112
345 497 0.0445
345 580 0.0759
346 376 0.2295
346 405 0.0377
346 521 0.0268
346 370 0.0226
346 425 0.161
347 439 0.0149
347 658 0.2164
347 748 0.0031
347 550 0.0002
348 544 0.1116
349 451 0.0275
349 775 0.2432
349 368 0.0021
350 678 0.0118
350 567 0.0522
350 383 0.2355
351 395 0.1167
351 596 0.0
351 501 0.0313
352 526 0.2356
352 703 0.0193
353 419 0.0047
354 424 0.0884
354 744 0.091
355 432 0.0035
355 673 0.6431
356 652 0.0011
357 794 0.0754
358 438 0.0089
358 365 0.0138
360 469 0.0021
360 481 0.092
360 373 0.0387
361 591 0.0011
361 560 0.0457
361 460 0.2787
361 448 0.1472
363 593 0.011
363 495 0.148
363 515 0.0668
364 677 0.0293
364 624 0.0606
364 781 0.6391
364 485 0.0153
364 468 0.1149
364 753 0.1176
364 524 0.0
365 496 0.0583
365 502 0.1371
365 693 0.0356
365 767 0.3026
365 786 0.0416
365 406 0.0669
365 776 0.6075
367 768 0.0175
367 385 0.0789
368 538 0.0122
368 790 0.0059
369 451 0.0025
369 748 0.0651
369 794 0.0271
371 557 0.0372
372 759 0.2261
372 765 0.0002
372 452 0.0432
373 583 0.2847
374 519 0.0355
375 561 0.2702
375 557 0.1829
376 498 0.2112
376 510 0.061
377 674 0.0829
377 430 0.0049
377 768 0.0573
377 518 0.2631
377 743 0.0
378 504 0.0005
379 501 0.0692
379 513 0.001
379 658 0.0397
379 418 0.1921
379 652 0.0054
379 447 0.0699
379 772 0.0071
380 737 0.5304
381 629 0.0388
381 447 0.1259
382 512 0.2639
382 762 0.0067
383 573 0.0036
384 599 0.5036
385 424 0.0471
386 663 0.0115
386 460 0.0328
386 784 0.0352
387 555 0.2192
387 678 0.0052
388 667 0.0022
388 560 0.0007
388 578 0.0439
388 530 0.0146
388 764 0.1015
389 788 0.022
389 730 0.025
390 702 0.0299
391 415 0.0362
391 695 0.0165
392 584 0.0784
392 594 0.7485
392 646 0.049
393 527 0.029
393 676 0.0498
393 447 0.0016
394 534 0.0107
396 551 0.108
396 498 0.0219
398 593 0.0261
398 533 0.0594
399 443 0.1447
399 681 0.0209
399 458 0.0393
400 598 0.0332
400 712 0.0
400 471 0.3416
400 425 0.1101
401 574 0.0049
401 669 0.0206
402 603 0.0128
402 533 0.0654
402 509 0.2937
403 592 0.0108
403 734 0.6552
403 747 0.0489
404 715 0.0266
404 730 0.0013
405 579 0.0146
405 783 0.0576
406 443 0.0461
406 797 0.1864
406 649 0.0003
406 736 0.2574
406 772 0.0227
407 577 0.073
407 509 0.1061
408 552 0.0197
408 665 0.093
408 451 0.0043
409 477 0.0
410 554 0.0006
411 651 0.0234
411 503 0.0149
412 637 0.0001
413 424 0.0652
414 436 0.0043
415 450 0.0297
415 620 0.0375
417 574 0.1559
418 546 0.0069
418 529 0.0827
418 530 0.0384
419 622 0.0603
419 467 0.0364
419 476 0.1029
420 745 0.2676
421 701 0.0035
421 555 0.0012
422 551 0.0054
423 516 0.0
424 445 0.1112
425 499 0.0251
426 661 0.0119
426 761 0.0025
427 567 0.0037
427 698 0.0515
428 548 0.0485
429 687 0.3293
430 757 0.0056
430 520 0.1508
430 662 0.2836
430 539 0.0423
431 600 0.0384
431 677 0.1221
432 512 0.0016
432 604 0.0757
432 452 0.0281
432 539 0.0
433 749 0.1744
434 549 0.0373
435 733 0.1294
436 557 0.0122
436 646 0.0113
436 595 0.0037
437 626 0.0449
437 723 0.0535
437 628 0.3604
439 733 0.1493
440 562 0.0005
440 627 0.0575
441 615 0.0605
442 620 0.0059
442 523 0.0992
442 797 0.0
442 724 0.2129
442 449 0.3301
443 690 0.0383
443 550 0.0082
445 648 0.1258
447 515 0.0717
447 791 0.0317
448 782 0.0531
448 702 0.0073
449 679 0.1888
449 550 0.0103
449 541 0.0583
450 640 0.0539
450 632 0.6116
452 627 0.0108
453 680 0.0865
454 593 0.0042
454 600 0.6891
454 772 0.0264
454 509 0.0363
456 712 0.0419
456 721 0.0731
456 733 0.0356
457 698 0.0116
457 699 0.0056
459 536 0.0031
459 513 0.1805
459 486 0.0129
460 483 0.0104
460 735 0.131
460 786 0.0125
460 546 0.1261
460 500 0.0536
461 710 0.1509
462 732 0.0153
463 691 0.1143
464 665 0.1821
465 719 0.1174
465 491 0.0071
465 782 0.0001
466 615 0.0171
468 479 0.0
469 614 0.0323
471 583 0.0095
472 615 0.0701
472 693 0.3702
475 754 0.0132
475 612 0.0899
476 798 0.2046
478 579 0.0413
479 523 0.0309
480 704 0.0606
480 505 0.2878
480 525 0.0719
481 613 0.0133
482 760 0.0054
482 618 0.2288
482 523 0.0003
482 519 0.0004
485 628 0.0121
486 577 0.0011
487 716 0.0361
489 513 0.051
489 502 0.0295
489 758 0.0051
490 703 0.0113
490 656 0.0078
491 721 0.0058
491 712 0.0023
492 787 0.1484
492 714 0.175
493 558 0.0001
495 785 0.1741
495 583 0.0226
496 547 0.1032
496 649 0.0905
497 795 0.114
498 526 0.082
499 637 0.0262
499 640 0.0264
499 585 0.093
500 732 0.3726
501 525 0.0562
502 518 0.0036
503 536 0.0008
503 548 0.0053
503 654 0.0006
504 648 0.0575
505 612 0.2681
505 637 0.3046
506 697 0.0023
506 720 0.055
506 526 0.0352
506 579 0.0933
507 779 0.0476
507 566 0.0078
508 607 0.0251
511 517 0.0233
511 652 0.1854
511 572 0.0715
512 664 0.0013
512 557 0.0066
513 796 0.3951
513 532 0.1314
514 570 0.0576
514 683 0.0645
514 567 0.0666
514 609 0.0314
515 581 0.0298
516 707 0.0412
516 519 0.0458
516 767 0.0705
518 694 0.0205
519 686 0.0269
519 740 0.0055
520 698 0.0048
520 614 0.0641
520 543 0.8507
521 681 0.0156
521 623 0.1103
521 552 0.0382
522 630 0.0286
522 587 0.0112
522 565 0.0421
523 660 0.0154
523 784 0.03
524 758 0.0001
524 764 0.0001
524 586 0.0741
524 755 0.1026
524 594 0.0722
525 670 0.0997
526 726 0.0112
526 584 0.1024
526 527 0.0743
528 711 0.2731
528 742 0.0005
532 548 0.1091
532 630 0.0815
534 762 0.3354
534 607 0.0064
535 715 0.0145
536 664 0.2046
537 754 0.0113
537 691 0.0813
538 644 0.0063
539 584 0.0056
540 742 0.0976
541 776 0.169
541 741 0.3119
542 587 0.008
544 764 0.0006
545 786 0.0107
547 577 0.0107
547 651 0.0444
549 571 0.0003
550 633 0.2954
551 719 0.0794
551 688 0.0038
552 561 0.2374
552 621 0.0012
553 638 0.0549
554 769 0.1461
554 614 0.0081
555 796 0.085
556 660 0.0116
556 658 0.1161
557 626 0.1605
557 568 0.0007
560 593 0.0081
561 675 0.071
561 678 0.0053
561 728 0.0131
563 598 0.0302
563 584 0.1301
563 676 0.1085
563 595 0.0307
564 788 0.0021
564 585 0.0142
565 741 0.005
566 764 0.1786
566 695 0.0557
568 717 0.006
569 657 0.0223
571 754 0.0543
572 767 0.0388
572 736 0.0318
573 625 0.1038
573 653 0.0486
574 796 0.0109
575 724 0.0758
575 759 0.0
576 781 0.0438
576 725 0.0988
577 622 0.0047
580 685 0.0247
580 713 0.1165
581 670 0.0246
583 736 0.0491
585 699 0.0938
587 764 0.0607
587 633 0.0164
587 656 0.0448
588 667 0.0037
588 707 0.0992
589 691 0.0003
589 595 0.0963
589 756 0.008
590 635 0.0222
591 640 0.0008
592 610 0.089
592 598 0.0465
592 733 0.1888
594 756 0.0004
594 701 0.1106
595 745 0.2192
595 718 0.0154
595 659 0.0204
598 751 0.0482
600 674 0.0033
601 629 0.1229
602 766 0.0
602 723 0.0202
602 607 0.0025
603 610 0.0937
607 629 0.2405
610 743 0.0685
612 739 0.1161
612 645 0.1559
612 695 0.001
614 696 0.1162
615 736 0.0321
617 645 0.0185
618 798 0.0206
619 794 0.1297
619 714 0.0036
619 775 0.1646
622 780 0.0007
623 746 0.0017
624 650 0.409
625 761 0.0253
626 669 0.2098
627 709 0.0874
628 719 0.1509
628 728 0.0265
629 740 0.1916
630 675 0.0797
631 675 0.0076
632 759 0.0009
634 684 0.059
634 680 0.0205
637 720 0.0545
638 688 0.0074
638 777 0.0049
640 697 0.1262
640 790 0.2413
642 660 0.0131
642 681 0.1738
644 741 0.1203
644 738 0.0176
645 785 0.0012
650 657 0.0012
651 767 0.1119
653 707 0.0016
654 748 0.0201
654 703 0.0565
655 664 0.2475
655 747 0.0454
656 741 0.0116
656 743 0.06
657 707 0.0176
658 765 0.0391
659 693 0.1109
659 671 0.007
660 779 0.0526
660 678 0.0533
661 776 0.0733
661 721 0.6704
664 741 0.0393
667 791 0.0169
669 745 0.0197
669 736 0.0969
674 769 0.1747
677 753 0.663
679 740 0.2073
679 718 0.0421
680 759 0.1653
683 731 0.0
686 687 0.0484
686 723 0.0187
690 755 0.0767
690 779 0.5249
703 717 0.005
706 717 0.146
716 766 0.0013
719 794 0.0151
721 753 0.1159
721 729 0.1385
724 781 0.0027
728 738 0.1419
729 762 0.0132
730 752 0.1403
736 761 0.0567
738 770 0.0212
738 799 0.0001
745 756 0.1354
746 775 0.0085
774 784 0.0099
775 795 0.1408
