800 1200 num_nodes_f_dist 800
0 174 0.0419
1 708 0.2558
1 478 0.2332
1 134 0.0551
1 415 0.14
1 636 0.4432
1 432 0.0072
1 444 0.1456
1 747 0.0184
1 767 0.0321
2 232 0.0465
3 497 0.0145
3 690 0.341
3 86 0.1111
3 628 0.0201
4 352 0.0314
4 768 0.2612
4 250 0.0628
5 291 0.1337
5 493 0.0935
5 776 0.2854
6 559 0.4777
6 708 0.0578
6 751 0.1938
6 31 0.3898
7 92 0.2476
7 113 0.3866
7 78 0.0911
7 46 0.4216
8 743 0.1986
8 141 0.1577
8 555 0.1188
8 648 0.0888
8 576 0.1528
9 259 0.1434
9 337 0.0604
9 242 0.0949
9 176 0.1192
10 159 0.1049
10 117 0.4046
10 22 0.1833
11 650 0.3494
11 683 0.25
11 328 0.6728
12 100 0.087
13 62 0.082
16 688 0.0504
16 278 0.0888
16 607 0.2552
16 39 0.1348
17 412 0.101
17 348 0.0132
17 166 0.2868
18 716 0.3562
18 728 0.2203
18 617 0.1511
18 403 0.1718
18 658 0.2166
18 478 0.0883
19 374 0.3877
19 701 0.1347
20 186 0.0745
20 41 0.1531
20 770 0.1264
20 600 0.0183
20 494 0.1547
21 382 0.1029
21 523 0.4005
21 31 0.1491
23 149 0.0455
23 210 0.0253
24 236 0.059
24 688 0.1179
24 104 0.1723
24 381 0.234
24 640 0.1493
24 309 0.0447
24 770 0.1117
25 69 0.3988
25 533 0.035
25 107 0.1846
25 177 0.1777
25 30 0.1386
26 45 0.1135
26 661 0.0523
27 560 0.3511
27 114 0.2799
27 761 0.1445
28 36 0.1491
28 471 0.2146
28 106 0.3368
28 436 0.3484
28 342 0.2404
28 260 0.139
29 202 0.2823
29 227 0.3345
29 302 0.1198
29 770 0.0732
30 609 0.3917
30 155 0.2835
31 315 0.1961
31 141 0.1184
31 616 0.1559
31 352 0.3043
31 158 0.288
32 58 0.0691
32 725 0.4938
32 647 0.3729
32 400 0.2145
32 692 0.1327
33 194 0.1285
33 588 0.0864
33 78 0.1121
34 259 0.3558
34 375 0.0133
34 466 0.2594
34 317 0.3947
36 595 0.1924
36 154 0.0776
36 312 0.0755
37 155 0.0364
38 663 0.2029
38 342 0.3553
38 211 0.3203
39 320 0.087
40 593 0.1321
40 713 0.1681
41 746 0.0334
41 238 0.3058
41 211 0.5418
42 490 0.0604
42 439 0.0691
43 672 0.1091
43 566 0.0439
43 783 0.1121
44 253 0.0757
44 740 0.1932
44 143 0.0326
44 61 0.0168
46 757 0.3034
46 628 0.2855
47 344 0.196
47 110 0.1038
47 661 0.1711
48 754 0.4167
48 569 0.1577
48 140 0.0923
48 237 0.3066
48 212 0.1841
48 736 0.1652
48 248 0.0111
49 204 0.1983
49 550 0.1453
49 721 0.1892
50 279 0.6031
50 476 0.1813
50 609 0.095
50 113 0.0974
51 678 0.1217
52 428 0.0525
52 724 0.0913
52 57 0.1772
53 226 0.3396
54 522 0.0324
54 630 0.0539
54 585 0.2592
55 138 0.3158
55 401 0.1696
55 396 0.3327
55 429 0.1944
55 743 0.1427
55 217 0.099
56 545 0.2668
57 93 0.0499
57 300 0.0635
57 769 0.2605
58 686 0.428
59 320 0.1006
59 230 0.0912
60 108 0.1248
61 433 0.1498
61 462 0.4855
61 555 0.2916
61 470 0.2332
62 284 0.1027
63 147 0.2161
63 574 0.0504
63 157 0.3457
64 181 0.1582
64 368 0.1118
64 273 0.1905
65 304 0.1548
66 493 0.0392
66 738 0.1317
66 472 0.0778
67 674 0.1758
67 544 0.2427
68 426 0.2635
68 582 0.2169
69 582 0.3331
69 248 0.0116
69 426 0.126
71 594 0.1447
72 98 0.0606
72 174 0.0736
72 315 0.1181
73 451 0.272
73 516 0.1415
73 552 0.0948
73 688 0.0456
74 358 0.1295
74 686 0.152
74 550 0.1517
75 256 0.412
75 628 0.0872
75 736 0.2887
75 672 0.0939
76 550 0.0975
77 349 0.0571
77 124 0.2833
78 224 0.1123
78 309 0.0384
78 367 0.1085
78 706 0.1567
79 342 0.3843
79 179 0.2014
79 427 0.0701
81 628 0.075
81 415 0.144
81 404 0.4624
82 605 0.1142
82 125 0.0521
82 333 0.1143
82 731 0.0219
82 594 0.218
83 779 0.0768
83 621 0.065
84 117 0.0969
84 660 0.3343
85 467 0.2013
85 662 0.6212
85 396 0.1155
85 620 0.0818
86 369 0.0607
86 599 0.2126
86 198 0.3055
86 690 0.2051
87 286 0.1204
88 697 0.3009
88 553 0.0849
88 126 0.2162
88 622 0.265
89 246 0.0858
89 488 0.113
91 315 0.6549
91 350 0.1973
91 234 0.088
91 741 0.3147
91 317 0.3446
92 602 0.0361
92 537 0.2694
92 465 0.1788
92 191 0.4805
94 685 0.3249
94 781 0.1905
94 754 0.0846
94 221 0.1951
95 676 0.0766
95 520 0.4119
96 185 0.4179
96 181 0.0768
96 455 0.1549
97 510 0.0334
98 174 0.0853
98 433 0.2682
98 705 0.3036
99 620 0.0194
100 465 0.3474
101 162 0.4275
101 575 0.3753
101 660 0.1084
102 104 0.1737
102 399 0.0958
102 484 0.5224
102 603 0.241
103 422 0.3771
103 373 0.2388
103 465 0.3405
104 780 0.1175
104 283 0.2341
105 194 0.1215
105 337 0.1785
105 167 0.1036
106 674 0.2295
106 279 0.1429
106 660 0.2028
106 205 0.1879
106 684 0.0488
107 222 0.1481
107 313 0.2424
107 155 0.0664
107 251 0.0516
108 698 0.1548
108 684 0.1612
108 378 0.0913
108 396 0.0715
108 255 0.2626
109 368 0.0303
109 321 0.2677
109 352 0.2452
109 328 0.2742
110 252 0.3547
110 143 0.1051
110 660 0.0154
112 517 0.0651
113 164 0.3047
113 611 0.0259
114 159 0.0276
114 396 0.2164
115 292 0.1748
115 497 0.0201
116 791 0.2083
117 756 0.3018
117 212 0.1693
118 196 0.0654
118 368 0.2472
118 172 0.2321
119 346 0.0584
119 553 0.0777
119 443 0.1862
119 576 0.1016
119 507 0.2149
120 539 0.2339
121 531 0.1397
121 131 0.1394
121 330 0.0675
121 461 0.3039
121 249 0.1856
122 466 0.153
122 261 0.4114
124 404 0.1159
124 260 0.0396
124 651 0.1727
126 597 0.07
127 177 0.0753
127 558 0.4144
128 190 0.0313
128 701 0.0873
129 437 0.1429
129 522 0.0323
130 261 0.3087
130 458 0.6431
130 388 0.1804
130 359 0.1904
131 303 0.0879
131 790 0.0223
131 698 0.1443
131 716 0.0848
132 664 0.0317
132 470 0.1317
132 548 0.2331
132 321 0.079
132 643 0.0741
133 407 0.0109
133 171 0.2408
134 165 0.1576
134 433 0.253
134 583 0.0805
135 328 0.1114
135 588 0.1145
135 650 0.0381
136 664 0.1076
136 215 0.0338
137 472 0.2562
137 432 0.1788
138 143 0.3253
138 359 0.0662
138 443 0.21
139 177 0.0467
139 272 0.0473
139 447 0.0265
139 702 0.1267
140 719 0.2259
140 253 0.2266
141 660 0.0623
141 255 0.1865
142 572 0.3552
143 571 0.0536
143 474 0.1956
143 244 0.1716
143 724 0.1583
143 731 0.0948
143 673 0.0435
144 468 0.0539
144 430 0.0877
144 466 0.1031
144 255 0.0149
145 209 0.1145
145 211 0.297
146 788 0.2787
146 360 0.1446
146 491 0.0504
147 335 0.3194
147 437 0.0647
147 612 0.1335
148 477 0.1276
148 630 0.0682
148 387 0.1765
148 733 0.0182
148 262 0.4119
149 637 0.8252
150 558 0.2078
150 437 0.3759
150 239 0.3218
151 495 0.1171
153 543 0.3665
153 614 0.1566
153 654 0.0916
153 619 0.0689
153 534 0.22
154 368 0.1643
154 217 0.2415
154 243 0.1247
154 191 0.1408
154 640 0.2145
154 401 0.3048
156 595 0.1285
157 722 0.0931
158 437 0.7157
158 321 0.0984
159 194 0.2225
159 729 0.1431
160 752 0.1306
160 237 0.0993
160 186 0.1739
161 173 0.49
161 213 0.1989
161 223 0.0272
162 697 0.2659
162 268 0.0942
163 471 0.0189
165 456 0.0564
165 523 0.1252
165 744 0.1167
166 511 0.1129
166 523 0.2099
166 621 0.0521
166 186 0.2989
166 456 0.104
166 399 0.5777
166 222 0.0224
167 329 0.1851
168 573 0.1512
168 706 0.3474
169 357 0.1285
169 335 0.142
170 631 0.1298
170 509 0.0318
171 359 0.1646
173 753 0.3181
173 465 0.2697
174 709 0.3041
174 674 0.0902
175 745 0.3934
176 255 0.238
176 449 0.1404
176 416 0.1595
177 579 0.3048
177 777 0.0288
177 386 0.1342
177 402 0.1775
177 781 0.2221
177 571 0.2257
178 264 0.1422
178 418 0.1456
178 274 0.0816
180 332 0.1743
180 364 0.058
180 473 0.1591
180 639 0.1267
180 696 0.1991
181 241 0.0139
181 203 0.1572
182 765 0.2024
184 402 0.1129
184 664 0.1952
184 674 0.0568
185 301 0.2098
185 380 0.0582
186 456 0.0638
186 621 0.1859
186 788 0.1017
187 528 0.2536
187 231 0.0751
188 535 0.2464
188 457 0.3192
189 364 0.2302
189 279 0.2373
189 353 0.1982
190 322 0.2859
190 557 0.2849
190 225 0.1463
191 421 0.1065
191 708 0.0974
191 548 0.1129
191 528 0.1751
192 412 0.1289
192 252 0.0912
192 433 0.031
194 770 0.0184
194 384 0.1053
195 762 0.0756
195 594 0.2632
195 519 0.053
195 370 0.2098
196 594 0.2099
196 773 0.1009
197 389 0.3039
199 400 0.0393
199 502 0.5364
200 705 0.2018
200 317 0.4431
201 758 0.0544
201 753 0.2656
202 693 0.1238
202 475 0.5111
202 229 0.1802
203 793 0.26
204 280 0.0846
204 660 0.3237
204 231 0.1153
205 440 0.4481
205 587 0.2445
206 323 0.1308
206 304 0.1888
206 217 0.0506
206 766 0.2645
207 232 0.0215
208 228 0.2004
208 601 0.0959
209 778 0.1343
209 692 0.0654
210 649 0.0909
211 248 0.0672
212 500 0.0725
212 315 0.3142
213 602 0.3757
213 573 0.0333
213 646 0.2086
214 600 0.2677
215 250 0.0321
215 746 0.0532
215 648 0.116
215 642 0.2628
215 420 0.3003
215 218 0.0806
216 477 0.1686
216 443 0.216
216 745 0.0209
217 621 0.2506
217 389 0.1238
217 709 0.1908
218 373 0.1512
218 659 0.0698
218 515 0.1424
219 428 0.169
219 374 0.2363
220 395 0.0887
220 641 0.1534
220 291 0.4934
220 701 0.0311
221 746 0.4053
221 654 0.9099
221 684 0.2575
221 434 0.1228
221 357 0.0679
222 720 0.1216
224 412 0.1788
224 793 0.2978
224 601 0.1965
225 359 0.3799
226 286 0.0193
226 408 0.4027
227 674 0.2803
227 786 0.0708
227 752 0.2143
228 648 0.0577
228 777 0.1449
229 790 0.2008
229 246 0.6612
230 484 0.2029
230 743 0.1179
230 639 0.2381
232 605 0.0073
232 433 0.1119
233 639 0.1932
233 404 0.2969
233 633 0.147
234 430 0.1297
234 513 0.1347
234 578 0.1333
235 342 0.1998
236 411 0.2587
237 520 0.1657
237 768 0.6435
237 399 0.4247
237 535 0.2338
238 252 0.2165
238 275 0.0921
238 563 0.162
238 583 0.1274
238 309 0.5702
238 639 0.0361
240 413 0.0752
240 416 0.1699
241 634 0.1512
242 328 0.3138
242 514 0.0966
242 696 0.6271
243 480 0.3992
243 479 0.3977
243 694 0.2004
244 708 0.0854
245 724 0.1482
245 429 0.2287
245 599 0.1089
245 772 0.065
246 345 0.1904
246 710 0.1535
247 486 0.0099
247 329 0.1752
247 370 0.2249
247 552 0.1961
247 288 0.5585
251 700 0.1178
252 579 0.3032
252 679 0.1046
253 477 0.2142
254 732 0.1953
255 543 0.4387
256 369 0.3308
256 452 0.1043
256 514 0.2366
257 620 0.037
257 339 0.2036
257 722 0.091
258 268 0.1894
259 414 0.3058
259 525 0.176
260 629 0.2874
260 730 0.354
261 691 0.059
261 422 0.2666
261 564 0.1219
262 368 0.4458
262 741 0.1821
263 526 0.6447
263 272 0.0534
263 376 0.0603
264 320 0.3329
265 349 0.4651
265 561 0.0538
265 764 0.1806
265 603 0.5617
267 341 0.4636
267 681 0.0138
267 582 0.2537
268 620 0.0412
268 760 0.4076
268 692 0.1968
269 501 0.2962
270 773 0.075
270 320 0.3794
270 731 0.0281
270 691 0.1209
270 301 0.2922
272 407 0.1483
272 788 0.1783
273 514 0.2557
273 632 0.1621
274 514 0.1198
274 791 0.0967
274 484 0.024
274 630 0.2623
274 549 0.1553
275 383 0.1751
275 445 0.1265
275 412 0.1401
277 702 0.1356
278 797 0.2268
278 291 0.117
279 334 0.06
279 527 0.0433
279 610 0.3653
279 622 0.1828
280 494 0.1377
281 358 0.0944
282 489 0.1211
283 530 0.1216
283 432 0.104
283 548 0.1018
283 476 0.0061
284 620 0.1962
285 501 0.755
285 538 0.1533
285 457 0.1725
285 654 0.0526
285 531 0.0408
285 776 0.428
286 500 0.1472
287 737 0.1123
287 512 0.1118
287 427 0.1362
289 570 0.2767
289 593 0.2234
289 521 0.2528
290 396 0.1475
291 554 0.7801
293 536 0.2006
293 299 0.1615
293 363 0.0234
294 427 0.3761
295 772 0.1869
295 310 0.2277
296 706 0.1028
297 366 0.2782
298 452 0.1521
298 544 0.0151
298 644 0.067
299 750 0.1445
299 380 0.1543
301 691 0.444
301 784 0.1095
301 590 0.4309
301 347 0.1168
302 661 0.2742
302 678 0.0846
303 404 0.1878
303 711 0.0885
304 675 0.0954
306 321 0.1448
306 548 0.1464
306 578 0.2468
306 662 0.3644
306 631 0.2935
306 741 0.1564
307 794 0.0824
307 782 0.4732
309 610 0.1408
310 723 0.1429
310 505 0.2535
310 341 0.2198
311 341 0.2251
313 740 0.0347
313 402 0.0889
313 668 0.187
314 716 0.1188
315 685 0.2721
315 381 0.1063
315 510 0.1125
315 376 0.0607
315 600 0.3682
315 447 0.1469
316 491 0.2294
316 345 0.0479
316 529 0.1731
316 576 0.6826
317 464 0.1605
317 417 0.334
319 748 0.2292
319 661 0.1106
319 678 0.2074
320 475 0.2759
321 686 0.1129
323 703 0.4432
324 557 0.3145
324 619 0.0399
326 389 0.4126
326 364 0.2696
326 546 0.0681
326 731 0.1684
328 749 0.19
329 705 0.131
329 720 0.1193
330 371 0.051
331 567 0.1585
331 385 0.0431
331 613 0.2589
332 716 0.1633
332 717 0.0875
333 482 0.1219
333 579 0.3386
336 528 0.104
337 697 0.456
338 730 0.2204
338 707 0.0608
338 563 0.1588
339 717 0.0215
342 631 0.1922
342 470 0.4191
342 605 0.404
343 478 0.076
344 664 0.1052
344 388 0.0583
345 500 0.1744
345 535 0.2121
345 470 0.2033
346 349 0.0579
348 441 0.0908
348 702 0.2347
348 444 0.3163
348 599 0.1053
350 767 0.0443
350 509 0.0945
351 680 0.1328
351 691 0.1646
353 771 0.0215
354 392 0.1101
355 772 0.1625
356 623 0.2652
356 509 0.1616
357 688 0.0749
359 472 0.245
359 650 0.14
361 689 0.0298
361 768 0.1387
361 567 0.0545
362 370 0.2343
362 527 0.1546
362 451 0.1097
362 564 0.1921
363 782 0.1325
366 492 0.0218
367 782 0.1101
368 526 0.2765
368 371 0.3111
368 560 0.0151
368 503 0.1244
368 545 0.1301
369 522 0.3779
370 429 0.0772
370 757 0.3418
371 468 0.2802
371 570 0.1189
372 476 0.3319
372 607 0.1488
372 651 0.2545
373 534 0.0515
373 584 0.0811
375 524 0.1213
375 625 0.1088
375 586 0.1929
378 619 0.4469
380 521 0.2709
380 503 0.1372
381 663 0.1224
381 752 0.5152
381 793 0.0959
382 585 0.6024
382 694 0.4727
382 695 0.1867
383 490 0.2297
384 789 0.4757
387 409 0.2164
388 691 0.109
389 486 0.1724
389 483 0.0315
390 475 0.1708
391 682 0.0701
391 550 0.212
392 754 0.1353
392 706 0.147
393 418 0.1468
394 603 0.1181
395 421 0.0891
395 495 0.1431
396 675 0.1415
399 608 0.5897
399 759 0.2297
399 443 0.4575
400 656 0.0341
400 610 0.1391
400 446 0.11
400 799 0.36
401 733 0.0799
401 607 0.3863
401 536 0.2764
401 404 0.1558
402 740 0.416
402 799 0.0801
402 530 0.0675
402 671 0.0789
403 734 0.1163
403 495 0.1851
404 495 0.0984
404 636 0.2174
404 631 0.1508
406 642 0.0742
407 497 0.0618
409 772 0.2565
409 760 0.1856
409 634 0.1163
410 708 0.1662
410 606 0.3997
411 636 0.0335
411 491 0.047
411 462 0.4316
412 540 0.1746
414 768 0.5328
414 584 0.0281
415 750 0.3401
415 489 0.101
415 466 0.1349
416 602 0.2841
417 566 0.0187
417 436 0.0667
420 652 0.214
422 722 0.6127
422 425 0.1317
422 653 0.1465
423 762 0.2155
424 752 0.1957
425 576 0.1911
426 510 0.1018
427 693 0.1295
427 668 0.0707
429 668 0.0308
429 745 0.3148
429 481 0.1581
430 668 0.2285
430 767 0.0423
431 784 0.1871
431 627 0.289
431 646 0.2231
432 638 0.1513
433 538 0.147
433 700 0.3321
434 588 0.0632
434 607 0.0661
435 444 0.5254
435 609 0.1062
436 474 0.1816
437 712 0.6463
438 445 0.3505
439 509 0.2942
440 454 0.2337
440 724 0.1204
441 653 0.3217
441 686 0.0391
442 476 0.2643
443 722 0.0596
444 493 0.2772
446 667 0.1256
446 575 0.3189
446 556 0.1738
447 450 0.0756
447 683 0.0503
451 736 0.1425
452 735 0.1192
452 514 0.4459
453 577 0.307
453 502 0.2738
455 557 0.4675
455 731 0.2133
455 487 0.1599
455 761 0.0524
458 465 0.0581
459 564 0.0859
461 510 0.0569
462 605 0.1886
462 778 0.0677
463 537 0.0244
463 631 0.1402
464 650 0.2491
464 656 0.0899
465 677 0.0668
466 689 0.0146
467 498 0.1167
467 729 0.0273
468 574 0.2379
468 724 0.0748
469 576 0.1775
470 743 0.0889
471 721 0.2047
471 539 0.0402
471 596 0.138
471 668 0.2635
472 670 0.0997
472 720 0.1257
472 633 0.0852
472 612 0.1272
472 539 0.118
474 497 0.1741
475 685 0.3331
475 703 0.2461
475 481 0.1884
476 780 0.1574
477 665 0.103
478 729 0.1228
480 653 0.0564
480 587 0.0115
481 795 0.2684
481 536 0.1245
482 641 0.065
483 663 0.0721
484 627 0.0231
484 785 0.1597
485 784 0.1336
486 552 0.1197
486 513 0.0292
487 551 0.0596
488 560 0.1239
489 736 0.3167
490 507 0.0977
491 679 0.2597
492 697 0.2656
493 536 0.1801
495 538 0.1862
495 706 0.2263
496 690 0.3521
496 629 0.3084
497 743 0.1074
498 527 0.308
500 610 0.2083
501 626 0.0857
501 634 0.1177
502 773 0.1473
502 767 0.1505
503 696 0.1965
504 532 0.4145
505 755 0.2354
507 680 0.3132
507 608 0.2675
509 722 0.0244
509 560 0.1618
510 512 0.131
512 696 0.2248
513 554 0.1215
514 609 0.6558
514 712 0.165
516 575 0.1283
516 643 0.167
518 553 0.4745
519 530 0.0508
519 537 0.1039
522 551 0.1295
523 676 0.6215
524 741 0.136
524 734 0.0993
524 563 0.1081
526 584 0.1927
526 641 0.1026
527 771 0.1268
528 542 0.2981
529 538 0.261
530 598 0.1169
531 782 0.3403
533 639 0.122
534 772 0.1227
535 590 0.1333
535 667 0.3156
536 728 0.2386
537 781 0.4314
537 595 0.4149
538 765 0.03
539 614 0.2001
539 724 0.043
539 788 0.2313
540 783 0.085
540 675 0.1432
540 638 0.2771
541 698 0.0947
542 738 0.0997
543 665 0.1408
545 636 0.1252
545 685 0.066
547 732 0.5521
547 569 0.094
548 657 0.1166
549 791 0.0805
550 745 0.06
551 728 0.3617
551 782 0.1802
553 773 0.1285
553 718 0.1847
554 793 0.2941
556 617 0.1718
557 771 0.1583
559 782 0.0957
560 715 0.1524
563 648 0.2105
564 769 0.0742
565 624 0.0302
566 779 0.3622
566 659 0.5164
568 602 0.1976
570 741 0.0966
571 785 0.192
571 656 0.1668
573 690 0.1426
573 668 0.1331
579 776 0.8386
580 694 0.2446
580 622 0.0984
581 743 0.2086
581 612 0.3916
582 620 0.361
583 645 0.0721
585 743 0.1528
587 746 0.3967
588 668 0.2202
588 654 0.1421
589 745 0.1751
590 674 0.0953
590 609 0.1523
594 706 0.0326
595 605 0.1978
595 667 0.3777
596 748 0.2265
600 762 0.09
600 659 0.0457
602 648 0.7791
603 704 0.1581
605 772 0.0225
608 664 0.0659
611 636 0.2506
613 663 0.1874
615 756 0.1179
619 784 0.2347
619 661 0.0845
623 660 0.2751
624 788 0.1061
625 745 0.2734
625 727 0.3719
625 761 0.5063
626 786 0.0406
626 758 0.1094
627 694 0.2936
627 792 0.0668
628 667 0.3009
628 734 0.2318
630 667 0.028
630 642 0.28
630 669 0.1665
630 719 0.3372
633 674 0.3201
633 720 0.2648
633 737 0.087
633 733 0.2777
636 749 0.0965
636 677 0.0932
637 652 0.2678
637 663 0.288
638 700 0.1257
638 726 0.1791
640 736 0.0682
647 721 0.1544
649 673 0.0824
651 710 0.1614
653 797 0.122
656 723 0.2269
658 669 0.1583
663 786 0.2795
664 680 0.023
664 739 0.1471
665 672 0.1153
667 696 0.2165
668 764 0.2744
674 763 0.5927
680 687 0.3053
682 726 0.0496
683 737 0.4403
686 725 0.0688
686 694 0.0456
690 726 0.1422
691 799 0.0717
693 783 0.3974
695 715 0.4076
695 738 0.1166
698 784 0.1223
700 791 0.1235
701 778 0.1765
712 756 0.1953
717 744 0.0492
719 739 0.2402
719 751 0.0285
719 752 0.2812
725 739 0.5883
727 748 0.4701
728 784 0.1263
730 769 0.3889
732 756 0.1236
733 771 0.0591
734 777 0.1403
736 778 0.1632
749 779 0.1296
750 760 0.1998
755 783 0.0751
760 765 0.1538
763 797 0.0638
