800 1600 num_nodes_f_dist 800
0 379 0.0745
0 142 0.0384
0 123 0.0002
0 268 0.0012
0 754 0.0585
1 795 0.0001
1 378 0.0001
1 208 0.0189
1 216 0.1362
1 519 0.0072
1 103 0.0548
1 587 0.1146
2 649 0.0025
2 229 0.1687
2 717 0.001
3 733 0.0411
3 632 0.0588
4 204 0.1006
4 636 0.0438
4 226 0.0005
5 733 0.0
5 646 0.2148
5 353 0.0285
6 33 0.054
6 507 0.0077
6 431 0.0336
7 78 0.1217
7 131 0.0539
7 30 0.0009
7 475 0.0198
7 379 0.0035
7 391 0.0004
7 714 0.1227
7 359 0.0085
7 183 0.0459
8 662 0.0104
8 471 0.01
8 184 0.0032
9 67 0.0832
10 14 0.1151
10 483 0.0001
11 347 0.0659
11 599 0.022
11 298 0.0046
11 397 0.1609
11 20 0.0797
11 557 0.2566
11 63 0.0084
12 307 0.2016
12 578 0.005
13 620 0.0249
13 50 0.0053
13 244 0.0001
13 49 0.0007
14 587 0.0373
14 196 0.0069
15 759 0.0122
15 341 0.0017
15 661 0.0457
17 286 0.0514
17 497 0.0858
18 471 0.0348
18 299 0.006
18 592 0.1328
18 563 0.0087
19 347 0.0725
19 174 0.0543
19 584 0.1495
20 154 0.0377
20 322 0.3499
20 537 0.002
20 297 0.0708
20 757 0.0557
21 378 0.0085
21 548 0.0047
21 484 0.2452
21 63 0.0007
22 603 0.0019
22 214 0.0981
22 61 0.0136
22 165 0.0243
22 412 0.046
23 274 0.0714
23 311 0.0341
23 478 0.0899
23 484 0.0427
23 106 0.0164
24 183 0.828
24 612 0.0223
24 301 0.0192
25 415 0.0437
25 177 0.0851
26 117 0.0005
26 368 0.1056
26 186 0.0176
26 635 0.265
27 790 0.1824
27 505 0.0984
27 530 0.3202
27 602 0.0284
27 418 0.0616
27 122 0.1839
28 133 0.213
28 570 0.001
28 142 0.1947
28 739 0.0472
28 359 0.0159
29 286 0.0182
29 30 0.0
29 616 0.0019
29 260 0.0747
29 340 0.0058
30 455 0.0047
30 615 0.007
30 272 0.0057
30 474 0.0056
30 439 0.0237
30 484 0.0002
31 798 0.0299
31 107 0.1016
31 324 0.0018
31 620 0.0059
32 548 0.176
32 174 0.3178
32 422 0.0022
33 227 0.0214
33 729 0.0011
33 720 0.0436
34 123 0.0849
34 793 0.0011
34 380 0.0034
35 710 0.002
35 674 0.0112
35 601 0.1198
35 565 0.0014
36 139 0.069
36 317 0.0034
36 419 0.0848
36 298 0.0006
36 288 0.0925
36 566 0.1627
36 69 0.0016
37 90 0.0689
37 691 0.0006
37 512 0.0
37 515 0.0081
38 736 0.007
38 353 0.048
38 642 0.0092
38 421 0.0266
38 324 0.0857
38 334 0.0772
38 126 0.0285
38 485 0.0184
40 406 0.0005
40 441 0.0025
41 483 0.012
42 115 0.0867
42 596 0.0077
43 308 0.0326
43 706 0.0057
43 182 0.0189
43 490 0.0262
43 418 0.0088
43 498 0.0011
43 683 0.0004
43 271 0.0061
44 651 0.0192
44 643 0.0212
44 116 0.0007
45 121 0.1845
45 398 0.2199
45 347 0.1634
45 216 0.0316
45 613 0.0418
45 761 0.0026
46 779 0.012
46 250 0.0477
46 751 0.1207
46 320 0.0188
46 172 0.0205
47 129 0.1604
47 157 0.0132
47 111 0.0232
48 572 0.0094
48 116 0.063
49 460 0.0142
49 156 0.1624
49 536 0.0564
49 598 0.0029
50 323 0.2561
50 215 0.0001
50 77 0.0034
51 774 0.0
51 127 0.0061
51 638 0.0164
51 169 0.0007
51 257 0.0325
52 433 0.3205
52 731 0.0144
52 346 0.0757
52 632 0.0025
53 608 0.096
53 656 0.1427
54 626 0.0867
54 381 0.0268
54 139 0.1664
54 133 0.0379
54 710 0.0023
54 625 0.0574
55 493 0.0936
55 184 0.18
56 793 0.0005
56 561 0.0084
56 621 0.038
56 665 0.2324
57 626 0.0934
57 383 0.069
57 546 0.0048
58 95 0.0002
58 618 0.0169
58 746 0.0523
59 725 0.0474
59 614 0.0249
59 661 0.0069
59 474 0.1466
60 360 0.2578
60 298 0.0059
60 571 0.0211
61 136 0.1594
61 658 0.0006
61 738 0.0136
62 692 0.0415
62 360 0.0159
62 566 0.447
62 654 0.0272
62 688 0.0463
63 343 0.0004
64 493 0.0092
64 210 0.1552
64 315 0.0006
65 163 0.0131
65 251 0.0734
65 629 0.0877
65 85 0.0233
65 206 0.0202
67 594 0.0141
67 491 0.0088
68 420 0.002
68 620 0.425
69 602 0.0015
69 550 0.034
69 491 0.0038
69 370 0.201
69 416 0.0029
69 240 0.0047
69 574 0.0561
69 757 0.0086
70 494 0.0754
70 691 0.0522
70 722 0.0251
70 361 0.1548
70 427 0.0093
70 362 0.0103
71 441 0.0876
71 288 0.0826
72 599 0.0651
72 199 0.0515
73 322 0.0226
73 435 0.0144
73 199 0.1472
73 771 0.5079
73 629 0.0459
74 409 0.0383
74 511 0.247
74 496 0.0007
74 497 0.0003
75 700 0.03
75 757 0.0971
75 732 0.032
75 381 0.084
75 355 0.0713
76 375 0.0609
77 684 0.0689
77 292 0.1734
78 281 0.0012
78 196 0.0516
78 90 0.0
78 299 0.0019
79 247 0.0217
79 497 0.0005
79 518 0.0194
79 205 0.0347
79 658 0.0001
79 454 0.0483
79 288 0.004
79 444 0.353
79 475 0.0138
80 549 0.018
80 321 0.0279
81 173 0.0434
81 580 0.1963
81 733 0.0008
81 637 0.0406
81 507 0.0331
81 755 0.0458
81 696 0.0291
82 615 0.0527
82 461 0.008
82 758 0.016
82 273 0.0065
83 214 0.594
84 644 0.0333
84 168 0.2097
84 705 0.0023
85 428 0.0571
85 768 0.0165
85 243 0.0022
85 678 0.0392
85 491 0.0335
86 449 0.0001
86 441 0.0447
87 634 0.2795
87 120 0.0449
87 261 0.0045
87 184 0.0206
87 431 0.0
87 203 0.0024
87 206 0.2166
88 527 0.0479
88 639 0.0013
88 784 0.0167
89 300 0.0
89 707 0.0014
89 188 0.0245
90 352 0.0286
90 478 0.0078
90 401 0.176
90 576 0.0011
90 680 0.0927
90 720 0.2003
91 606 0.0888
91 448 0.0296
92 697 0.1472
92 521 0.0525
93 746 0.0673
93 681 0.1094
94 539 0.0236
94 270 0.0549
94 776 0.0601
94 474 0.0679
94 756 0.018
94 401 0.0251
95 718 0.0177
96 398 0.0089
96 460 0.466
96 675 0.0619
96 174 0.121
97 141 0.0031
97 417 0.0008
98 509 0.0184
98 189 0.2089
98 401 0.0455
98 296 0.0003
99 374 0.0284
99 104 0.0007
99 540 0.0165
99 676 0.038
99 655 0.0006
99 366 0.0269
99 141 0.0113
100 109 0.0059
100 669 0.0043
100 273 0.0
101 577 0.0697
102 766 0.0453
102 272 0.0038
102 604 0.0929
102 290 0.0115
102 640 0.015
103 204 0.0088
103 565 0.0251
104 417 0.0983
104 445 0.0164
104 370 0.0042
105 572 0.0197
105 601 0.044
105 454 0.1042
106 582 0.0119
106 287 0.0487
106 496 0.0144
106 598 0.0372
106 188 0.0017
106 745 0.0041
106 124 0.0106
107 386 0.0133
107 408 0.4241
108 668 0.1981
108 669 0.0007
109 567 0.0321
109 271 0.0142
109 733 0.2571
109 797 0.0354
109 741 0.0
109 431 0.0004
109 656 0.0396
110 614 0.0105
110 126 0.063
110 788 0.0162
110 357 0.0297
110 177 0.0003
111 683 0.0356
111 323 0.0007
111 476 0.0256
111 657 0.0233
111 781 0.0399
111 367 0.0322
112 623 0.0036
112 318 0.0052
112 331 0.0054
112 216 0.0007
112 459 0.0166
113 298 0.076
113 212 0.0792
113 525 0.0007
114 509 0.08
114 744 0.0147
114 579 0.0082
114 235 0.0
115 448 0.0142
115 697 0.0535
116 349 0.0982
116 682 0.0006
116 240 0.0064
117 519 0.0487
117 760 0.064
117 134 0.0829
117 182 0.0146
117 734 0.0137
117 341 0.0242
117 586 0.0162
117 675 0.057
117 748 0.0093
118 637 0.4829
118 562 0.0117
118 525 0.0031
118 639 0.0472
119 552 0.0173
119 153 0.0017
119 465 0.039
120 505 0.0354
120 194 0.0061
120 550 0.0234
120 267 0.0145
120 207 0.0802
121 579 0.0086
121 763 0.0171
122 293 0.0003
122 175 0.0
122 326 0.0042
122 467 0.1098
122 171 0.0409
123 175 0.0304
123 598 0.0034
123 415 0.0158
124 475 0.0189
124 349 0.0646
124 288 0.0367
125 547 0.0562
125 161 0.0559
125 302 0.0397
125 589 0.0218
126 438 0.0279
126 707 0.0131
126 354 0.1269
126 647 0.0188
126 616 0.0073
126 373 0.001
127 291 0.0618
127 622 0.0406
128 258 0.0422
128 557 0.0519
128 499 0.0319
128 365 0.1144
128 479 0.005
129 392 0.0201
129 531 0.0468
130 568 0.0004
131 766 0.1444
131 432 0.0562
131 718 0.0352
132 431 0.0707
132 463 0.1012
133 557 0.0967
133 150 0.21
134 752 0.0736
134 644 0.0297
134 427 0.0148
134 776 0.0171
135 312 0.2448
135 263 0.0363
136 565 0.0114
136 602 0.1302
136 521 0.2006
136 731 0.0059
137 455 0.0194
137 710 0.0139
137 568 0.0388
138 156 0.3255
138 253 0.0093
138 720 0.0036
139 273 0.0624
139 483 0.0305
140 191 0.0008
140 265 0.1942
140 583 0.0209
141 368 0.0011
141 233 0.2252
142 560 0.0736
142 314 0.0114
142 645 0.0128
143 534 0.0154
143 398 0.0037
144 573 0.1316
145 401 0.1432
145 489 0.0305
145 169 0.0655
145 326 0.0372
145 157 0.1099
146 484 0.0229
146 378 0.0668
146 660 0.0024
146 294 0.1636
147 428 0.4589
147 153 0.0105
147 749 0.0135
148 302 0.0128
148 445 0.2465
148 245 0.0072
149 407 0.0134
149 604 0.0186
149 506 0.0004
150 599 0.0001
150 540 0.0607
151 444 0.0235
151 449 0.0154
151 200 0.0206
152 166 0.0068
152 543 0.0044
152 547 0.1051
152 465 0.0192
153 646 0.0158
154 237 0.0
154 301 0.0432
155 650 0.0185
155 276 0.0169
155 547 0.0
155 457 0.0171
156 210 0.032
157 175 0.0252
157 658 0.0139
158 352 0.1289
159 269 0.0435
159 423 0.0111
159 495 0.0152
159 542 0.0009
159 351 0.0026
159 388 0.0622
160 323 0.0086
160 497 0.0173
161 425 0.007
161 220 0.009
161 334 0.0044
162 199 0.0055
162 222 0.0351
162 762 0.0012
162 629 0.0006
163 641 0.0723
164 765 0.0395
164 722 0.042
164 231 0.0195
165 381 0.0001
165 567 0.0049
165 748 0.0784
165 245 0.0066
167 712 0.0147
168 340 0.0034
168 557 0.0075
168 728 0.0084
168 762 0.0203
169 330 0.0
169 691 0.008
169 206 0.0242
169 388 0.0438
169 453 0.0002
171 324 0.0115
172 651 0.0255
172 453 0.0103
172 498 0.0703
172 578 0.0116
172 231 0.0121
172 494 0.0005
172 404 0.0423
173 261 0.0005
173 519 0.091
173 615 0.0278
173 546 0.0001
174 540 0.1429
174 598 0.0008
174 647 0.1188
174 425 0.0739
174 378 0.0038
175 303 0.0099
176 205 0.014
176 497 0.0115
176 484 0.0008
176 655 0.0954
177 536 0.009
177 613 0.0012
177 452 0.0084
177 179 0.2973
178 412 0.0002
178 241 0.0135
179 237 0.0214
179 242 0.107
180 319 0.0
180 318 0.1961
180 544 0.0055
180 274 0.0522
180 269 0.0019
181 327 0.0228
181 478 0.2104
181 228 0.0718
181 643 0.0497
182 722 0.0688
182 462 0.002
182 513 0.0083
182 204 0.0138
182 300 0.3684
183 379 0.0338
183 582 0.136
183 307 0.0951
183 776 0.0001
183 265 0.0065
184 577 0.0834
184 661 0.0
184 466 0.0035
185 772 0.0046
185 669 0.1601
185 255 0.0019
185 326 0.0413
186 661 0.0114
186 276 0.0048
187 285 0.0762
187 433 0.0024
187 300 0.0004
187 455 0.0492
188 422 0.0973
188 367 0.0229
188 501 0.0117
188 395 0.097
188 377 0.059
189 372 0.0253
189 714 0.0554
189 502 0.0635
189 501 0.0055
190 736 0.1053
190 772 0.0617
190 697 0.0493
190 312 0.026
191 335 0.0234
191 663 0.1118
192 548 0.0015
193 580 0.0039
193 670 0.1635
193 576 0.0379
194 247 0.01
194 664 0.1539
195 542 0.1563
195 336 0.0352
195 744 0.0563
195 485 0.0032
195 376 0.0037
196 734 0.0399
196 496 0.0786
196 697 0.1611
196 305 0.2351
196 675 0.0843
197 748 0.0
198 557 0.0008
198 203 0.0048
198 644 0.0746
198 744 0.009
198 363 0.0014
199 763 0.0263
199 458 0.0126
199 579 0.0428
199 269 0.0198
200 476 0.0059
201 764 0.0004
201 289 0.0312
201 465 0.0212
201 784 0.007
201 689 0.0016
202 417 0.0397
202 226 0.0025
202 471 0.0591
203 524 0.0855
203 770 0.0419
204 447 0.0389
204 235 0.0005
204 682 0.093
204 627 0.2154
204 221 0.0394
205 775 0.0659
205 774 0.3317
205 538 0.0883
205 363 0.0911
206 256 0.0109
206 663 0.0564
207 272 0.1012
207 586 0.0001
207 638 0.0031
207 771 0.0045
207 268 0.0205
208 523 0.0145
208 457 0.0199
208 297 0.1878
208 461 0.0119
209 665 0.1337
210 479 0.0075
210 388 0.0652
210 262 0.0705
211 767 0.0788
211 398 0.0165
211 386 0.085
212 282 0.0266
212 715 0.0231
212 573 0.155
212 331 0.0061
213 432 0.0166
213 294 0.1099
214 264 0.0277
214 716 0.0129
214 753 0.0224
215 659 0.0029
215 664 0.0074
215 775 0.1497
216 648 0.0589
216 542 0.0064
216 393 0.0067
216 570 0.0702
217 322 0.0406
218 451 0.1028
218 668 0.0023
218 598 0.0033
219 531 0.1459
219 277 0.03
219 391 0.0841
219 526 0.0077
219 608 0.0125
219 394 0.044
219 334 0.0001
220 686 0.0388
220 235 0.0192
221 505 0.0059
221 555 0.0935
221 440 0.0
221 535 0.0637
222 506 0.0176
222 314 0.0088
222 260 0.0786
222 772 0.0082
223 665 0.3628
223 250 0.1274
223 256 0.0135
223 743 0.9727
223 614 0.0587
224 247 0.0001
224 538 0.1869
225 575 0.1008
225 331 0.0009
225 311 0.1326
226 496 0.0832
226 512 0.0061
226 249 0.0451
227 669 0.0031
227 368 0.0026
227 398 0.039
227 799 0.0005
228 408 0.0151
228 252 0.0
228 347 0.0166
228 335 0.0214
229 448 0.0987
229 436 0.0356
229 451 0.007
230 277 0.0156
230 486 0.0061
230 468 0.0041
230 639 0.0203
230 242 0.0036
231 330 0.1459
232 349 0.0716
232 541 0.0051
233 372 0.0267
234 448 0.0165
234 341 0.0552
234 695 0.0366
235 478 0.0516
235 321 0.0749
236 497 0.001
236 636 0.1421
237 598 0.112
237 707 0.0387
237 480 0.1707
238 520 0.014
238 382 0.0118
239 564 0.0087
239 503 0.0241
239 633 0.0176
239 544 0.0906
239 776 0.0056
239 712 0.0847
240 422 0.0192
240 663 0.126
241 517 0.0287
241 792 0.0253
241 441 0.029
242 327 0.0156
242 390 0.392
242 410 0.231
242 463 0.0183
242 788 0.4678
242 471 0.084
243 606 0.0117
243 732 0.0022
243 607 0.0038
243 640 0.0339
244 275 0.0002
244 678 0.0234
244 732 0.0123
244 329 0.0144
244 412 0.0142
244 487 0.0772
245 280 0.0182
245 587 0.0189
245 679 0.0006
246 704 0.0057
246 351 0.0035
247 394 0.0953
247 399 0.0463
248 532 0.0877
249 611 0.0239
250 664 0.0055
251 494 0.0084
252 510 0.0167
252 459 0.0122
253 712 0.0147
253 688 0.0545
253 758 0.112
253 593 0.0125
254 277 0.1795
254 289 0.0773
255 465 0.0363
255 574 0.1869
255 358 0.0033
255 573 0.0288
255 703 0.0116
255 514 0.002
256 540 0.1352
256 423 0.0012
256 291 0.0026
256 352 0.0266
256 765 0.0252
257 643 0.0826
257 437 0.0448
257 616 0.0035
258 376 0.0262
259 698 0.0894
261 285 0.0985
261 463 0.0417
261 390 0.0153
262 375 0.0058
262 398 0.0128
263 302 0.0541
263 381 0.0099
264 688 0.0049
264 533 0.0051
264 794 0.0092
264 355 0.0722
264 650 0.0221
265 480 0.0062
265 310 0.0
266 740 0.0221
266 754 0.0021
267 536 0.0343
268 572 0.0033
268 319 0.0001
268 378 0.0013
268 666 0.0554
269 353 0.02
269 603 0.1438
270 307 0.0124
271 369 0.0766
271 585 0.0452
271 655 0.0171
271 404 0.0168
271 557 0.0011
273 587 0.0195
273 598 0.067
273 445 0.3213
274 771 0.1257
274 494 0.0141
274 472 0.001
275 484 0.0537
275 632 0.0257
275 353 0.0004
275 502 0.1039
276 548 0.0033
277 441 0.0011
277 475 0.0257
277 392 0.0045
277 516 0.0544
278 557 0.0205
279 627 0.0124
279 400 0.0669
280 484 0.0705
280 406 0.0547
281 476 0.1382
281 784 0.0328
282 700 0.0232
283 442 0.0278
284 771 0.0022
284 490 0.0371
284 776 0.2265
284 356 0.033
284 414 0.0161
285 564 0.1174
285 723 0.0265
286 726 0.117
288 708 0.0107
288 703 0.1063
289 463 0.0447
290 673 0.0006
291 713 0.039
291 717 0.0408
291 352 0.0061
292 295 0.0135
292 584 0.0564
293 304 0.0454
293 565 0.0322
293 446 0.0149
294 363 0.0082
295 556 0.0003
295 554 0.0297
295 756 0.0297
295 592 0.0018
296 559 0.0363
296 376 0.0238
297 426 0.0003
297 745 0.087
298 625 0.0408
298 530 0.0008
298 344 0.0008
300 437 0.001
300 378 0.0061
300 562 0.0427
301 735 0.0845
302 687 0.0014
302 461 0.0
302 608 0.0322
302 714 0.0585
303 312 0.0309
304 765 0.0131
305 467 0.0122
305 675 0.0
305 350 0.0
305 489 0.001
305 659 0.1746
306 592 0.0594
306 723 0.1257
306 745 0.073
306 420 0.0043
306 559 0.0054
307 515 0.039
307 568 0.0899
307 500 0.0747
307 797 0.0028
307 690 0.0001
308 641 0.01
308 447 0.0737
308 690 0.0
308 500 0.003
308 420 0.0064
309 452 0.0519
310 561 0.0048
310 607 0.0347
310 792 0.0167
310 644 0.0392
310 747 0.0027
310 738 0.0216
311 600 0.0005
311 784 0.0049
312 391 0.0199
312 452 0.0624
312 330 0.2355
312 429 0.1194
313 398 0.0231
315 534 0.0648
316 640 0.0235
317 512 0.0074
317 597 0.0916
318 354 0.0356
318 357 0.0892
318 508 0.0005
318 598 0.1308
319 441 0.1533
319 443 0.0076
319 634 0.0993
320 776 0.1218
320 720 0.0024
321 347 0.1519
321 547 0.0065
322 588 0.0211
322 430 0.012
322 527 0.0247
322 591 0.0002
322 787 0.0044
322 400 0.0002
323 565 0.0002
323 527 0.0599
323 404 0.1723
323 641 0.0367
323 714 0.0072
323 367 0.0222
324 353 0.0391
324 565 0.1211
324 797 0.0245
325 417 0.0792
325 625 0.3554
325 605 0.0056
325 548 0.0278
326 751 0.0946
326 618 0.0002
326 651 0.0004
327 742 0.0361
327 352 0.0006
328 445 0.0004
328 763 0.036
328 593 0.066
329 615 0.0103
329 597 0.043
329 714 0.0013
329 616 0.0161
330 484 0.0043
330 336 0.1313
330 467 0.0001
330 417 0.0002
331 420 0.0372
331 621 0.0542
332 563 0.0256
332 491 0.0014
332 450 0.0281
333 383 0.0081
333 451 0.03
334 715 0.2143
334 780 0.0754
334 642 0.0101
335 743 0.0462
337 490 0.0589
338 600 0.0013
339 342 0.0053
339 660 0.0169
339 521 0.0021
339 659 0.1193
340 477 0.0046
340 362 0.0262
340 573 0.0289
340 481 0.0075
341 691 0.0195
341 662 0.0343
341 571 0.0627
341 448 0.1572
342 549 0.0811
342 489 0.0431
342 569 0.1275
344 698 0.0025
344 759 0.017
344 691 0.0992
344 557 0.322
344 530 0.2104
345 644 0.0082
345 768 0.0628
345 737 0.0037
346 772 0.1052
346 582 0.0386
347 698 0.0033
347 429 0.0132
348 657 0.0912
348 488 0.0167
348 749 0.0003
348 386 0.1629
349 354 0.276
349 707 0.0097
349 749 0.0163
351 757 0.0175
351 751 0.0008
351 476 0.0001
351 604 0.1142
352 711 0.034
352 740 0.0077
352 691 0.0007
352 529 0.0112
353 603 0.0034
353 757 0.0173
353 732 0.0001
353 784 0.0023
354 649 0.0083
354 412 0.0343
354 415 0.1683
355 649 0.0103
356 462 0.0049
356 423 0.0199
357 455 0.064
358 569 0.0121
358 705 0.1056
359 546 0.1449
359 395 0.0115
359 490 0.0538
359 782 0.0096
360 792 0.0684
360 618 0.0007
360 560 0.0832
361 695 0.0041
361 623 0.003
362 559 0.2369
363 371 0.0142
363 530 0.0673
363 651 0.1242
365 463 0.0343
365 612 0.0078
365 370 0.013
366 763 0.1285
367 401 0.115
367 382 0.0419
367 719 0.0527
369 583 0.0205
370 542 0.0132
370 573 0.0706
370 713 0.0521
371 424 0.015
371 553 0.1065
372 738 0.0039
372 742 0.0766
372 549 0.1077
373 752 0.071
373 634 0.058
373 623 0.0103
373 750 0.0005
373 451 0.0022
373 594 0.0406
374 590 0.0005
374 749 0.0078
375 398 0.0145
375 538 0.0002
377 775 0.0539
378 618 0.0475
378 609 0.0914
378 580 0.0054
378 710 0.037
379 458 0.1979
379 530 0.0122
379 408 0.0287
380 517 0.0419
380 488 0.0107
381 449 0.0961
381 451 0.006
382 471 0.1133
382 652 0.0281
383 717 0.0639
383 701 0.0307
383 504 0.0237
384 675 0.0113
384 512 0.06
384 649 0.0214
384 484 0.0736
385 386 0.0084
385 630 0.0004
385 542 0.0969
385 593 0.1924
386 735 0.0025
387 521 0.0178
387 489 0.0792
387 662 0.0131
388 446 0.0571
389 740 0.0048
389 554 0.2825
390 678 0.0804
391 490 0.0589
391 528 0.0986
391 424 0.0018
392 417 0.0069
392 406 0.129
392 766 0.0086
393 467 0.0486
393 697 0.0839
393 731 0.2187
394 730 0.0002
394 688 0.08
395 587 0.0429
395 659 0.0065
395 566 0.0849
395 616 0.0005
396 731 0.0003
396 713 0.005
396 570 0.0238
397 599 0.0146
398 662 0.1227
398 728 0.1207
399 535 0.0096
399 560 0.0117
399 443 0.2177
400 501 0.008
400 761 0.0023
400 509 0.0054
400 531 0.0009
400 543 0.0116
400 444 0.0845
401 568 0.0412
403 771 0.017
403 646 0.0004
403 543 0.0567
403 554 0.0069
403 769 0.0682
404 437 0.0475
404 485 0.159
405 551 0.003
405 795 0.0
405 453 0.0029
405 705 0.0575
406 654 0.0107
406 613 0.0022
406 513 0.1391
407 690 0.0931
407 746 0.0107
407 711 0.2327
408 791 0.1925
409 584 0.0043
410 658 0.0004
410 489 0.1039
410 599 0.0
411 448 0.1372
411 610 0.0342
411 625 0.1813
412 458 0.0716
413 458 0.0174
413 515 0.0167
413 582 0.0469
414 522 0.0529
414 718 0.0001
414 769 0.0007
415 665 0.0113
416 480 0.0958
417 599 0.0846
417 475 0.0225
418 566 0.0021
419 638 0.0003
419 629 0.0025
420 685 0.0004
422 521 0.0331
423 549 0.0002
423 722 0.0552
423 657 0.0424
424 527 0.0035
424 788 0.0013
425 787 0.1421
425 593 0.0033
425 707 0.0162
426 686 0.0311
428 710 0.0007
428 548 0.0157
428 510 0.0116
428 596 0.0476
428 557 0.0
429 581 0.0554
429 527 0.007
429 532 0.0016
430 611 0.0877
430 488 0.1019
431 519 0.0085
431 441 0.0418
431 443 0.0044
432 646 0.003
432 490 0.0269
432 509 0.0279
433 663 0.0406
433 694 0.1717
433 777 0.0064
434 612 0.0033
435 563 0.0457
435 794 0.093
436 652 0.0022
437 440 0.0652
438 762 0.0183
438 496 0.0004
438 686 0.1185
439 686 0.0035
440 590 0.0119
441 637 0.0091
441 749 0.1007
441 655 0.0001
442 681 0.0176
442 503 0.0364
442 651 0.0118
443 571 0.0011
444 522 0.0006
444 693 0.0064
445 694 0.0021
445 698 0.0112
445 600 0.0129
445 792 0.0059
446 797 0.1973
448 786 0.0491
448 789 0.0168
450 732 0.0016
452 533 0.0887
452 771 0.0701
452 498 0.0714
453 600 0.1489
453 582 0.0044
453 625 0.052
453 526 0.0182
454 661 0.0842
454 608 0.0295
454 465 0.0029
455 798 0.0723
455 755 0.0901
455 548 0.1596
455 721 0.3292
456 796 0.0
461 582 0.0258
462 548 0.1247
465 671 0.2373
465 691 0.009
466 677 0.0055
466 725 0.0
466 608 0.1168
466 515 0.0165
467 763 0.08
468 493 0.0038
468 475 0.0017
468 501 0.0096
469 599 0.0874
469 656 0.1082
470 640 0.2848
470 715 0.0274
471 532 0.0222
471 640 0.007
471 546 0.0142
471 478 0.0736
474 728 0.0037
474 485 0.0079
476 788 0.0972
477 750 0.07
478 706 0.0052
479 759 0.077
481 553 0.0002
481 646 0.0004
483 503 0.0741
484 716 0.0123
484 765 0.0481
485 640 0.3587
485 777 0.0
487 562 0.0292
487 531 0.0036
488 637 0.0263
488 553 0.0352
490 761 0.0045
491 714 0.0056
491 520 0.0443
492 763 0.0184
492 738 0.0173
492 719 0.0143
492 755 0.0632
493 689 0.0582
493 718 0.0
494 792 0.1144
494 633 0.012
495 654 0.1258
495 766 0.002
495 683 0.017
495 792 0.2917
496 512 0.1833
496 761 0.0621
496 659 0.0127
497 779 0.0813
498 527 0.0386
499 643 0.0272
499 781 0.0956
499 688 0.0471
500 664 0.0374
501 755 0.028
501 514 0.1877
501 687 0.0923
503 762 0.2436
505 520 0.0981
506 702 0.0076
507 577 0.0331
507 632 0.1208
508 642 0.0036
509 648 0.0278
510 551 0.0374
511 692 0.0003
512 543 0.0022
512 675 0.0748
514 515 0.021
514 773 0.0058
515 531 0.0646
516 579 0.0007
517 799 0.0205
517 681 0.057
517 746 0.0736
518 577 0.0012
519 635 0.0088
520 739 0.0052
521 536 0.0076
521 727 0.0344
522 582 0.0281
522 740 0.0007
523 541 0.0097
523 798 0.0357
523 524 0.0051
527 787 0.1179
529 702 0.0654
529 715 0.0081
529 687 0.0088
531 765 0.225
531 534 0.058
532 539 0.1591
532 715 0.0026
533 681 0.1549
534 600 0.0007
535 547 0.1876
537 713 0.05
538 549 0.0008
538 555 0.0003
538 714 0.4535
538 755 0.0676
538 761 0.0143
538 746 0.0307
540 677 0.0104
541 703 0.1447
541 635 0.0012
541 600 0.0924
542 676 0.002
543 766 0.0553
544 577 0.0368
544 595 0.0403
549 718 0.0477
550 798 0.1943
550 551 0.0959
550 649 0.0025
551 750 0.0116
552 612 0.0117
552 644 0.0767
552 604 0.0239
553 594 0.0001
554 585 0.0
554 790 0.0666
556 567 0.1758
556 621 0.0027
558 682 0.0587
558 769 0.0009
559 617 0.1608
559 638 0.0013
560 770 0.0033
561 667 0.0093
565 702 0.0091
565 779 0.0004
566 679 0.0109
570 577 0.004
571 640 0.0032
572 734 0.0083
572 752 0.0557
573 732 0.0524
574 590 0.0014
574 660 0.1344
577 785 0.2204
577 797 0.1638
577 779 0.0004
578 590 0.067
578 598 0.0232
579 688 0.0578
579 760 0.0303
582 700 0.1529
582 774 0.0004
586 777 0.0583
586 606 0.0489
587 703 0.0087
588 612 0.0011
588 677 0.0017
589 757 0.0037
590 745 0.2718
590 640 0.0
593 690 0.0332
593 672 0.0007
594 668 0.0002
594 751 0.0499
595 638 0.0004
598 609 0.018
598 739 0.0092
598 694 0.0538
599 760 0.0252
600 643 0.0112
600 692 0.0045
603 647 0.0184
604 711 0.0118
605 776 0.0
606 615 0.0073
606 622 0.177
609 736 0.0044
609 697 0.0068
613 718 0.0925
615 657 0.0081
615 789 0.0063
615 780 0.0801
615 751 0.0218
617 676 0.0
617 772 0.035
618 665 0.2202
618 684 0.0074
618 784 0.0713
619 629 0.0017
619 758 0.0318
620 687 0.0185
620 727 0.0006
621 769 0.4132
625 796 0.0044
626 752 0.0462
630 716 0.0283
630 696 0.0132
632 791 0.1768
634 761 0.0758
634 746 0.0003
635 726 0.0595
636 721 0.0221
641 777 0.0724
641 707 0.062
641 695 0.0092
642 648 0.1164
642 764 0.1207
649 737 0.0517
654 776 0.0083
658 770 0.0755
659 744 0.1449
660 746 0.0107
661 747 0.0219
662 715 0.102
664 769 0.0001
665 714 0.0561
665 737 0.0253
666 766 0.0112
667 701 0.0206
667 737 0.0408
669 686 0.045
670 797 0.0162
671 730 0.0915
677 774 0.0349
678 771 0.0363
678 749 0.0045
678 692 0.1422
678 715 0.0188
682 728 0.0328
683 738 0.2092
684 716 0.0581
687 795 0.0005
693 708 0.0079
694 790 0.0047
694 745 0.0845
696 797 0.0165
698 715 0.0002
700 769 0.0302
700 730 0.0012
707 775 0.0164
707 763 0.0003
715 775 0.0027
719 778 0.1808
724 797 0.0019
727 769 0.0206
734 795 0.0019
737 770 0.0248
751 757 0.0
759 795 0.0006
761 776 0.1211
765 767 0.091
766 787 0.0852
768 795 0.0003
773 787 0.0002
778 782 0.0714
