800 1600 num_nodes_f_dist 800
0 73 0.0087
0 354 0.0446
0 276 0.0064
1 641 0.0001
1 264 0.004
1 125 0.0977
2 710 0.021
2 46 0.0062
2 670 0.077
2 441 0.0072
2 58 0.1397
2 116 0.26
3 223 0.0
3 298 0.5828
3 394 0.0001
3 442 0.0386
4 554 0.1849
4 416 0.0538
4 547 0.031
4 271 0.0124
5 663 0.0512
5 457 0.684
5 160 0.5998
5 47 0.1774
5 200 0.0576
6 104 0.0547
7 298 0.0275
7 584 0.0885
7 285 0.0884
7 418 0.0059
8 488 0.0841
8 466 0.0018
8 469 0.0901
8 197 0.0215
8 31 0.0327
9 372 0.2312
9 162 0.0366
9 481 0.0868
10 535 0.1819
10 35 0.0038
10 95 0.0215
10 665 0.0675
10 544 0.183
11 551 0.0217
12 506 0.0001
12 384 0.0878
13 624 0.0177
13 602 0.2051
13 536 0.011
13 453 0.0622
14 513 0.0835
14 338 0.0044
14 46 0.1775
15 237 0.0477
15 628 0.033
15 566 0.5431
17 152 0.153
18 334 0.0915
18 268 0.0464
18 750 0.0003
18 219 0.0771
18 470 0.015
18 504 0.041
18 456 0.0987
19 692 0.0034
20 68 0.1322
20 618 0.0029
20 613 0.0025
20 302 0.0318
20 596 0.0085
20 222 0.1145
21 217 0.0019
21 279 0.1216
21 576 0.5597
22 175 0.0055
22 653 0.0097
23 307 0.0202
23 391 0.012
24 563 0.0211
25 731 0.2043
25 797 0.0271
26 219 0.0071
26 43 0.0554
26 594 0.0486
26 681 0.0002
26 44 0.0237
26 111 0.0821
27 80 0.4753
27 774 0.0015
27 120 0.0296
27 769 0.1522
27 397 0.0912
27 731 0.0015
27 443 0.0015
27 389 0.0003
27 747 0.0342
27 722 0.0118
28 638 0.0033
28 285 0.0339
28 576 0.1056
28 790 0.0551
29 111 0.0884
30 412 0.078
30 458 0.0516
30 317 0.0808
30 139 0.0039
31 82 0.0166
31 746 0.0348
32 37 0.0126
32 324 0.0292
32 550 0.0013
32 760 0.0038
32 750 0.0103
32 730 0.0194
32 149 0.3325
33 290 0.2048
33 533 0.0
33 183 0.0044
34 177 0.0161
34 764 0.0373
34 513 0.0359
35 712 0.0009
35 269 0.0568
35 147 0.037
36 125 0.0004
36 532 0.2847
36 64 0.0092
37 224 0.013
37 415 0.035
37 754 0.1547
37 501 0.0
37 409 0.0001
37 658 0.0604
38 755 0.0674
38 776 0.0006
38 703 0.0012
38 537 0.0151
38 643 0.2927
38 270 0.0027
38 713 0.09
39 619 0.0008
39 205 0.0009
39 700 0.5651
39 781 0.0221
40 352 0.0072
40 711 0.0713
40 433 0.0178
41 559 0.0
41 762 0.1097
41 525 0.001
41 586 0.0245
41 544 0.0074
42 371 0.0009
42 509 0.008
42 654 0.0087
43 636 0.0464
43 83 0.0201
44 83 0.1449
44 730 0.0025
44 786 0.001
44 98 0.0832
44 579 0.2546
45 465 0.0095
45 195 0.055
45 754 0.0
45 590 0.3865
45 200 0.0002
45 183 0.0348
47 473 0.0128
47 606 0.0001
48 135 0.0159
48 726 0.0723
49 174 0.0
49 155 0.0026
49 718 0.0674
50 54 0.1219
50 524 0.0001
50 104 0.0389
51 254 0.0172
51 127 0.1929
51 324 0.0035
51 760 0.0724
52 332 0.2435
52 551 0.0004
52 722 0.0043
52 506 0.1341
53 156 0.1694
53 238 0.012
54 563 0.0028
54 692 0.365
54 288 0.0061
54 631 0.0455
54 610 0.0106
55 80 0.0864
55 647 0.0007
55 761 0.2007
56 63 0.3107
56 189 0.1778
56 797 0.0
56 327 0.0081
56 518 0.1183
56 108 0.0003
57 684 0.0033
57 798 0.0677
57 637 0.0457
57 67 0.0806
57 400 0.0001
58 689 0.1058
58 302 0.0016
58 98 0.0044
58 789 0.0783
58 378 0.1861
59 535 0.0165
59 761 0.0795
59 301 0.0308
59 123 0.1194
60 227 0.0144
60 116 0.1283
60 562 0.0558
61 171 0.1798
61 584 0.0405
61 608 0.0514
62 277 0.1379
62 185 0.0009
62 333 0.0327
62 522 0.0068
62 656 0.2358
62 276 0.0009
63 103 0.2644
63 433 0.134
63 143 0.0222
63 706 0.177
63 66 0.1509
63 785 0.0476
63 568 0.0238
64 548 0.0337
64 156 0.111
64 161 0.1616
64 155 0.0142
64 311 0.0349
64 166 0.0569
65 772 0.0699
65 74 0.0114
65 264 0.0337
66 94 0.0007
66 197 0.005
66 182 0.0397
66 782 0.005
67 796 0.0407
67 722 0.2378
67 474 0.0008
68 200 0.0091
68 454 0.0
68 495 0.0481
68 273 0.0016
68 746 0.0
68 615 0.036
68 654 0.3466
69 469 0.0576
69 384 0.002
69 345 0.0195
69 612 0.0013
70 306 0.309
70 393 0.0112
71 776 0.0219
71 543 0.0018
72 616 0.0361
72 451 0.1264
72 217 0.0078
72 576 0.0934
73 692 0.0009
73 205 0.0001
73 575 0.0141
73 313 0.0063
73 181 0.0464
74 649 0.023
75 642 0.0052
75 322 0.0406
76 286 0.0003
76 87 0.032
76 779 0.0739
76 761 0.0032
77 538 0.0546
77 764 0.0027
77 612 0.1568
77 528 0.3714
77 798 0.0004
77 621 0.0082
78 95 0.0051
78 587 0.0103
78 521 0.0535
78 740 0.3114
78 394 0.1085
78 351 0.0946
78 528 0.0476
78 717 0.0009
79 696 0.1071
79 97 0.0116
79 774 0.0005
79 441 0.0529
80 609 0.0001
80 281 0.1364
80 401 0.0016
80 297 0.0194
80 736 0.113
81 786 0.0209
81 434 0.0727
81 150 0.0893
82 354 0.3376
82 764 0.0003
82 576 0.0001
82 633 0.0273
83 124 0.025
83 736 0.0821
83 181 0.0093
84 292 0.0503
84 443 0.0002
84 433 0.0226
85 241 0.0213
85 741 0.001
86 150 0.0009
86 693 0.0377
86 786 0.0126
86 351 0.046
87 160 0.0665
87 468 0.0422
88 620 0.0575
88 523 0.0359
88 320 0.232
88 161 0.0756
88 372 0.0379
88 728 0.0352
89 164 0.0057
90 367 0.0217
90 137 0.002
91 286 0.0041
91 351 0.2111
91 317 0.5769
92 158 0.1342
92 385 0.1492
92 657 0.1358
93 773 0.0028
93 401 0.0076
94 717 0.0658
94 292 0.0678
94 322 0.0353
95 440 0.0001
95 170 0.0145
95 721 0.1031
96 690 0.0572
96 273 0.0103
96 518 0.1043
96 135 0.0194
97 116 0.0014
98 317 0.0363
98 372 0.2187
98 266 0.0466
98 403 0.001
98 766 0.0011
99 585 0.0371
99 210 0.1928
99 322 0.0733
99 746 0.0147
100 162 0.1279
100 416 0.0536
101 616 0.0115
101 105 0.0475
101 583 0.0185
101 771 0.0151
102 129 0.165
102 754 0.0319
102 706 0.0168
102 346 0.0504
102 463 0.0019
102 783 0.0873
103 576 0.0115
103 661 0.0175
103 330 0.0992
103 175 0.0189
103 128 0.1297
104 191 0.3609
105 738 0.0001
105 745 0.0564
105 577 0.0196
106 323 0.0365
106 505 0.043
106 138 0.0093
106 115 0.3371
107 377 0.0826
107 119 0.1319
107 179 0.0471
108 268 0.3065
109 486 0.5368
109 718 0.0021
110 174 0.0321
110 242 0.0257
110 636 0.0084
110 734 0.1024
111 570 0.0012
113 558 0.0256
113 451 0.0012
113 759 0.013
114 229 0.0141
114 157 0.0347
115 608 0.0
116 782 0.0303
116 176 0.0246
116 447 0.1934
117 635 0.1341
117 216 0.1389
117 598 0.0019
118 263 0.2823
118 623 0.0497
118 172 0.0634
119 583 0.0036
119 778 0.0036
119 315 0.0034
119 192 0.0004
119 687 0.1207
119 410 0.0156
120 184 0.0044
120 598 0.0107
120 330 0.104
120 380 0.0271
121 571 0.1908
121 593 0.0028
121 631 0.033
121 152 0.0131
121 266 0.0305
122 482 0.014
122 161 0.0578
122 204 0.0027
123 319 0.0
123 309 0.032
124 642 0.0089
124 520 0.0085
125 243 0.0213
126 291 0.3684
126 682 0.0131
126 746 0.1472
127 571 0.0011
128 190 0.0026
128 773 0.0211
128 298 0.1057
128 690 0.0097
129 383 0.0458
130 785 0.0667
130 467 0.2682
130 330 0.0377
130 597 0.1162
130 776 0.0803
130 570 0.0002
131 755 0.1744
131 796 0.1023
131 216 0.1365
131 660 0.0702
132 556 0.0394
132 559 0.04
132 335 0.0951
132 213 0.0081
132 379 0.0266
132 501 0.0009
132 580 0.0203
132 455 0.0594
133 726 0.0469
133 290 0.0044
134 591 0.0054
134 689 0.0057
135 656 0.0011
135 698 0.0411
135 312 0.0056
135 558 0.022
136 348 0.0393
136 283 0.2434
136 713 0.5477
136 310 0.1199
137 187 0.0215
138 307 0.066
138 275 0.0108
138 792 0.0198
139 299 0.0149
139 714 0.0664
139 614 0.0042
139 417 0.0014
140 733 0.0034
141 713 0.002
141 204 0.2559
141 599 0.0201
141 482 0.0456
141 631 0.0063
141 538 0.0415
141 379 0.0789
141 740 0.0014
141 517 0.0022
141 241 0.1202
142 792 0.1104
142 384 0.0383
142 446 0.1974
142 261 0.0003
142 317 0.0
143 611 0.3708
143 767 0.0033
143 605 0.2834
144 257 0.0025
144 201 0.3359
144 628 0.0178
144 461 0.1897
145 267 0.0158
145 355 0.015
145 486 0.0574
146 162 0.0007
146 443 0.0092
146 357 0.0352
146 594 0.2779
146 430 0.1565
146 313 0.0022
147 620 0.0215
148 689 0.0716
148 218 0.7219
148 413 0.0602
151 311 0.008
151 278 0.0056
151 510 0.2071
151 724 0.0397
152 723 0.1105
152 244 0.0175
152 748 0.026
152 619 0.0524
152 484 0.1418
153 621 0.0009
154 676 0.0534
154 798 0.0013
155 557 0.0255
155 611 0.0351
156 329 0.0788
156 311 0.018
156 185 0.0148
156 777 0.1095
156 271 0.0204
156 177 0.0846
156 312 0.0151
157 421 0.0369
157 643 0.0065
158 348 0.0145
158 343 0.2489
158 335 0.0093
159 523 0.039
159 514 0.0044
159 429 0.2749
159 358 0.0991
159 490 0.1328
160 216 0.0091
160 436 0.0046
160 680 0.0808
160 374 0.1189
160 227 0.0029
161 769 0.0025
162 613 0.024
162 556 0.0069
162 566 0.3475
163 541 0.362
164 700 0.0532
164 323 0.0378
165 238 0.5738
165 206 0.009
165 493 0.0566
165 311 0.0588
165 192 0.2416
165 737 0.0678
166 180 0.001
166 175 0.0276
166 613 0.0294
166 682 0.0016
167 407 0.0023
167 172 0.139
167 402 0.0242
167 401 0.0299
167 438 0.1629
167 178 0.0723
167 689 0.0069
167 202 0.0344
167 388 0.0015
167 726 0.0047
168 317 0.0176
168 782 0.0005
168 766 0.1682
169 344 0.1574
169 635 0.0075
169 679 0.0026
169 325 0.0004
169 521 0.0304
170 511 0.0379
170 177 0.2003
170 173 0.0001
170 506 0.0688
171 380 0.0165
171 195 0.0
171 593 0.3667
172 754 0.0398
172 727 0.0114
172 645 0.2438
172 341 0.0925
172 280 0.2986
173 373 0.0035
173 645 0.5296
173 785 0.0105
173 773 0.0032
174 396 0.17
174 380 0.0006
174 463 0.2114
174 516 0.0005
174 449 0.0009
175 624 0.0136
176 798 0.1978
176 667 0.2995
176 718 0.0055
176 543 0.0006
176 200 0.3792
176 472 0.1289
177 335 0.0095
178 334 0.1642
178 292 0.1896
178 438 0.0438
179 329 0.0053
179 243 0.2455
179 605 0.0
180 556 0.0041
180 451 0.1326
180 548 0.0053
180 692 0.341
180 435 0.0009
181 339 0.0073
181 292 0.0005
181 625 0.045
181 775 0.0209
181 521 0.0049
181 669 0.2829
182 254 0.1628
182 228 0.0004
182 612 0.1682
182 676 0.0295
182 339 0.0003
183 337 0.0025
183 677 0.1795
184 785 0.1369
184 784 0.1468
185 785 0.0003
185 246 0.0619
185 550 0.0048
185 765 0.1124
185 649 0.0027
186 598 0.0597
186 721 0.0284
186 247 0.0005
187 435 0.1041
188 364 0.1326
188 257 0.0206
188 793 0.0803
188 666 0.0711
188 222 0.0078
188 576 0.0067
188 435 0.0857
189 463 0.005
189 547 0.0072
189 778 0.0075
190 323 0.3654
190 507 0.0012
190 798 0.0199
190 217 0.068
191 662 0.2114
191 664 0.072
192 510 0.0175
192 601 0.0045
192 436 0.2113
193 627 0.012
193 215 0.0706
193 497 0.0889
193 213 0.0549
193 536 0.0852
193 312 0.0002
194 766 0.0601
194 449 0.0431
195 356 0.0005
195 303 0.0026
195 225 0.0135
195 565 0.2265
195 791 0.3352
196 454 0.0108
196 715 0.0672
196 296 0.1054
196 441 0.0193
197 279 0.0269
197 566 0.2947
198 278 0.0229
198 267 0.3959
198 652 0.0
198 525 0.0433
198 442 0.0317
199 520 0.522
199 639 0.0129
199 278 0.3397
200 643 0.0724
200 609 0.0373
201 506 0.2667
201 270 0.1313
201 596 0.1462
202 380 0.0468
203 331 0.0317
203 693 0.2785
203 784 0.0059
204 522 0.0104
204 568 0.5836
205 667 0.0089
205 784 0.1871
205 486 0.0259
206 489 0.0069
206 732 0.1422
206 490 0.0
206 282 0.013
207 422 0.015
207 248 0.0002
208 583 0.3889
208 458 0.1769
209 641 0.7444
209 564 0.022
210 390 0.0007
211 692 0.0446
211 729 0.068
211 603 0.0058
212 449 0.3538
212 434 0.0153
212 721 0.0008
212 446 0.0296
213 790 0.0157
214 658 0.0227
214 722 0.2041
214 352 0.0
214 237 0.0291
215 586 0.3025
215 634 0.162
215 537 0.1737
215 244 0.001
216 259 0.0928
216 518 0.1455
216 701 0.0007
217 647 0.1014
217 530 0.0019
217 608 0.0182
217 568 0.0453
217 440 0.0112
218 749 0.0167
218 305 0.0609
219 586 0.0349
219 450 0.0
219 680 0.0439
220 438 0.0003
220 540 0.0022
220 305 0.0784
220 773 0.0199
221 684 0.0968
221 428 0.3104
221 577 0.0436
221 302 0.3906
222 266 0.2878
222 288 0.2855
223 406 0.1337
224 366 0.0045
224 266 0.0965
224 574 0.0728
224 430 0.1744
224 225 0.0551
225 327 0.0343
225 238 0.0229
225 431 0.1511
225 501 0.0695
225 277 0.1366
226 720 0.3516
226 748 0.0009
227 390 0.0346
227 763 0.1543
227 655 0.1057
227 571 0.0002
227 410 0.1449
227 777 0.0028
227 708 0.0171
228 777 0.0607
228 751 0.0636
228 670 0.0024
229 389 0.0051
230 484 0.0966
230 664 0.1462
231 638 0.0077
231 737 0.0019
232 376 0.0018
232 322 0.0419
232 585 0.1601
234 725 0.0864
234 365 0.0064
234 624 0.3001
235 763 0.0714
235 779 0.0049
235 543 0.0033
236 566 0.0104
236 447 0.0259
236 490 0.2023
236 280 0.0
236 590 0.0636
237 427 0.0001
237 543 0.0015
238 336 0.0094
238 789 0.0
238 291 0.0123
238 573 0.0114
239 776 0.0097
239 445 0.0232
239 631 0.014
240 487 0.0756
241 310 0.1761
241 446 0.0277
242 587 0.0083
242 251 0.0019
243 501 0.0126
243 303 0.3303
243 628 0.1233
243 649 0.0021
243 523 0.5025
246 629 0.0952
246 613 0.0699
247 449 0.0002
247 395 0.2331
248 538 0.0637
248 653 0.0275
248 641 0.0593
249 722 0.0026
249 328 0.1249
250 531 0.2195
250 502 0.003
250 741 0.0875
250 731 0.0471
251 533 0.0
251 536 0.0002
251 381 0.1551
252 655 0.0049
253 484 0.0538
253 639 0.0223
253 442 0.1061
254 662 0.0659
254 356 0.0951
255 329 0.0057
255 728 0.0307
255 368 0.0222
255 335 0.0663
256 390 0.1024
256 276 0.0002
256 527 0.094
257 270 0.085
257 416 0.0322
257 597 0.025
258 277 0.0415
259 260 0.023
259 349 0.2559
259 673 0.1881
260 606 0.0663
260 330 0.0277
261 592 0.0095
261 596 0.1051
261 766 0.0108
261 267 0.0001
262 527 0.0
262 286 0.0578
262 620 0.0483
262 583 0.0657
262 281 0.0594
262 298 0.0175
263 622 0.0449
263 341 0.0061
263 270 0.0183
263 759 0.0101
264 346 0.0098
264 495 0.0303
264 353 0.0979
264 431 0.2239
264 542 0.0297
264 605 0.1003
265 312 0.0091
265 332 0.0305
266 656 0.085
266 279 0.0141
266 662 0.0279
266 549 0.1935
266 491 0.003
266 602 0.0674
267 544 0.2981
267 717 0.0267
268 721 0.1168
268 430 0.0067
268 713 0.2093
269 623 0.9621
269 639 0.0386
269 589 0.0521
269 604 0.0145
270 722 0.0002
271 357 0.0064
271 437 0.0065
271 309 0.0725
273 407 0.0061
274 346 0.0509
275 683 0.0995
275 377 0.2497
275 383 0.1759
275 376 0.0121
275 643 0.0568
276 408 0.0116
276 416 0.0137
276 347 0.0039
278 558 0.0822
278 540 0.0942
278 341 0.143
278 596 0.0008
278 787 0.0365
279 479 0.1642
279 545 0.1202
280 637 0.0605
280 569 0.0089
280 707 0.0038
281 304 0.1904
282 451 0.1347
282 339 0.01
283 368 0.1845
283 419 0.1498
283 360 0.096
284 783 0.2621
284 297 0.0029
285 358 0.0197
286 729 0.0299
287 641 0.0293
287 486 0.2321
287 767 0.0688
287 423 0.3363
288 467 0.0014
288 721 0.0021
288 459 0.0839
289 707 0.0301
289 542 0.0045
289 399 0.0001
290 320 0.0441
292 619 0.005
292 620 0.0022
293 721 0.0554
293 465 0.0002
294 691 0.0
294 426 0.015
295 613 0.0456
295 330 0.0079
295 658 0.1025
295 459 0.1698
295 748 0.1506
295 419 0.1883
296 783 0.0054
296 642 0.1631
296 370 0.0001
297 470 0.0155
297 371 0.011
297 519 0.2935
297 609 0.0112
297 703 0.0867
297 360 0.1971
298 338 0.0614
299 541 0.0271
299 632 0.0723
300 632 0.033
300 421 0.1476
300 523 0.1196
300 449 0.0254
301 303 0.0024
302 338 0.2203
302 681 0.0599
302 767 0.0
303 672 0.0627
303 323 0.0242
303 542 0.0047
304 355 0.0767
305 353 0.0113
305 573 0.0011
305 444 0.0466
305 445 0.0003
306 475 0.1456
306 522 0.0004
307 560 0.0122
307 323 0.0138
307 618 0.0003
308 396 0.01
309 652 0.013
309 625 0.0197
310 704 0.0001
310 698 0.0044
310 541 0.1702
310 747 0.0
311 792 0.0143
312 581 0.0733
312 662 0.0394
313 736 0.0023
313 371 0.0004
314 488 0.0181
314 791 0.0031
316 405 0.008
316 670 0.2385
316 542 0.0268
317 376 0.0
317 639 0.1631
318 397 0.0291
319 783 0.0081
319 618 0.1275
319 499 0.0372
320 624 0.0007
320 767 0.0832
320 333 0.0909
321 757 0.0005
322 578 0.0315
322 430 0.1022
322 335 0.2588
322 512 0.0018
323 656 0.0003
323 413 0.1251
323 532 0.1024
323 720 0.0001
324 618 0.1608
325 416 0.0398
325 407 0.0895
326 418 0.1685
326 792 0.0067
327 598 0.317
327 451 0.2602
328 602 0.0129
328 768 0.0472
328 553 0.2566
329 554 0.01
329 499 0.0446
329 553 0.2187
329 516 0.4935
329 368 0.0706
330 539 0.047
330 502 0.0038
330 580 0.6031
331 370 0.009
331 728 0.0618
332 607 0.0001
332 525 0.0002
332 593 0.1146
333 347 0.0535
333 746 0.0126
334 506 0.0001
334 550 0.0387
334 494 0.3281
335 373 0.279
336 410 0.0061
336 646 0.0012
336 375 0.1541
338 575 0.0884
339 586 0.0158
339 388 0.0004
340 614 0.0204
340 462 0.0345
340 717 0.0031
341 368 0.0662
341 696 0.0036
342 536 0.1064
342 637 0.033
342 610 0.0988
343 611 0.0358
343 547 0.0303
344 388 0.0274
344 616 0.2108
344 789 0.0021
345 687 0.0308
345 727 0.0796
345 692 0.05
346 683 0.0056
346 675 0.1596
347 640 0.0713
347 680 0.0323
347 699 0.0348
348 660 0.0196
348 384 0.1421
349 512 0.0028
350 396 0.0072
350 730 0.0079
350 639 0.0008
351 717 0.0985
351 382 0.0074
351 725 0.042
351 614 0.0144
351 401 0.2731
352 693 0.0987
352 547 0.2322
353 747 0.0637
353 494 0.1296
354 542 0.0786
354 765 0.0147
355 645 0.2813
356 636 0.0163
356 643 0.0147
356 700 0.0649
357 520 0.0135
357 776 0.0248
358 589 0.2998
359 364 0.124
359 420 0.0224
359 672 0.0034
360 501 0.0809
360 546 0.1009
360 673 0.099
361 487 0.0484
362 501 0.068
363 530 0.0984
364 765 0.0173
364 570 0.2767
364 638 0.065
365 714 0.0101
365 634 0.0513
365 595 0.014
366 781 0.1583
366 520 0.4617
366 538 0.0785
367 607 0.1964
367 699 0.0154
368 617 0.0064
368 525 0.0108
369 536 0.0379
369 585 0.0774
369 694 0.0907
370 677 0.0097
370 376 0.0046
370 538 0.0005
371 537 0.1384
371 408 0.155
372 587 0.3743
372 392 0.001
372 380 0.0021
373 629 0.0932
373 573 0.0071
373 621 0.0941
373 592 0.1117
373 495 0.0017
374 524 0.0007
374 584 0.0606
374 704 0.0025
375 396 0.0447
375 451 0.0005
375 448 0.0578
375 691 0.0581
375 732 0.0421
376 624 0.0228
376 576 0.0
377 504 0.0228
379 479 0.001
379 500 0.0126
380 669 0.0077
380 406 0.1077
381 749 0.2511
381 429 0.2401
382 561 0.0199
382 715 0.0564
383 426 0.0051
384 714 0.0052
384 744 0.0532
386 509 0.0001
386 644 0.0001
387 777 0.0038
387 631 0.0194
389 667 0.1408
390 636 0.0251
391 587 0.2772
392 520 0.12
392 495 0.0889
393 493 0.0002
393 796 0.0783
393 721 0.0246
394 501 0.0957
395 545 0.0799
395 454 0.1411
395 480 0.3582
396 506 0.0017
396 459 0.0
397 518 0.0
397 413 0.0577
397 647 0.0271
397 577 0.0059
398 447 0.0069
398 704 0.8193
399 413 0.0277
399 677 0.0471
400 550 0.0129
400 739 0.0025
400 782 0.0027
401 508 0.0001
401 452 0.0553
401 490 0.0046
401 404 0.0507
401 577 0.1042
402 660 0.0004
402 435 0.1135
403 533 0.132
403 617 0.1112
403 798 0.5318
404 634 0.0142
404 592 0.0002
405 490 0.0534
405 788 0.0544
406 793 0.0122
407 590 0.051
407 505 0.0012
408 545 0.0008
408 446 0.0453
408 628 0.0711
409 498 0.5715
409 462 0.1222
410 518 0.1028
410 685 0.3563
411 562 0.1439
411 747 0.0182
411 753 0.0598
412 668 0.0043
412 661 0.0209
412 619 0.0152
412 523 0.0048
415 613 0.2792
415 587 0.2081
416 773 0.0655
417 648 0.1773
417 691 0.2494
418 589 0.0002
419 792 0.0021
419 642 0.2233
420 635 0.179
420 503 0.2671
421 448 0.0468
422 505 0.4191
422 687 0.0425
423 433 0.0625
423 614 0.0363
424 670 0.0234
424 513 0.1914
425 444 0.021
425 478 0.02
425 518 0.0003
426 667 0.1659
426 447 0.2326
427 544 0.0277
427 521 0.0025
427 682 0.0586
428 733 0.1894
428 668 0.0354
430 550 0.0346
431 454 0.1102
431 621 0.0724
432 490 0.0613
432 450 0.1317
434 537 0.0025
435 659 0.084
436 760 0.0932
437 773 0.1305
437 633 0.6396
438 525 0.0066
438 709 0.0135
440 761 0.1004
440 526 0.008
441 462 0.1187
441 715 0.0121
442 749 0.029
443 693 0.0026
443 587 0.2482
443 579 0.0225
443 539 0.378
444 700 0.2768
444 497 0.0227
444 518 0.0509
445 734 0.0629
445 684 0.0666
446 764 0.2165
446 620 0.0253
446 767 0.0075
447 720 0.0007
447 490 0.2652
448 755 0.0792
448 653 0.1633
449 608 0.0612
449 733 0.0782
450 539 0.0611
450 686 0.2194
450 516 0.0715
450 710 0.1327
451 518 0.039
452 647 0.6771
452 686 0.0019
454 682 0.0
454 655 0.0004
454 569 0.0018
455 542 0.3208
455 696 0.0006
455 719 0.1225
456 742 0.0065
457 599 0.0583
458 590 0.1402
459 666 0.0003
460 588 0.0068
460 760 0.0793
461 469 0.0608
462 794 0.0031
462 621 0.0993
463 472 0.2135
464 556 0.1304
465 650 0.0154
466 545 0.0059
466 643 0.0988
466 499 0.218
467 549 0.2478
467 738 0.068
469 553 0.0425
469 686 0.0231
470 496 0.1408
470 724 0.1121
471 517 0.0066
471 576 0.1272
472 635 0.0221
472 704 0.0019
474 632 0.1183
475 582 0.0001
476 542 0.1421
477 569 0.0629
478 557 0.0739
479 797 0.0363
479 774 0.0922
479 677 0.0034
479 543 0.2124
479 632 0.0207
480 759 0.0607
480 732 0.0004
480 646 0.1108
480 776 0.0372
482 663 0.0
482 657 0.0029
482 792 0.1323
483 764 0.0197
483 778 0.0011
483 539 0.1943
483 796 0.613
483 785 0.0102
484 505 0.0661
485 517 0.1205
485 632 0.1015
486 559 0.0019
487 527 0.0556
487 506 0.1647
488 618 0.0013
488 759 0.0623
489 714 0.0225
489 758 0.0615
490 691 0.0344
490 777 0.0326
491 746 0.0
491 539 0.0409
492 559 0.1259
492 533 0.1095
493 505 0.1162
493 797 0.1962
494 667 0.0008
494 719 0.3345
495 615 0.0121
495 519 0.0001
495 546 0.102
495 791 0.0061
496 711 0.0255
498 732 0.046
499 727 0.0873
500 574 0.1586
500 713 0.0156
500 578 0.055
501 750 0.0051
501 695 0.1812
502 596 0.0328
503 753 0.0597
504 687 0.0888
504 630 0.0007
505 543 0.0208
506 606 0.0042
507 676 0.0241
507 553 0.0097
507 615 0.0002
509 654 0.0049
509 604 0.0002
510 531 0.0299
510 593 0.0229
511 657 0.0715
512 623 0.1553
515 669 0.2127
515 694 0.0267
515 742 0.0242
516 678 0.0026
516 799 0.007
519 521 0.0175
519 576 0.0664
520 773 0.0205
521 522 0.0
521 614 0.0883
522 774 0.1403
522 787 0.0028
525 797 0.0703
525 769 0.0007
526 638 0.0116
526 566 0.0714
528 532 0.0036
529 780 0.0022
530 532 0.0613
530 703 0.0
531 547 0.0258
532 549 0.1757
534 645 0.0222
534 599 0.0019
535 655 0.0104
536 772 0.0045
536 746 0.0037
539 691 0.0029
539 543 0.0
540 723 0.05
542 641 0.015
542 662 0.031
545 735 0.0639
546 680 0.4666
547 711 0.001
548 725 0.0161
549 618 0.0209
550 615 0.0092
551 730 0.0005
551 746 0.1293
551 751 0.0766
553 649 0.0142
553 760 0.1101
554 734 0.043
554 752 0.0002
555 647 0.0685
557 691 0.2047
557 594 0.0164
557 628 0.0857
558 612 0.1346
558 764 0.0078
559 615 0.0011
559 650 0.0
560 635 0.0493
562 708 0.0786
562 785 0.0455
564 728 0.0023
564 692 0.04
565 741 0.0837
566 748 0.1764
568 767 0.0091
569 700 0.0567
569 793 0.2002
570 702 0.3971
571 649 0.0
571 611 0.049
571 583 0.0234
573 724 0.0658
573 793 0.0249
574 709 0.0368
574 578 0.0107
574 686 0.0004
575 596 0.0005
577 676 0.0675
577 706 0.0604
578 751 0.2534
579 616 0.0215
580 595 0.0011
582 675 0.001
583 689 0.0403
583 719 0.0313
583 675 0.1955
585 702 0.0221
585 665 0.0414
585 655 0.0744
586 721 0.0012
586 675 0.0661
586 689 0.0375
587 743 0.0531
589 636 0.0425
590 627 0.2952
590 747 0.1427
591 778 0.0434
592 761 0.0033
592 675 0.0188
594 745 0.2294
595 697 0.0772
595 688 0.014
596 630 0.021
599 601 0.0
601 700 0.0002
601 729 0.2305
603 609 0.0812
605 677 0.0101
609 693 0.0193
610 752 0.1362
611 789 0.0118
611 772 0.3347
612 713 0.0318
612 691 0.0585
613 664 0.1687
615 740 0.0037
619 768 0.0076
619 740 0.0558
619 720 0.0278
620 622 0.1059
622 687 0.1131
624 646 0.0578
627 632 0.0046
627 776 0.0015
631 738 0.0183
632 676 0.2507
635 691 0.0177
636 710 0.0536
637 691 0.0121
638 656 0.0889
639 762 0.1509
641 765 0.1078
642 684 0.0016
644 795 0.0552
644 666 0.0439
645 715 0.0262
646 655 0.1895
646 672 0.3663
647 650 0.0464
647 694 0.0985
647 727 0.1402
647 686 0.1264
648 662 0.001
650 704 0.0073
650 716 0.2017
654 734 0.0232
654 764 0.0075
658 741 0.0203
659 767 0.1713
659 707 0.2797
660 741 0.0125
662 712 0.3326
666 734 0.594
667 793 0.004
668 702 0.0888
669 734 0.1225
670 702 0.0022
671 764 0.0401
673 726 0.008
674 715 0.0025
675 690 0.0229
675 764 0.0275
676 742 0.0732
676 689 0.0001
676 748 0.0098
676 759 0.2865
677 790 0.1267
681 785 0.004
681 740 0.0628
682 758 0.0719
682 751 0.007
684 686 0.02
686 761 0.0754
688 700 0.2613
691 752 0.072
691 776 0.0028
693 750 0.0127
699 714 0.0256
703 757 0.037
706 748 0.0002
706 778 0.0094
707 771 0.0457
708 793 0.0395
708 724 0.0795
710 728 0.036
712 764 0.0842
719 753 0.028
720 750 0.0885
720 792 0.0294
723 749 0.0114
724 772 0.012
728 795 0.0085
730 738 0.0009
731 783 0.1758
732 795 0.0689
735 764 0.0201
735 750 0.0036
738 754 0.0602
739 756 0.0014
740 773 0.0015
744 751 0.0074
749 761 0.078
753 788 0.0141
756 766 0.0066
767 770 0.0
777 795 0.0852
778 787 0.1726
778 794 0.0925
791 794 0.0182
