800 1600 num_nodes_f_dist 800
0 382 7.499667444016418e-13
0 391 0.015297213581501701
0 356 0.0022782741757993584
0 292 2.6558412032247912e-05
0 446 0.06614519320472483
1 135 1.6087127284652446e-09
1 610 6.490942365266778e-35
1 33 2.732306871674677e-05
1 198 5.742210336494823e-12
1 306 0.0018926536087177537
1 499 2.1807509546188006
1 551 1.795442065238637e-08
1 606 2.2202996074110224e-06
1 49 4.7152921673665436
2 37 0.7128459225933884
2 682 2.040464065923529e-09
2 548 0.041977618951105335
2 150 1.5418310079381008e-11
2 765 4.134239834826202e-05
3 600 4.371522190119365e-05
3 711 1.799073607420012e-08
3 402 0.0431597640455131
3 507 0.19324803028694076
3 506 8.129503552507477e-10
3 405 2.1613888514156764e-09
3 266 1.079670474893076e-06
3 392 1.71776771398369e-09
5 214 0.06227199088902372
5 120 6.504087985481685e-15
5 784 2.885877276041011e-44
5 577 5.6757987761418116e-08
6 473 1.8814401772961146e-23
6 717 1.3846748413088845
6 59 7.971720042819028e-07
6 498 2.906159362069049e-13
6 321 4.838740996643066e-11
7 186 4.827611189621054e-13
7 533 0.0002542515342900356
8 57 3.032520571069162e-06
8 485 0.2984309667072707
9 463 0.05335363624581232
9 466 6.48709487898704e-19
9 179 2.7168134820214973e-08
9 699 1.5658550777274983e-06
9 702 0.00979848497182054
9 511 3.301644682275381e-10
10 137 0.0001108226496204649
10 106 0.002656238735301054
10 209 3.518895383376055e-30
10 785 3.223386948097124
10 690 0.00021544316125560287
11 485 5.083201731992382e-09
11 691 15.30427747254029
12 774 0.0026279527196247663
12 366 2.036527985526418e-12
12 483 0.32085667834764314
12 749 1.6175303445256457e-19
12 166 9.640502731328527e-06
12 152 7.662675798242048e-23
13 748 5.536189157768981e-14
13 401 1.6426551609266726
14 439 0.9282631319048109
14 314 0.31674677198265505
14 189 1.5303305517392488e-06
14 629 6.50712965253222e-06
14 474 1.2017712782868736e-11
14 534 2.670681978087955e-10
14 309 1.8646322549518467e-06
14 150 1.048422499589262e-08
15 774 2.321533534387133
15 789 2.8833901251708247e-10
16 778 6.017796497915205e-06
16 303 0.000426408091134687
16 21 2.0050652815934322
16 450 4.94483099763944e-12
17 639 0.195368559612116
17 236 0.491928483226055
17 558 6.142721233705227e-23
17 148 0.00023646055726673308
17 466 3.283699228104277
18 562 0.0012379546689172884
18 663 6.109684297344381e-07
18 511 0.00018934953808976053
19 730 4.027118331154249e-08
19 671 9.187847207871262e-12
20 326 2.5085292206119417e-07
20 607 3.2954135838331577
20 209 7.328504921708822e-14
21 571 4.2495906701453615e-08
21 625 0.004159606539165187
21 618 9.479606947013172e-07
21 774 2.836317079414981e-06
21 724 9.003274828005127
22 369 1.8873464147903515e-18
22 689 6.296892480789601e-46
22 324 0.0012260752234052553
22 707 5.2068348123037076e-17
22 653 9.1568153859433e-06
23 767 1.781403735054991e-05
23 520 0.0001279603815372699
23 26 4.055115095496965e-23
24 488 3.0027926573948155e-36
24 220 1.1705219845871278
24 344 5.704849143057659e-10
24 30 5.096532312088553e-18
25 731 0.25363268008199297
25 640 0.00016204576555360078
25 787 4.892774886400035e-07
26 341 1.246529241513047
26 40 3.7604592480268e-08
26 280 0.00022922694293247905
26 116 5.061185949462134e-19
26 603 4.872221548237422e-21
26 739 0.002514938512379091
26 717 0.00041720460165232476
27 475 1.2183890336893967e-06
27 694 1.4018693137727017e-07
27 79 0.09994572584568909
27 578 0.327350557830653
28 200 0.01560734419960532
28 452 0.0043157994563121065
28 570 0.4375765185997419
28 124 15.492646260942808
29 476 4.7611346419968376e-05
30 555 0.0422546542218667
31 152 0.00021250888784406336
31 633 9.819689307171453e-13
31 203 3.382765297341932e-05
31 350 0.05383063564177369
32 415 7.324982210308856e-16
32 493 1.5309709806291024e-07
33 653 0.19397638366144382
33 37 0.6477434420868113
33 240 0.012081856602827807
33 745 9.037470185075758e-08
33 511 3.801533316260026e-12
33 715 1.148016398357155e-07
33 396 0.005367317333665988
34 205 5.661179147406387e-05
34 46 0.048657277429170136
34 292 9.31589443051672e-09
34 438 0.0008996884331013649
35 777 0.0029735197575720246
35 443 0.0001574372767810562
35 338 4.7193884680749686e-15
35 272 4.437252456779796e-28
36 425 1.496849177482943e-06
36 563 0.013605429874397269
36 683 1.2592319667446127e-13
36 601 0.0007454486156880632
36 419 0.01813356599879052
36 335 4.7172349659133527e-07
36 387 9.254249537576443e-12
37 443 1.4491276442089528e-13
37 251 0.00046802567136083466
37 529 0.6100967418878235
37 704 6.30695847642942e-11
37 387 0.0015277430455769828
37 482 4.2257180172795526e-08
38 199 0.00059401997811275
38 96 0.02475823711058481
38 771 2.1497497615725038e-23
38 330 6.828983907787498e-05
38 770 0.00015627707831265426
39 244 0.00024662718519076395
39 473 2.5155632652730266e-12
39 761 7.91179888647362e-08
40 139 0.024142017174987998
40 200 0.000896259517648059
40 184 2.5850540967763827e-18
40 438 0.3836142940498719
41 498 1.4453658901858102e-22
42 482 2.0593229212650503e-10
42 797 5.4276823048825965e-39
42 581 1.7714905180082132
42 539 0.00984359069310804
43 464 5.7462047786442504e-11
43 68 0.003495175391891135
43 208 4.598934143085013e-06
44 218 3.5028681789632157
44 661 1.6060715321240358
44 710 0.0027373536005212895
44 232 2.3318591991502727e-18
44 147 5.219416257095001e-36
44 441 0.00017113137738411645
45 206 5.185819224183622e-11
45 97 0.004782022317822544
46 200 0.3624485153506742
46 229 0.0014255131025141111
47 724 0.012105043864298722
47 196 2.515170629468023e-12
47 114 0.012242214600006065
47 442 5.5276735059980995e-12
47 775 0.013852849759295786
48 745 1.2324874755826547e-06
48 69 14.020486135476547
49 82 0.007122815641441878
49 70 0.003509531585656352
49 61 4.402743713658009
49 720 1.126949289071166e-06
49 452 0.8859982078120447
50 126 8.874893619184936e-05
50 788 0.3390848487918297
51 659 7.004987686987473e-12
51 133 2.476761759614015e-32
51 442 3.560378059356169e-14
51 183 4.068638444842276
51 177 0.06516353618999961
52 655 0.9057259061132288
52 782 1.4078035338641563e-20
53 664 3.1288304998798475
53 212 31.800326286369728
53 579 0.19484222180064062
53 714 4.626107282413546e-17
54 154 3.9947545061900474e-10
54 223 0.06931952659783995
54 163 0.00040709814230541777
54 656 2.106382460078891e-07
54 680 0.32804956559452086
55 136 0.27601961477140874
55 482 3.933790781465821e-17
56 753 8.357671654927106
56 237 7.774395843606186e-07
57 149 1.1528949953467539e-09
57 141 9.76941015800573e-07
57 512 7.922530083685281e-23
58 262 0.00010894182724687616
58 286 0.020371106582774762
58 435 11.82185047510899
59 295 3.3037789893622342
59 307 5.827723208522043e-12
59 717 0.0001474057416295316
60 430 2.341438986244375e-05
60 704 0.023641946639472566
61 759 0.02241231383997882
62 463 0.0003530060496836418
62 504 0.006859541913567423
62 686 0.0004494076278367833
62 78 1.4719117435891876e-06
62 289 6.1750097526671015e-12
63 632 7.522131396318315e-07
63 744 1.1353830674153998e-09
63 550 0.001644778254887751
64 793 2.0561223004085445e-07
64 679 5.974855679911155e-16
64 269 2.9321977975017187e-13
64 99 0.001828588251288492
64 671 1.108249370259531e-12
64 531 9.877424538941518e-18
64 359 6.326744641334688e-20
64 67 6.671489177363137e-28
64 449 4.158671224763881e-07
64 590 0.39264227607414187
65 555 0.0032352123077273418
65 722 2.6799284241184066e-10
65 299 0.013917760582529953
65 702 1.2441513336461396
66 339 9.838717880630754e-06
66 200 7.7391959724073285
66 649 1.2923260886909994e-07
66 400 0.013828239604156219
66 779 5.29495481735106e-14
67 317 0.018911767787996088
67 310 2.4166152112159573
67 313 1.0785753692444339e-06
67 713 3.2377834148271514e-10
68 637 3.980861491239352e-13
68 749 3.1128493295832565e-06
68 595 1.5786147840801492e-07
68 263 0.04051166324644594
68 582 1.7929076706867446e-08
68 357 8.707762659897506e-11
70 414 1.8169608148753004e-37
70 308 0.01079933446191488
70 272 0.0019070537693041908
71 738 0.0001272505139243293
72 162 6.505305297899751e-09
72 242 1.256993752239727e-09
72 541 4.350710336317552e-26
72 526 1.7074533545307177e-16
72 586 9.907390997796283e-07
72 688 1.248688132572654e-09
73 142 2.8109772392215753e-06
73 626 13.427956862088537
73 763 6.984454045672052e-17
73 430 2.375108792536069e-47
73 240 0.00020457608802462376
73 760 0.012365476657360142
73 426 6.743749144153218e-08
73 304 2.002718535576823e-12
74 531 5.179095082167884
74 309 2.182414576739433e-05
74 700 8.141352148987441e-05
74 195 18.03878536416993
75 149 1.5442228035038838e-08
75 78 5.3867134069427046e-05
75 249 0.1387087816289
75 462 1.0386456752992324
76 534 2.985425532098238e-19
76 796 0.03865300292769106
76 398 0.0002881633661280536
77 612 1.2432351805083425e-27
77 477 7.446525292126902e-05
77 111 0.0014290611594731841
77 279 1.9243146752507838e-13
78 647 8.197457949023757e-15
78 432 0.02390130100596413
78 127 1.2233225633013686e-11
79 171 0.0002601883299197734
79 373 7.101363084115093e-07
79 698 0.0002883391044030558
79 777 1.8485883641963222e-12
79 573 1.2522738884127198
80 181 5.8100827457141e-06
80 708 3.565131421063586e-19
80 672 7.33472221004096e-06
80 529 4.3955618524287995e-07
80 611 5.42076887159581
81 655 0.0008011845135870451
81 499 0.17590449962449944
81 421 0.0009476900268770642
82 747 0.01885132931256314
82 253 2.762670910333794e-16
83 482 2.49368511519977e-08
83 301 2.2735876649322505e-07
84 782 0.00040729313294374404
84 284 0.06775433795569827
85 118 0.6900020823516313
85 251 0.02048249286872752
85 132 3.4972817863358965
85 97 0.0002624668404126493
85 681 4.942797347598405e-05
85 596 6.078284959199674e-05
86 321 0.00013398363910109077
86 438 6.013303022412598e-07
86 287 0.0974629640676667
86 125 2.667172281301909e-08
86 678 2.2543228239016285e-06
87 273 3.993898041613107e-13
87 586 0.033372557166940084
87 531 0.00014093899963274093
87 439 3.3672332227906282e-25
87 651 1.292927589523801e-19
87 629 8.714309205615396e-08
88 110 0.18361094468820363
88 119 5.3515737603257795e-05
89 494 3.9714734875903235e-16
89 792 1.8245841452525802e-18
89 98 1.2937029507985998
89 226 3.71951934038856e-08
90 686 5.6836031396616585e-05
90 589 1.1215768484522574e-13
90 119 2.7880916700640114e-05
90 468 1.3689420630552054e-41
90 350 0.004156980764336929
90 639 6.081886503929918e-07
91 184 0.009881394867990997
91 736 1.343030775752409e-06
91 378 0.019908286120483763
91 309 5.677707789622383e-11
92 570 4.128586500970656e-11
93 213 0.012451723244324938
93 623 2.6209198805587145e-11
93 442 5.340535946550722
93 127 1.0169124092975858e-21
93 203 0.0005959296518262344
93 604 2.5202917290185575e-07
94 558 0.026769376062202956
94 502 0.031194686022326324
94 123 0.007285617750661054
94 250 1.4455981453817496e-09
94 781 1.7080315899917664
95 114 9.133903660391521e-12
95 605 1.1197339541266698e-21
95 519 9.993630885711244e-09
96 733 5.355967676395624e-09
96 754 0.5267055468229725
96 381 0.7712445618085785
96 725 0.01763228303253304
96 321 0.027835138954202192
97 302 8.096583157803023e-10
97 744 0.030690356392399403
97 665 17.143153065195072
98 277 0.00031756086028217464
98 105 9.256327683792933e-08
98 319 0.1206599784372814
98 423 1.759594632570284e-07
98 116 0.054266406354139
99 586 5.390670242156013e-12
100 382 1.0491748516080372e-19
100 525 1.2773449845705585e-19
100 619 1.7521371185741066e-70
100 508 1.5806320765289137e-06
101 771 5.415883276015099e-10
101 313 2.9607539519452523e-09
101 486 6.67566383620974e-06
102 196 0.08219754521322113
102 217 7.552589331957255
102 266 0.06867573521324315
102 546 0.9900671548837796
102 604 6.595785709492479e-07
103 488 3.8142027541726296
103 449 28.791005122397
104 556 1.2430222532635598e-16
104 608 0.7916758123510537
104 666 2.8326994416939647e-10
104 759 5.821679004523326
105 640 4.958286133720491e-07
105 374 0.1635215631430929
105 460 1.4194812180646343
105 389 0.0004727178445556895
105 787 2.1486495352773e-14
106 129 1.1770713902902585
106 472 8.663176045744331e-36
106 698 0.08161853530102374
106 644 0.44519885007428217
106 112 1.1278111667567147e-16
106 613 1.2710423022868436e-22
107 778 7.103049417423301e-10
107 305 2.549830694150182e-10
107 760 2.5589477215481174e-19
107 683 0.0011871774821002193
108 658 8.327967634763629e-05
108 194 0.03043655243207193
108 198 1.447667811349625e-08
109 423 0.00016314294745957127
109 274 9.084175466912302e-08
109 635 0.02256898757447694
110 603 12.640150519430353
110 333 2.4745713454721393e-05
110 703 0.05409944255245779
110 568 7.529645926341893e-16
110 543 4.81287271323326e-07
110 631 8.440274114421716e-08
110 667 1.1877970252620005e-12
110 604 26.49342331455648
111 331 0.03742819406073373
111 301 3.150909604400283e-06
111 603 1.9324295758580662e-07
111 196 8.367743816450062
112 284 5.550682385771059e-08
112 303 5.232895808520471e-06
112 790 16.31611688234891
112 396 2.2624310523722482e-10
112 309 0.0025489335574506006
113 324 0.0023876103727316247
113 729 2.6404056391537345e-17
113 290 6.246805226788304e-05
113 712 4.8980322284610016e-12
113 344 0.0006032034928951432
113 448 0.03165592733546864
115 160 3.3542872308698535e-34
115 150 0.7712973729138656
115 711 0.48121211505528816
115 577 0.0007502560415949023
116 438 0.042493813297333816
117 705 9.981147025908144e-07
117 251 0.4734129069537861
117 447 19.104934746397806
117 393 2.4522891873498674e-13
117 265 4.6611608477305595e-08
117 479 7.723362868799169e-12
117 717 0.00645210341879561
117 508 0.00021475495140154543
118 567 0.0002547231691890479
118 302 6.899687577581422e-05
118 399 0.8707642220215019
119 490 1.9712944622845273e-10
120 159 0.008203456838399072
120 422 1.486611530872852e-42
120 259 2.1321373793889804
121 201 4.899607874223549e-07
121 761 0.0002343201280479529
121 760 0.0010230786699006646
121 439 1.3192151425382574e-16
121 293 3.5845848925205394e-07
121 620 0.000952189665847771
122 490 0.00027729914670866974
122 253 4.778067706518971e-35
122 188 0.037256395193235044
122 322 9.845039472991078e-06
122 436 6.396097017975229e-17
123 279 1.429784705069315e-12
123 759 0.04250787300726836
123 632 1.314190592182519e-06
124 675 5.382094180220822
124 777 6.88044775681552e-07
125 224 8.010093627104926e-09
125 568 0.03272053330000406
125 263 5.762308648885537e-07
126 648 0.00961817189255219
126 670 1.8150265569356875e-08
126 574 1.789854246475838e-08
126 531 0.02333244913027444
126 134 2.811822959647119
127 758 2.6933792663754726e-11
128 371 1.0129198931223007
129 455 6.83096803414827
129 307 1.1333803435382438e-08
129 328 2.293683855339303e-09
131 791 1.0080509925688099e-05
131 288 4.342566316023774e-14
132 429 0.00011924084068191761
132 549 2.5025207973643637e-19
133 212 22.693195562522863
133 328 3.4055721294661296
133 270 4.824885771267797
133 748 0.0929922969345365
134 183 8.415554699521795e-15
134 588 2.083268424080679e-06
134 273 0.0011179885847003646
134 458 0.23145562084372184
135 645 0.2144787308642434
135 604 0.0008223620948423857
135 743 1.7336424712542347
135 320 1.1402415387463152e-05
135 700 0.1684028725637713
135 222 2.1504932635888235e-10
136 203 8.920647920717796e-06
136 240 5.7114246680484654e-08
136 394 1.1713985744043058e-69
136 390 5.596206812035484e-20
136 255 0.17299690277315302
136 536 8.323515450311717
136 345 19.304588909374047
137 299 4.1791199445042055
137 610 1.0520120398912332e-33
137 587 11.827499642312137
137 368 0.0003274215902919912
137 698 0.015341188501236901
139 740 1.803276227268012e-11
139 469 5.795453630758058e-07
140 173 3.1660897811747673e-09
140 608 0.008847741412946041
141 496 9.773752662896596e-05
141 467 0.013945414680226429
141 211 2.2225331168796096e-10
141 619 3.0276619227164274
142 319 1.650916497553647e-06
142 481 6.017396359080027e-39
142 502 4.498391816531522e-07
142 313 0.21915456568749003
142 476 0.0013960108411464416
142 235 0.5742655288330193
142 666 1.730486347248179e-32
142 457 0.7708270331016978
143 216 5.78710777319152e-06
143 269 0.009091538212955013
143 715 1.3229357749465874e-16
144 301 0.040032025180333525
144 552 0.05070245329098794
144 369 1.2758849265897386e-05
145 530 9.302558055520512e-09
145 160 0.025771422333277585
145 297 9.10408673399802
146 293 4.768751467326288e-31
146 169 4.324612168353043e-08
146 704 0.0001925260518321597
146 357 0.0011116020873905576
146 244 4.756751831024699e-17
146 456 9.821360983010283e-05
147 456 0.005351908732262166
147 350 8.933952360417176e-06
147 495 0.00010567540855851476
147 371 6.982103444386046e-05
148 765 2.1301070690188256e-06
148 555 0.13173831833080676
149 270 8.51778136344481e-11
149 527 1.692181564644088e-30
150 549 3.326371387472554e-28
150 418 8.303329601186596e-13
150 468 0.0005062781208689116
150 225 0.006607050255873826
150 727 0.1682570578919992
151 348 1.6196880840938637e-14
151 310 0.34381469575649926
151 621 1.1151094813096554e-19
152 641 7.1299527928460344
152 381 6.131815657824497e-18
152 557 0.0005178863925638035
152 243 5.00889433538785
153 187 1.0415670745852969e-11
153 201 3.16879976091297e-05
153 361 1.0570565962364174e-18
153 463 2.6935374341722158e-18
153 496 0.0014095118484207894
153 372 0.0009492684697601565
153 213 7.429330444707094e-12
154 582 2.666496840375838e-17
154 376 1.9500456153727175e-08
154 311 1.1963292021353209e-05
155 480 0.4313990200639903
155 343 5.48555825758055e-28
155 300 0.012119428595722926
157 435 5.110233201443818e-16
158 738 1.1233775953052506e-11
158 669 0.004534435298900234
159 389 5.742608270788853e-24
159 634 7.311331508292475e-06
160 688 1.5197185516181082
160 356 0.10481816960657526
160 525 3.7816883076801764
162 393 0.0026813553481703314
163 780 4.123996922337711e-11
163 600 0.1778688130605313
163 319 9.502655484130198e-27
163 590 1.4745615391665327e-10
163 354 9.222650511794963e-05
163 619 0.0012163569485375326
164 545 0.003907964555558413
164 546 0.002328006308988769
164 727 2.070746783199929e-21
165 737 6.649265814330491e-11
165 423 0.028981107041613764
165 768 0.8310079646498811
165 554 0.00022629082632612556
165 711 2.7577000081622774e-06
165 283 5.2719477948938634e-05
166 392 6.832289186711894e-05
166 455 5.307200095466982e-27
167 746 1.1435097592816142e-09
167 794 2.179900027963012
167 598 2.0693132801788036e-11
167 634 6.635370625104941e-08
167 693 1.1027885852358764e-05
167 229 1.3043635704168791e-05
169 170 2.7732436822473783e-09
169 424 6.875447454800594
169 231 0.003714403475934187
169 573 0.5636368199498969
169 484 7.245633885037324e-22
170 542 4.049895745883883e-21
170 346 0.005289397419531876
170 605 0.0016806223672729934
170 643 0.0013884753640103394
170 290 1.8540630832934775e-09
170 790 1.1633536793555663e-10
171 658 21.117675157827335
172 444 0.0049476793046552905
172 429 3.438616365413298e-11
173 534 3.619463844697715e-14
173 420 4.2935407355986546e-16
173 406 2.486281984448745e-15
173 787 4.1484692023156094e-13
173 703 8.853639954004558e-09
173 174 1.2282707282639741e-12
173 795 2.0213800321112343
173 777 8.272368590410619e-06
174 787 0.019871773591800403
174 402 2.8898534076560335e-24
174 236 0.006589835872393564
174 425 2.1346523332483064e-05
175 631 0.0004689447637383162
175 620 1.0120252972016068
175 444 0.0009742274096781447
175 353 0.02116832755186996
176 358 6.421911071509609e-17
176 393 0.22678717462440803
176 469 0.006291935112831339
176 225 1.5772403841591682e-12
177 383 2.374267972501207e-08
177 421 0.13033093572650203
177 595 3.7625245353385246e-05
178 328 2.0552299602147815e-08
179 246 0.2909268988063011
179 201 3.22900932732416
179 700 0.06306904670829833
180 721 7.627846701641879e-07
180 739 2.8316383615310396
181 449 1.3734388023873772e-09
181 374 1.6953345237078962e-12
182 594 9.153182691055893e-09
182 387 2.199375316206206e-09
183 642 8.779649683932668e-06
183 712 7.454799843550955e-16
184 702 8.858851389572651e-08
184 405 0.7896856117806719
184 442 1.1827894610881594e-15
184 611 7.183486468753354
185 638 2.5493927950613714e-07
185 665 1.0056856198345025e-20
185 494 2.859459416571444e-07
185 196 3.739218652321287
185 284 4.139714827165323e-15
185 510 0.13687137650665565
185 439 6.404774122869764e-09
186 286 7.256936546566283e-10
186 209 0.0006291564194864698
187 730 6.503796720539635e-09
188 479 4.343166710716446e-28
188 444 6.2781399419525605e-19
188 333 22.572638363576456
188 707 9.432764548474788e-11
189 323 1.0868872535379726e-15
189 625 2.0405790071295883e-11
189 398 2.9846721490996374e-06
189 230 1.389243123627808e-18
190 207 0.001176568832529487
191 431 8.923192305623585e-20
191 603 0.00014834629873250918
192 412 6.384191624143414e-13
192 746 0.12009106354213811
192 705 0.010563844533022478
193 326 1.7737172469281294e-33
194 333 5.561042862784463e-08
194 784 1.7883566607122423e-25
194 561 0.09734691894402675
195 558 2.1657928037721713e-11
195 799 0.0012657305851908303
195 277 0.00042994147696997093
195 207 0.019989610526160943
195 196 6.674303339398516e-09
196 536 4.0296600312255454e-19
197 687 0.00018794321359016838
198 561 1.2469322591672419e-06
198 453 21.79150141913113
198 456 0.025075587097442332
199 775 1.0339410436524477
199 261 9.206341713636725e-12
199 646 0.007490508767383838
199 378 2.2229424603353176e-17
199 602 1.0634732791825072e-05
200 755 2.239930137282936
200 265 0.016689875052786917
200 795 2.152110812088504e-52
200 645 7.385394158489811e-06
201 707 5.531777442834291e-20
201 303 1.1238573828290725e-21
201 672 2.6472610142476844e-15
202 402 2.824027584699722e-06
203 552 0.373760807761603
203 370 0.020683187412212537
203 233 0.01296681601233674
204 292 1.600381701320132e-14
204 773 1.6014627052416428e-06
205 310 2.046511181935162
205 348 1.2272619364244578e-32
206 338 5.7583552114746785
206 283 5.057157006296812e-05
206 514 7.966842983723904e-12
206 786 6.099959224459163e-15
206 375 0.16260113786892708
207 468 0.00024257347203905804
207 754 0.0005609320506460314
207 451 0.08453994618608329
208 715 1.5055256979984843
209 604 4.8819874357071776e-26
209 538 5.076572825512818e-11
210 626 0.01327991249758093
210 392 0.0005148842870941764
211 534 4.092879191052689e-05
211 331 0.04098143746452751
211 782 10.132712305846029
212 541 1.7732110815624995e-23
212 580 6.128155691008018e-14
213 688 4.8791704507091195e-05
213 575 4.800690473269557e-19
214 527 2.7937855264076106
214 364 0.00034010057575998036
214 264 0.02232853204671395
214 531 2.593337523553475e-11
216 428 9.135388945430264e-13
217 541 0.002379939816834032
219 747 0.0009804226794971466
219 793 4.5095143262572975e-10
220 792 0.07435704749799425
220 757 4.945410875843617e-09
220 475 8.426212721233976e-19
220 649 0.006204822560355451
220 684 0.19270089113921454
221 417 2.3530807946724948e-12
221 378 22.471496720931853
221 671 2.74158023383008e-19
221 568 4.876727639108081e-14
221 453 4.477279715106554e-08
221 372 18.212548635374187
222 598 0.6781785038903586
223 570 4.207658754844789
224 777 1.477598445313743e-18
224 495 1.7567118468194536
224 404 0.0008543955118877846
224 538 3.44373496933007e-28
225 635 0.0002050349201237512
225 430 0.0006657089746063542
225 421 0.5953340562401677
225 624 1.1165432978838629e-08
226 549 5.37224987954008e-15
226 376 0.960379846664667
226 324 11.837876756615598
227 449 0.0034531994105310966
228 767 1.8696048151853542e-05
228 752 0.02361361570588836
228 456 2.181639536891736e-31
229 459 29.537113851567415
230 390 1.6742410953367346
231 505 8.724259473995782e-12
231 431 2.798461161293424e-12
232 772 1.2561721360233224e-05
232 499 0.07112080895687169
232 322 1.9423557507457074
232 334 4.079113599023975e-23
233 456 0.006141104133734864
233 609 0.00030271076986365935
233 242 1.4402835219968248e-14
233 682 0.0001956844165777798
234 393 25.200249553278685
234 660 3.6220246751942437e-13
234 287 7.819061938415538e-14
235 750 1.3722769571617877e-16
235 491 3.5549582745372392
235 305 5.0944861477011355e-09
236 588 1.2619125332769149e-05
236 435 12.957523004065465
236 721 8.536106669934493e-06
237 672 2.051860837242306e-06
238 516 0.0005072653789589438
238 432 3.4234932764139694e-34
238 336 2.0866510569564577e-07
238 435 24.409680603566034
239 544 6.955259257267747e-08
239 455 2.733991535648025e-05
239 574 2.249009280058865e-15
239 765 1.183656876494049
240 296 0.02270458198781849
240 786 1.4354400822667097e-06
240 359 1.456387320478525e-15
241 564 9.444030258543065e-11
241 590 1.3578477691824626
241 314 2.067356844056899e-13
241 672 1.7177743259089137e-19
242 479 1.2026417252134534
242 331 0.007472682256096687
242 268 0.27636999230759085
242 550 0.00023670002180884196
242 385 9.06065512094739e-07
243 758 0.00015168811664113493
243 735 1.7727042498315807e-10
243 277 0.0024898789276913765
243 492 9.695574238414103e-05
243 519 8.229190492728592e-32
243 597 0.16814337680256553
244 464 9.858857786365219
244 350 2.8643387333627364e-06
244 580 8.069655086166355e-09
245 690 0.029413780286798617
245 678 2.9135313431274127e-05
246 582 5.3473753079956984e-05
246 629 0.008544546282007317
247 769 8.471546709303775e-06
247 685 1.5305567802704114e-10
248 391 3.559895684559444e-20
249 485 0.07272377704240449
249 699 3.727739021306614e-10
249 297 2.4829524972891432
249 707 0.012115188102053871
249 639 0.23999792871584438
250 713 1.299149700094137e-13
250 610 9.661412767596193e-06
250 432 2.29208143045321e-09
251 773 0.15363625008015552
251 300 0.01540418368070921
251 282 2.3074000225432702e-39
251 718 1.9794509047739183e-12
252 389 24.215503765172095
254 717 1.6582873422079147e-06
254 679 4.755412676192119e-05
254 382 0.0066883046230421924
255 794 0.004331057668493299
255 587 5.629026177832103
255 300 2.8703559411353417e-08
256 537 4.995726359010894e-10
256 466 1.7175069764147234e-10
256 333 1.0902036898701896e-05
256 575 0.003968972537320332
256 733 6.528902813991007e-07
257 425 0.7425209118816706
257 268 0.035276711320250946
257 565 0.04148466495154215
257 594 1.4777060873738012e-06
258 566 3.0544846675141284
258 397 0.06435451309906987
259 284 9.034095282243525e-22
259 494 0.4588499468971445
260 768 13.021914040749737
260 565 0.02095972823412532
260 707 7.781517426280214
260 788 2.64581710661843e-10
261 637 3.819832005439132e-08
261 417 0.0003342624246637844
261 512 2.1390302564370728e-14
261 420 4.0285063801088603e-17
262 467 2.4443485584432804e-05
263 457 9.162007634328877
263 507 0.038308399653925025
264 626 5.17932075262776e-15
264 312 0.1571235420227511
264 678 5.5674500222064025e-18
265 424 2.0553468959620754e-07
266 758 2.6772765231677246e-10
266 543 0.8982859250962092
268 509 0.06401858125716785
269 412 5.528618929692135
269 282 0.09312102254145768
269 606 0.000148485582092951
269 322 0.014981981862409349
270 528 0.0005843502204605946
270 470 1.1648065965219412e-18
271 497 0.000917593988805149
271 489 0.28946766091992976
271 322 2.9023749385477232e-11
273 699 5.139392379174966e-09
273 431 29.023726471041176
273 645 3.792374323351558
274 501 0.8213303990508511
274 543 9.884155917445767
274 637 6.407549288822286e-21
274 444 3.664774702261544e-05
274 324 0.065799228972777
275 645 3.1726207581652566
276 313 1.6669332401173205e-08
276 733 2.6709324118976112e-05
277 737 3.0730947314593587e-15
277 743 1.0255830822102058e-05
277 409 1.5079352290296262e-22
277 449 1.3323963636183715e-06
278 503 5.486596971534391e-05
278 313 0.19428535773089453
279 379 0.1590482025676947
279 486 1.0755301850212476e-24
279 347 0.009271254375745693
280 298 1.5543787032775855e-05
280 687 1.483001999371622e-11
280 356 4.670360455730792e-05
280 573 0.7051090625642998
280 661 4.179444827001586e-08
281 733 4.317033178877806e-08
282 719 8.300851074336492e-10
282 542 1.880621977275957e-10
284 434 2.3602623617962952
285 419 1.0247738002238682
285 612 0.003652833991768559
285 388 0.13033711683472005
285 318 0.36858908655419637
286 527 2.9893624089971796e-05
287 684 1.6000137175303566e-15
288 734 0.015195352500200767
288 618 3.978616796582986e-12
288 430 0.04193391090310496
288 748 21.077203308746068
289 488 5.501732781709195e-20
289 546 3.881383290966605e-24
289 370 5.4546828436702056e-21
289 496 4.18610603091644e-07
290 529 2.2220764250470936e-05
290 293 9.716034717302389e-05
291 647 1.9527272684099968
291 442 7.252410642512465e-07
291 673 1.8553441184269386e-08
292 300 0.018736330332497008
292 316 0.02413566957300107
293 596 1.970523053497945e-09
293 688 1.441185129264894e-22
293 372 0.0009711237338359436
293 322 6.869709516933931e-20
294 642 0.0012750212383296625
294 326 1.1256820315579694
294 495 9.582487872190535e-21
295 474 0.0006077874246912441
296 321 2.9807634996408545
296 554 0.0006159664403537913
296 670 14.796687244791602
296 488 0.0664475974763227
297 517 0.01932381050369731
298 491 3.264996390008468e-26
298 464 2.104446850582912
298 385 0.09458358823861913
298 730 0.014161348227060963
299 641 0.05470569197242437
300 733 0.002487054963885789
300 360 0.01963698576385384
300 312 0.00029333566804763315
300 321 1.9589936255246506e-05
301 714 0.00081813365410819
301 430 0.5846693670177935
301 559 0.001298010134917443
302 376 0.00013075553840201061
302 597 9.636315817371977e-18
303 628 4.723637632937194e-09
303 646 6.121703574393206e-13
303 467 6.190652333019655e-10
304 450 0.013266421341622791
305 392 3.1576305373925053
305 464 3.7783342858645854
305 367 0.104359733868383
306 564 0.0001648201469050292
307 634 0.04244578683952287
307 359 0.3920190582619495
307 784 6.344093292533878e-10
308 617 3.090997263470325e-07
308 628 1.3046654930963132e-24
308 508 5.7950548095995624e-05
309 430 0.36647181301981063
309 428 0.0005705998017992229
309 386 2.145052926626721e-07
310 377 3.0023190331055923e-21
311 664 6.550202895805474e-09
311 567 1.5475561856042283e-15
312 751 0.11426054561378145
312 481 0.43897724835465923
313 363 1.3470563157876515e-07
313 324 0.00359889869462448
313 372 0.04967331534050849
313 456 0.0003505945135983564
313 477 0.1454616541553083
313 596 0.4174160302946238
313 373 3.0333603828432576e-14
313 644 0.0036303457561824475
314 503 8.551275937126952e-13
314 705 1.2595034694664684
314 573 1.9274029417179621e-13
314 380 0.21884017307344217
315 533 0.0013459189192213958
316 495 7.232872117744063e-05
316 644 2.721398148399284e-26
317 756 0.01165603525007044
317 696 6.09686459187537e-06
318 483 1.91144881042387e-41
319 702 0.0014116286390037606
319 696 1.50355119564306e-12
319 624 6.044512122264113e-13
319 710 4.669824777282784e-37
319 671 1.6844044789829231
319 360 5.127230218555769e-26
321 787 6.278596597536689
321 338 6.119212195833587e-07
321 504 4.130828038287216e-21
322 701 0.0046845142570826025
323 377 3.7028719355664196e-13
323 411 1.5305853000028488e-22
324 341 4.312703371367463e-21
324 691 0.023959553990460167
325 490 0.000134427437477718
325 613 6.630851151860351e-24
326 601 0.04933019911770959
327 485 4.902597974114525e-08
327 376 0.3985257971546572
329 395 0.00012062039733609787
329 534 1.2018041423402302e-09
329 735 4.3804958650862476e-11
329 778 9.671881331601366e-09
330 692 1.6345376236896155e-25
330 788 4.100853133729659e-11
330 776 6.863049352993768e-12
330 575 1.071551813023633e-15
330 473 2.3206400330684104e-46
331 491 0.0017021952924262732
331 438 0.02923549965518213
331 488 1.3544253158998338
331 370 2.220501960996555e-05
332 684 0.4106539516143705
332 472 0.032189128513617764
333 644 9.55235774178979e-12
333 728 3.500073091660791e-16
333 743 9.54746770247913e-17
333 417 0.19887913574296334
333 577 0.0045541488055619896
334 336 4.178239722292607e-15
335 517 3.43398555625009e-13
335 596 1.7831247304272583e-05
335 504 2.917106522733676e-09
335 470 6.651235149987883e-13
336 515 2.945942226211414e-15
336 716 0.5482913737334839
337 418 8.732883820239182e-13
337 622 2.4871139993009352
338 550 0.00011958389219461651
338 619 3.0744512220966074e-22
338 746 1.9656016654615322e-13
338 515 2.5673272043939083e-16
340 540 3.9110094967732965e-13
340 422 6.411826125112968e-31
341 628 0.0004157854051196324
341 619 2.5443616231780257e-22
341 788 8.859892708151386e-08
342 505 0.00667216438386415
342 373 3.4398640366687055e-08
342 381 1.06747864816302e-14
342 651 0.0036076684592043786
344 725 0.0015590007953852627
344 346 1.0525450331809507
345 417 0.0006638379709319007
345 734 1.816554869129917
345 359 4.431167863176828
345 479 2.999752421749163e-13
346 724 0.35898213025303416
346 511 6.313703685049716e-05
347 594 0.5632666692433203
347 731 4.836775775613367e-06
348 525 6.250665930885808e-08
348 665 0.1647990671947177
348 383 3.2389926796674455
348 472 0.0016501840543234044
348 642 1.0852978660904016e-13
349 670 0.00012319048407099096
350 390 0.35087159933142603
351 391 1.00108117039118e-06
352 473 1.0674212870116647e-28
352 608 7.2049614195843295e-06
352 770 2.2478540860442217e-14
352 587 0.020085218489501264
353 659 6.140513162049652e-09
353 772 1.3654724327922142e-15
354 795 6.801256181920054e-07
354 655 4.82729387013767e-27
355 525 4.562137084546507
355 626 1.8533739333077153e-13
355 380 0.17409985750675436
357 722 0.05672671768123989
358 415 8.010981692787926e-07
358 369 0.2926518615918054
358 578 6.966502189903539e-12
358 787 0.0002481272464683788
359 476 0.50979357650078
359 677 2.229611901493216e-11
359 487 1.2693062819768548e-11
360 375 6.706418596844977e-06
361 501 0.007675001964539713
361 402 7.424440598389354e-11
362 384 9.140885443308155e-13
362 402 3.2977547165858037e-10
362 768 2.174010679317927e-11
362 783 0.8446480786980759
363 524 0.0034157951383330704
363 757 0.04416487498315139
364 711 0.10369253749618007
364 625 0.003000188717363875
364 463 0.0033567627104737203
364 642 9.913830205192891e-06
365 689 1.284921493805068e-08
365 446 0.37573633593450967
365 782 3.1669464890962553e-23
365 468 0.12339813267072908
366 413 3.120220109231926e-08
366 663 6.044472217087046
366 498 1.4855922318741532e-15
366 435 1.727004944872784e-20
366 446 6.077320935607357e-06
367 759 3.194140025368389
367 603 0.48622146386115817
368 684 0.11919002367022015
369 514 0.030331834664656776
370 443 4.95748737283694e-06
371 625 3.004438336491017e-17
371 426 0.00021746999440517005
371 494 0.4727507112561025
372 723 0.0002385357801310903
374 428 1.4670230708364496e-22
374 648 0.9366737780110787
376 630 0.0014263265535771942
376 441 2.912072385154617e-22
376 622 2.572648692353722e-14
377 613 0.00014737591161525777
378 478 9.839258798722783e-10
378 775 1.9450635677016493e-05
379 582 1.7523542802534604e-15
379 424 0.0003052671692904718
380 480 3.977609633986119e-15
380 464 6.488706231368052e-05
380 615 3.3021369193933326e-15
381 618 0.0004317710931897201
382 560 17.92637925715629
382 418 3.129970392338238e-17
382 476 1.6850544902184177
382 445 1.020579230187681
383 671 31.83923251194386
383 394 0.027809367150203317
383 611 2.920224802563274e-07
383 409 2.492596749153056
383 692 9.248821357967303e-08
384 577 0.13559870275742641
384 477 0.19241314943310203
385 592 2.057916006269188e-07
385 786 0.07516362208393286
385 705 9.453993351972059e-08
386 544 5.525512092206992e-11
387 395 2.2984057461952134
387 442 0.03155442223514454
387 452 3.196047849270275e-08
388 725 3.2934894980128817
388 676 2.283370210228548e-12
388 770 0.002468726873011026
389 678 1.5947808096845538e-20
389 555 2.0647661456067637e-05
390 501 4.322368826586905e-06
390 703 0.0022391058682249138
391 610 0.002657306714950533
391 575 1.660571214943213e-18
392 525 8.904453907125804e-10
392 469 0.07629025760289983
392 681 0.399659509843454
393 742 0.00015115979760226464
394 493 1.200439075116727e-05
394 708 2.73955711863663e-14
394 427 5.916328621650478e-18
395 554 5.088338796820055
396 607 3.7534268651148564e-09
398 784 0.051284940414952795
398 754 2.4785302791641755
398 634 1.3288324362473633e-19
398 400 1.278478307204477e-15
398 636 1.0481864470832336e-05
399 473 3.1741725612095826e-05
399 687 2.654854666193368
399 608 0.009411285795360332
400 754 0.0017174785338968247
401 487 0.0008310640084042371
402 789 0.006721292123147794
403 431 2.7451758113355985e-12
404 666 1.0945623771196001e-17
404 577 0.1363351560715518
404 491 0.00526443337376503
404 624 6.216613748113704e-05
405 482 5.9375628051160633e-08
406 509 2.4023136891857337e-26
407 789 2.615345249484126e-10
407 632 0.0017443497416119475
408 638 0.5473211328994465
408 707 7.409684858519799e-08
408 681 0.01233776478458883
410 632 2.568154806150013e-09
410 506 0.0004422544242825874
411 460 1.436782842214866e-06
412 556 1.3785792786336055
412 461 3.729538474801678e-14
413 481 0.022915843698433816
414 772 3.2427095992650616e-05
415 436 4.94261299550456e-05
415 674 3.80997253056917e-16
415 683 0.0011451988960415984
415 423 5.414194734570869e-23
416 426 0.02704872039997416
416 518 0.11260441635129216
417 662 2.681074582861542e-10
417 643 0.013293680752431975
418 755 0.28231419240689026
418 420 2.2435528411682585e-11
419 577 3.698975433552469e-16
420 528 0.024664791147901807
421 602 7.166238793694875e-11
422 784 0.0015395758986862654
422 549 1.6449358414645822e-13
422 462 7.033387767507419e-10
423 731 0.0730698421271276
423 740 0.045249864965868594
423 748 1.7475970899016693
426 747 0.0023847191790467574
426 675 0.0013511594707701097
426 773 3.056683479903191e-14
427 677 0.1891898932671739
427 503 3.007638898864394e-10
429 701 5.830659721331017e-17
431 666 2.818043790373417e-13
431 788 16.751698949693584
431 617 21.035651829396905
431 508 0.016435354339363547
431 501 0.053119843622812114
433 585 7.753729556388024e-12
433 557 1.2516411598056205e-12
434 640 2.648883185495556e-05
434 666 4.113429599001597e-18
435 448 1.0816354421511237e-07
435 722 3.2146808270039346e-10
436 572 0.0005444951205359714
436 451 1.3199091326061788e-20
436 447 0.32302285966263405
437 797 8.132244467331179e-22
437 481 1.5594353027346207e-16
437 718 0.00019433642034658865
437 757 0.10380173123716602
439 442 0.019527668897338486
439 739 1.8572018129394712e-12
439 697 6.862723533648745e-07
439 540 0.00029786751407008245
440 623 1.851039244085427e-48
443 797 0.021597861945994723
443 620 0.1937653420811254
444 783 1.4464227047291822e-20
445 607 0.7458874832159951
445 516 7.557384734285064e-06
446 544 0.0013089236977857938
447 628 2.5260397766419888e-14
447 510 3.707143772219291e-06
448 722 12.004233148369147
448 480 0.6566704285437174
450 713 0.012840283864862714
451 639 3.7207825162293475
451 552 1.7138221581562925e-42
451 753 2.6766734882179415e-07
453 625 0.00015703501504664462
453 566 3.2828542875527984
453 646 1.6716663038820338e-25
454 636 0.006505329549743485
454 595 7.886997711244957e-07
454 667 5.8603189219718745e-05
454 750 2.0743112760566226e-07
454 683 0.0042458447284987304
455 702 2.4375327073271318e-08
456 795 0.005551625630940847
457 514 4.1729064851478517e-05
459 660 1.3031452893880503e-08
460 704 0.000838577577590273
460 593 5.419134385310834e-13
460 630 0.00045861789754469794
462 585 0.02271490777858278
463 702 7.474135934667208e-06
464 635 8.766350589412311e-31
464 499 0.007049247170354689
464 564 2.3914442429119486e-19
464 491 0.0024680116938410133
465 528 1.1235594290902393e-10
465 754 1.4224201690960056e-46
466 702 5.1555044665696086e-17
466 537 0.4287330051279075
467 483 1.627656925376116e-08
468 776 0.06863499856941013
469 696 0.08988421672194045
469 703 3.331153549332727e-22
471 732 6.251504426048645e-09
472 476 0.06481362658406718
472 610 6.477959669857923e-05
472 623 1.3594648692347722e-12
473 794 2.413618178706179e-35
475 634 1.3114201711186754e-05
476 776 4.637160442449178e-08
476 509 0.016295414781672436
476 633 2.0661207325882462e-08
476 558 7.471953905357822e-19
477 563 4.2797511947158585e-12
477 634 9.65864183591783e-11
479 735 9.940047683696635e-07
479 660 0.007050723324299076
479 783 8.529906733143354e-07
479 667 0.42006659102865385
479 687 4.799605161616501e-11
480 525 1.9390919059622866
481 699 0.0020657463820261896
481 703 0.0004831825831506111
481 615 2.3275675385347196
483 492 1.1903831359368446
484 503 5.103062783777344e-06
485 688 0.30724366625159294
486 530 5.409226023180793e-09
486 581 4.689742311494781e-12
487 513 0.05038039980473562
487 629 0.000522250190377341
488 577 0.005679626896115263
488 738 3.422762376207114e-10
488 508 2.9284863777096633e-06
489 711 2.624142458559234e-05
489 566 2.4325129917002015
489 560 1.6621101163813393e-13
490 572 2.309264440950573
491 545 1.89457995632347e-06
491 536 0.27840853446462827
491 671 7.480391128644223e-21
492 713 10.449505112165278
492 501 6.997707138759246e-05
492 654 5.924392369231372e-06
492 502 0.6955616687505132
493 721 7.708622051868488e-15
493 715 6.015523208805987e-07
494 529 0.25545272637970257
494 541 0.0009571416758646405
494 790 0.00022336100879105403
496 561 4.844946687705696
498 718 5.441821145979532e-15
498 644 5.642653892036108e-18
498 610 5.898714175831951e-06
498 714 2.3552190032838047
499 714 0.0003496095240434227
500 533 2.128862277743672e-05
501 614 0.01476373423102531
502 778 0.03810662626014757
502 737 0.001183536875018909
503 681 0.16272138022378657
503 662 0.0002476696283308587
504 622 1.2907242963317845e-06
504 505 0.10993923579455266
505 765 6.065336397553806e-10
505 576 2.527670748114066e-34
505 524 2.617821990605065e-11
505 673 1.7911406420357936e-11
506 625 1.385685685136416e-15
506 667 1.6131834914101895
508 594 9.179721688347031e-07
509 562 2.842539747526618e-10
509 654 1.4710951839595583
510 657 5.4297364310451905e-06
511 594 3.72830638407529e-13
512 662 2.0623401977989646
512 797 1.3837618270963008e-20
514 548 1.1039841005278154e-12
514 538 0.004877831539549964
515 761 5.181001996400913e-06
515 683 1.1818082511988301e-18
517 790 2.2582285939733685e-20
518 608 4.272682061263961e-05
519 656 7.59660647045225e-10
520 655 2.0299113737140382e-09
522 583 0.00019146385905540147
522 710 1.5641155040354498e-29
523 697 1.4180111182369203e-31
524 558 0.0009113944407485318
524 619 4.292282658264262e-22
527 561 1.5498273094728585
528 681 4.3757059537900347e-07
528 575 0.00014267851572381766
528 673 0.2892703109031844
529 690 1.9083448592200782e-16
529 607 2.1295937454077638e-08
530 718 1.2146102779291527e-11
530 636 3.6221802850858766e-39
531 561 0.12813524958274494
531 697 0.26931068890702414
532 683 0.1839096444747314
534 640 9.33315105109766e-37
534 793 0.00502394505348246
536 749 0.07658565124287035
536 544 0.002878385564893598
537 554 6.700433952446555e-13
538 733 1.686830860203951e-08
538 770 9.452949684169833e-18
539 766 3.1307614643847876e-09
542 667 2.08420238623461e-45
542 748 0.0007125615708248503
543 738 3.0939905960924487e-24
545 736 1.1502857900401804e-13
546 615 8.50067296379105e-09
546 638 0.05700110540958677
549 795 8.100742973920002e-12
549 757 1.7495747695674542
550 629 0.19188590917179948
551 657 1.419305373040205e-09
552 666 3.7478788008624873e-07
554 599 5.951449190094567
555 737 0.009919858802435195
555 744 1.8760732984355023e-07
556 795 0.0016938414369827492
558 720 0.00015799536449788253
559 745 1.1633338546364326e-08
560 792 1.4599513000254168e-08
560 644 0.03483502319968098
561 573 0.6884586224945143
561 592 6.188940203581389e-05
562 594 9.600569250543633e-08
563 568 7.416751307113548e-10
564 775 3.074250075554702e-15
566 638 2.5933060962707226
566 705 3.714164183214877e-08
567 797 4.53552529839047
568 576 1.3799349349653338e-05
569 787 3.676939115458091e-09
570 709 1.864488448367823e-09
570 611 2.2198223844475753
572 721 0.0006200928564938348
572 687 2.0672528839909456
574 674 1.9371027902050445e-10
575 623 4.374105075903531e-12
576 617 0.0027240205623474787
577 749 53.90716722264995
578 579 0.00025049015175653065
579 629 0.07743746326664742
579 583 0.004106269483305318
579 628 8.41339276314641e-07
584 589 0.0021739066225940516
587 606 0.00015036423358060868
587 650 4.9458548679998794e-05
587 703 2.5778649513822134
588 776 0.0001936170238131869
589 609 0.034477985715941656
589 672 2.1096910070109388e-32
589 726 2.5723846148851367e-06
590 682 1.4210794109303242
590 626 2.9556872524009626e-05
591 605 0.1090880762472308
594 799 1.4940762985763539e-15
594 777 0.12921398583249666
594 659 1.4131797821069356
595 748 3.745899341133337e-28
596 773 2.249529099980777e-19
597 730 0.012536296910555435
598 757 3.099539546211739e-05
598 606 11.541718265041615
600 635 0.006794898571997227
601 679 3.43952294164858e-08
602 619 1.2305910677864284e-12
604 617 0.31482400889976053
605 691 2.5020563714216986e-05
606 629 0.0005186413858935877
608 610 0.0001541794107139386
608 670 0.0033925930596590023
608 640 0.08688231632714627
610 694 1.1629637092512193
612 627 0.15093534166446898
612 728 5.563439391337153e-17
616 740 0.01376793994865733
618 660 3.128007075749609e-06
618 628 0.005192301236885339
618 666 5.252475630391844e-06
620 625 43.56199765443353
620 660 3.2766160904822444e-15
621 744 0.000815199884522179
625 733 2.952755431842148e-05
627 638 3.5189452501735687e-12
628 693 3.880596492511537e-09
628 631 1.972817405444916e-08
629 661 0.0002861486727321946
629 746 0.7117505076369004
630 713 6.911985415035524e-06
630 695 0.15911971063388536
632 733 8.861067434495994e-13
633 651 17.791197286890153
635 676 8.319177541317836e-09
636 659 4.120278812347507e-06
639 718 0.2014883846425965
640 694 0.002858602226355991
641 655 11.536610796746645
643 762 2.799476342672722e-09
643 737 2.004595007971693e-22
645 726 0.1691072696147392
646 735 2.291003799639039e-24
646 694 0.024123308290397324
647 664 7.821332065215358e-30
649 672 0.003101520446427849
652 793 0.05220284181690546
652 773 3.5907442918549765e-06
656 726 8.182745314725003e-05
656 697 9.041256097453088e-05
657 680 0.339429975656075
658 696 1.1098763002769133e-15
660 676 0.008815238111812595
661 706 6.896326058060759e-10
662 680 0.00017594643519776136
663 799 32.767812938155885
665 690 3.8278215649366135e-09
668 768 9.74761151265455e-20
669 777 0.034414619878292745
669 771 0.00012607034423623724
670 679 6.316131846796414
671 674 8.286801983000606e-07
671 794 1.2934319610754382e-13
677 778 5.462836143304676e-16
680 722 8.927481724596474e-10
681 772 9.388638005990413e-06
682 737 5.627881822486922e-06
684 785 0.00012195447844495206
686 736 4.565121054800974e-12
686 693 0.0014435246196494672
687 739 0.0013307563650825402
688 689 4.2709062201070923e-10
692 759 0.03636117414605599
692 703 1.9855254159968757e-09
693 798 4.85269046490673e-15
695 788 1.044608676663216e-06
695 769 6.906407330041069e-17
696 782 1.4096096317242672e-07
697 797 1.264237652916576
698 762 0.11229512592734285
698 736 0.00017358037519998371
698 787 0.6662859222777534
700 736 0.0710098432176612
704 756 5.244995500215745e-07
704 732 1.170857861109274e-12
704 710 2.591035638285438e-05
705 738 4.950272357183606e-18
705 747 5.18326895827981e-18
705 725 2.087706273662096e-25
705 728 0.001688352546250471
706 788 3.065386800064647e-07
707 757 3.8335144143207594e-32
707 788 1.9560472551109495e-10
711 746 1.1974245312794198
713 784 0.012378473516813147
713 762 0.043449110728733344
715 785 2.490983990435999e-18
716 773 9.772417828450522e-10
721 750 0.527874350007204
724 726 2.388712172050492e-07
727 776 0.0023533439550783137
727 731 0.4451230315216077
729 738 8.107348212963447e-10
729 769 6.623121780429108e-33
730 752 0.08549747913968161
741 784 4.0111374104906867e-41
746 764 1.0811642904033275e-26
748 774 0.5437562040669914
756 782 0.005138019959169359
760 783 2.676598778367412e-06
766 799 0.1418893289415174
790 798 0.009208264609689857
