30 60 Varying_K 11
0 28 0.1992070385873439
0 22 0.14365011225132507
0 10 0.7421770326669547
0 23 0.21082514416264986
0 29 0.9000282199630811
1 15 0.36795921868164316
2 24 0.5183674717187987
2 11 0.3197304765573109
3 8 0.695325322713762
3 15 0.3158689910863658
3 28 0.13531097905783251
3 5 0.19993641190196532
3 23 0.43875732802685397
3 16 0.4230394418908605
4 18 0.7162537589254689
5 11 0.8401138482882798
5 24 0.8472851027300511
6 25 0.8036497812871317
6 13 0.7197225024244791
6 21 0.06391165054918413
7 18 0.30173790424268454
7 16 0.5797333932648387
7 11 0.38527631380876115
7 21 0.18329209575536343
7 24 0.764834392358766
7 23 0.8154315567674979
8 14 0.4105917241291104
9 14 0.9383748157313705
9 27 0.19998401870001914
10 28 0.42831644010144165
12 20 0.022786354465667125
12 26 0.6983400890481088
12 21 0.46656833928845887
12 16 0.9016921454352262
12 25 0.4915520024603447
13 19 0.45411648678393446
13 26 0.900226748395324
13 16 0.643744541136581
13 21 0.9042162170250221
14 15 0.9792935409626243
14 24 0.44987308609562127
14 21 0.4598836785083774
15 24 0.36154679930769185
15 17 0.6771240343790944
15 27 0.08761742173833653
16 29 0.03368561618176891
16 26 0.6609075218506938
17 20 0.2663387808515316
17 29 0.8653440665229857
17 28 0.4004626743975134
18 28 0.08576447632244277
18 27 0.48246795733682857
20 29 0.5316175212627549
20 23 0.5826208951934082
21 23 0.7644089228963941
22 23 0.8542369671038084
22 24 0.18704849655618672
23 25 0.04564211759726
25 27 0.31416684197621014
26 29 0.5326519097918497
