30 60 Varying_K 11
0 27 0.37059532465665246
0 7 0.7472044075140414
1 2 0.6329151716902214
1 19 0.21592036255539504
1 28 0.06374308878395385
2 11 0.7239401455890426
4 5 0.8028112768683788
5 26 0.43600658273178283
5 13 0.4603297603361486
5 17 0.36535038339430215
5 7 0.13457216633529456
5 10 0.5278800860899976
5 28 0.19546507412796466
5 14 0.16930020636236276
6 19 0.036268319125940196
7 16 0.9292109744132889
7 10 0.21055573164944652
8 9 0.38991197437909264
8 16 0.9204724128687999
8 15 0.5191925014497739
8 19 0.05214697213474251
9 15 0.36457691014774607
9 25 0.9043541062842624
10 29 0.3142898772992344
11 17 0.8542747511013056
11 14 0.6889083158942897
11 16 0.841544725334322
11 25 0.9951105833332734
11 18 0.9635798810691809
11 27 0.24949640828714525
11 21 0.7741530287038366
12 20 0.005583922070782732
12 29 0.1304811409469011
12 24 0.6416796682477265
13 28 0.6145169958098629
13 23 0.508639656146207
13 18 0.7575776554603189
14 29 0.8325802581348606
14 25 0.08236091767821574
14 20 0.9914708789508404
14 28 0.5147052175559446
14 23 0.016727017775642006
15 29 0.19772576583685553
15 21 0.626950837804157
16 27 0.7145849451491503
16 28 0.9737617991805932
16 29 0.2950910291248692
16 17 0.684181152535296
17 21 0.20589318120570022
17 29 0.06118260722059965
18 21 0.2551162114840507
18 23 0.44720175991933164
19 20 0.6455700169686259
21 27 0.7299288144488316
22 23 0.8191132166830769
22 26 0.3104924705511708
23 25 0.7493509321427004
24 29 0.911862042001663
25 26 0.6539621286530318
28 29 0.9924463159752024
