30 60 Varying_K 11
0 29 0.7585957620802626
0 21 0.04468737258246991
0 26 0.9830733103253735
1 18 0.7991173327261621
1 4 0.5315843014407108
2 19 0.9815036800402915
2 24 0.06582562841129036
2 3 0.11943827020628861
2 11 0.45016001882610657
2 25 0.06121848367511229
3 11 0.22717374682076474
3 18 0.10290072323150057
4 17 0.5366603259169428
4 27 0.5581451873701634
4 28 0.9742904155138764
5 24 0.38248488237107936
5 22 0.17428471730778017
6 7 0.8929688644942176
6 15 0.6428908631204359
6 20 0.39159974428810707
7 18 0.6944093847947558
7 20 0.5133453725206081
8 17 0.9687660134518403
8 27 0.8022117659124962
8 21 0.5376091180530471
8 9 0.8057422332355461
9 24 0.9291615729511616
9 13 0.5572106650842764
10 28 0.65993792980777
10 17 0.2359775263219126
11 29 0.8352565637876287
11 17 0.021388894934994407
12 20 0.5298198116607185
12 23 0.19124703418160627
12 28 0.07423140187564892
12 18 0.9251464909485421
13 29 0.0946363624483123
13 24 0.5149052575520956
13 18 0.020753406387200024
14 29 0.5741509368495162
15 19 0.772950666084768
15 26 0.7618725336255856
15 22 0.4416080848730919
15 17 0.5305793494510134
15 27 0.2847240950667267
15 20 0.4474698140727076
16 29 0.6383523103001938
16 26 0.928678342252826
17 26 0.7756076836890604
18 20 0.2809289950523126
18 25 0.46680379185081855
18 28 0.26668721839399356
18 26 0.06695949987761962
19 21 0.8452092827825587
20 27 0.3841260524597824
20 22 0.5488886305123437
21 29 0.5243141575331206
22 25 0.6735748517374411
22 27 0.6064236661225892
23 29 0.1636614194146282
