30 60 Varying_K 11
0 2 0.0517740531095896
0 29 0.23364937560751398
1 7 0.6242645490561881
1 25 0.08499587049761093
1 2 0.4588720683559755
1 26 0.48290166525802747
2 4 0.3329506486393129
2 11 0.1916470771742963
2 8 0.6293976372214131
2 13 0.5103294364937245
3 23 0.857259911160334
3 26 0.31196730527304783
3 10 0.2983717943090263
4 10 0.6772423319675254
5 24 0.7023783694011707
5 6 0.9094657478490893
5 7 0.4541850304447933
5 14 0.6734616334994262
5 11 0.972752659336127
6 8 0.9373274638400279
6 13 0.9358362322195017
6 21 0.5874416080719901
6 29 0.8619690008494392
6 28 0.061349907016587046
7 9 0.5904109788102734
7 15 0.41465651831249073
7 22 0.12177361874426496
8 11 0.5772264301715249
8 25 0.9563857372936908
8 26 0.5818026080327522
8 16 0.06297399917268698
8 14 0.4486209570791735
8 24 0.6147687232109084
9 29 0.34973704200458733
9 26 0.04317756796402561
9 18 0.05884236034877466
9 27 0.05684446723408376
9 13 0.40132122098860723
10 21 0.06784578678759623
10 18 0.2589244375016594
12 15 0.39964475260907417
12 17 0.8551526806363146
12 16 0.617707625466453
13 19 0.07535358144841586
13 23 0.8873158900815296
14 20 0.27292667873722964
15 22 0.1207756654066825
16 17 0.1589435002126658
16 24 0.3687870383673636
17 27 0.09152501819818748
17 20 0.8401256694311064
18 19 0.9079471525082258
19 27 0.45571841755977316
20 26 0.9798849407768357
20 27 0.5198577742344991
22 28 0.877376558839469
23 27 0.5603458275563417
24 25 0.3450964784742049
26 29 0.2252535421518137
27 28 0.7525020549044981
