30 60 Varying_K 11
0 16 0.9359870157813415
0 23 0.56933941572978
0 27 0.25918897822793374
0 6 0.6714712577843192
0 9 0.17803507859077494
0 19 0.7287681207230599
0 12 0.1690778405859601
0 26 0.6102539806601379
1 20 0.7973197698379657
1 8 0.894476323065823
1 14 0.3624382913719283
2 25 0.21171797550744842
2 10 0.5917864377749397
3 11 0.23033371305846428
3 17 0.1390643956948011
3 24 0.036981907739581654
4 19 0.9326606903709025
4 8 0.20646210613312166
5 28 0.5058965522444892
5 8 0.13955268098024687
5 24 0.12993439914473437
5 27 0.1355475556603134
5 9 0.5703717746289876
5 6 0.8115254975297749
5 29 0.8301475338261252
5 10 0.6144838986540377
5 22 0.07350140939217886
6 13 0.9461496327069091
6 24 0.6151995697177393
6 10 0.6566543909158652
6 22 0.5191279721338319
6 19 0.27362208663505516
7 24 0.0810200532027111
7 12 0.6300271811915122
7 18 0.5254275184144271
7 29 0.551351006129779
8 19 0.5008193545820459
9 26 0.5854896171752351
9 11 0.503148008384972
11 23 0.446271867088765
11 13 0.678766291842945
11 27 0.7606967806901149
11 16 0.9889719232567057
11 28 0.23978177655370958
12 24 0.5581456491118774
12 28 0.6376402444893458
12 18 0.14570977009712816
14 26 0.5053206151057815
14 19 0.02843910226138202
15 27 0.38053784544735714
15 22 0.5984485747756498
17 28 0.39373748747298987
17 25 0.5786141622475505
18 19 0.5417899935973908
20 29 0.9308692045410644
20 21 0.7152370119120413
21 22 0.3813948802113317
22 25 0.6505069811883761
23 26 0.1937980728292964
27 29 0.6615728855708506
