20 40 num_nodes_edgedegree2 20
0 12 0.3258304170648445
0 14 0.75855743993021
0 10 0.5897681446584211
0 17 0.2063834688390943
0 13 0.7725478218795484
0 9 0.9720471313054053
0 15 0.012804297910199325
0 6 0.1960154276350985
1 15 0.5299383494882806
1 9 0.747104758974058
2 8 0.27103002546513577
2 11 0.7117311504039401
3 15 0.9735383366438278
3 18 0.06270951049496576
3 5 0.5417292915575326
3 9 0.3156435869410029
4 18 0.8855311484790362
5 13 0.041867970794338016
6 12 0.266393747135796
6 9 0.06622363821020882
7 8 0.855572560278534
7 16 0.6336619066003897
7 17 0.36631054986597134
7 11 0.8495151718166895
7 14 0.002617323198045307
7 12 0.4551245353758442
9 18 0.9601330166110491
10 16 0.03365176920101187
11 17 0.23436219141752834
11 15 0.8827974427337224
11 16 0.8320015419422165
12 18 0.9445219205402203
12 16 0.38192155736390154
13 19 0.6033409526922415
13 17 0.8020502421861687
13 16 0.28095717745165427
14 15 0.2830684840732356
14 16 0.7271751039894568
15 16 0.8668523313069497
18 19 0.8643501196940023
