40 80 num_nodes_edgedegree2 40
0 28 0.8973912575614088
0 34 0.4285195685683607
0 12 0.01344067080581901
0 24 0.09188643028507715
0 17 0.24264387049314895
1 24 0.27641774571587885
1 20 0.4325700213910385
1 27 0.44028100961802785
1 18 0.688418042693049
1 30 0.27029446894613174
1 14 0.10158721867898313
1 28 0.16040967230410508
1 19 0.3909084827428796
2 30 0.587720325362749
2 19 0.8483866272169609
2 16 0.004405273808170684
3 30 0.16701970410265743
4 16 0.7563499007069039
4 5 0.7006862303985446
4 18 0.5291565258416931
5 23 0.7394568054924529
5 35 0.08363241675687594
6 31 0.08367526491428601
6 37 0.48044688894022003
6 11 0.49026814334891466
6 10 0.7558495943980962
7 31 0.10555552145812697
7 18 0.1328252711790987
7 39 0.8854352787505956
7 30 0.7932179451187676
8 36 0.5779020561095174
8 32 0.0325070155238657
10 17 0.5738382396752938
11 26 0.24731127191118407
11 35 0.7138443780976387
11 37 0.06862809925624791
11 22 0.8588443644361005
12 19 0.13970720093990785
12 35 0.7889683605222566
13 24 0.7234011376602507
13 27 0.13736296440752127
14 17 0.40868994350182564
14 33 0.8004616789116723
14 35 0.8133878804198733
14 22 0.11469981519810657
14 29 0.08603229514345279
14 32 0.8744255833591781
14 25 0.07972332535958249
15 25 0.6114142558004444
15 17 0.40411786859600496
16 33 0.6854765658218105
17 29 0.0940038899719694
18 37 0.28746408772108234
18 29 0.33482480359061195
20 31 0.48162828578667705
21 32 0.9229533075539457
21 39 0.2867117619157965
22 32 0.28830305616267715
22 36 0.15837003642737046
22 31 0.1289792681853701
22 26 0.2202932135387693
23 35 0.055071530993603623
23 31 0.6203565940711578
23 36 0.5669164243047947
25 37 0.23134367073786588
25 33 0.9209493452903462
26 35 0.737467126487247
26 32 0.3463663224374237
27 38 0.13974994182977252
27 32 0.1510390984066693
28 30 0.8504464850600669
28 31 0.9913407013188505
28 32 0.38276034102123
29 38 0.8187407644234883
31 32 0.7180513195046796
33 35 0.976061158767416
34 35 0.13104235011194143
34 39 0.6630066522049554
35 38 0.5264520562896688
37 39 0.9793132227004877
