80 160 num_nodes_edgedegree2 80
0 57 0.6783619374698053
0 49 0.11251108923869091
0 68 0.591658475042832
1 69 0.4685997583052467
1 25 0.7880867127688893
1 35 0.4915887734285246
1 16 0.9012015061281655
1 78 0.5963742703053315
1 11 0.44942190225841183
2 3 0.018383487207091265
2 37 0.08718289180042016
2 57 0.14082156840547777
2 55 0.5576881349533145
2 28 0.4572242338215792
2 63 0.08326485845355325
2 20 0.9482346068505552
3 49 0.1161925062928435
3 40 0.35415486361429505
3 54 0.7740617485337233
3 60 0.10692740854541172
3 29 0.8473672307850314
3 39 0.6491184283333795
3 67 0.43962864047199346
4 61 0.4259800401111806
4 32 0.8687128551495303
4 20 0.020028883577968393
4 71 0.4007090503977193
4 65 0.4485687794349764
5 39 0.8467874398881875
5 8 0.0334139679279033
5 52 0.30181695522413865
5 37 0.8031836638416034
5 24 0.8933311430956603
6 39 0.45605030834301996
7 61 0.45806130655770294
7 38 0.13546944293054353
8 32 0.7896792586157203
8 37 0.05502272284254517
9 10 0.8205370199562051
9 48 0.9485108859818948
10 17 0.8938466733904336
10 34 0.248448812141697
11 47 0.522073031894844
11 70 0.2631747500749141
12 62 0.08878709421457975
12 23 0.8064058250037425
12 44 0.17485424554169304
12 48 0.8851336263890294
13 75 0.14359181333658655
13 20 0.26482800280113217
13 33 0.05547831665319758
13 49 0.6529653745814246
13 41 0.6287562092826763
13 35 0.4615275197530512
14 79 0.4987376042314823
14 60 0.9135234684140774
14 37 0.30676928357272404
14 43 0.793320179940607
14 58 0.06945965363821271
14 52 0.10719827623567801
14 57 0.6012725467714922
15 63 0.9047356831607061
15 37 0.2396861345817598
16 65 0.7412892167555617
16 27 0.5308293318162632
16 18 0.361614680655597
17 72 0.922014467752522
17 62 0.9952234055038658
18 50 0.31622715945390467
20 21 0.6027193642762755
20 53 0.09723726676240463
21 34 0.9377499951543546
21 79 0.41828544201123763
22 53 0.49515282842248687
22 70 0.09796837173410167
23 74 0.8042969164308422
23 44 0.7628603523521129
24 38 0.8755425845935717
24 53 0.37815399674578065
24 63 0.9376839646352517
25 70 0.7778324053961325
25 48 0.47869536021952375
25 41 0.11961405805858394
26 48 0.8528797721804267
26 54 0.5967335960359198
26 77 0.6854920610081165
26 73 0.11343872095984364
27 48 0.25038920003289844
27 75 0.9842846320472148
27 34 0.09597840953117853
27 68 0.9228611787079073
28 67 0.2823032518165981
28 58 0.36135392023422774
28 66 0.8421350204783333
28 57 0.2919782833287893
28 72 0.42902870440920415
29 34 0.2874397461762018
29 70 0.1304897044908373
29 44 0.16892933670328936
29 64 0.8880190137167296
29 51 0.18452347804322278
30 68 0.051551528068733754
30 77 0.888950345092947
30 75 0.15052077871168978
31 51 0.13053969468775561
31 34 0.2306316977793187
32 67 0.9916711384458282
32 65 0.4965262248605734
32 72 0.5951011337517733
32 47 0.24545706409656698
34 58 0.18698221430661488
34 42 0.770590264811894
36 75 0.7647904455493699
36 51 0.4961057196138725
37 58 0.1616131508138663
37 64 0.20350247326180781
37 46 0.2832786430791411
38 39 0.6520209153023959
41 63 0.2877363549111468
41 54 0.21224105603078236
41 78 0.09503323058551372
42 64 0.6973654733730892
42 78 0.7391788147849632
43 49 0.08649826368766111
43 54 0.74672012268903
44 65 0.8489941272575547
44 53 0.7693599443590674
44 70 0.8802818638913528
45 73 0.5393730289976126
45 62 0.24307073148404024
46 70 0.7196906468194901
46 72 0.8368621262357449
47 62 0.427250092478232
50 75 0.8243721896807619
50 66 0.41135480708914884
50 74 0.6886411572830644
50 73 0.7325086238565753
52 64 0.7483942601249284
53 71 0.11284891284216592
54 64 0.03104086524066696
54 69 0.6534394495643279
55 77 0.5921934265490334
55 75 0.42721360478631965
56 63 0.2531685807049793
56 65 0.3881531221596818
57 60 0.0872331696287918
57 64 0.16391667771833351
58 76 0.872129152411695
58 72 0.11319471132849279
62 68 0.2225118918163278
63 64 0.11958607548763656
64 76 0.6133184940221896
66 71 0.7208935886322457
68 72 0.1093189721755683
69 70 0.6899564296778451
69 79 0.9300536778810146
70 77 0.004711943652693562
70 74 0.7093000154801602
70 73 0.9825723656506872
75 78 0.7415845394604611
