160 320 num_nodes_edgedegree2 160
0 114 0.23100219428914393
0 137 0.940877393472162
0 31 0.2078978570793344
0 71 0.17759258605079176
1 98 0.493110582985692
1 45 0.15176517406275059
1 48 0.17818948307495708
2 138 0.7633761192339654
2 33 0.3333513657701973
2 6 0.9691299718280655
2 74 0.9750950643111568
2 116 0.8995511953146411
3 51 0.9241227292662614
3 71 0.10258115035879323
3 157 0.14110278847535496
3 23 0.5827478649433817
3 139 0.8276503728911089
4 115 0.25060273245749376
4 57 0.3080271770286368
4 127 0.6770228397050073
4 40 0.9557411710406258
4 15 0.817955073309614
5 6 0.06686237499439474
5 74 0.8340329480375304
5 110 0.2087813586505317
5 56 0.5101983663431441
5 19 0.15904584675676303
5 148 0.6922188174805568
6 79 0.2443377425373755
6 124 0.11479535601361524
6 27 0.3749050907262489
7 99 0.6620639407619908
7 81 0.2935864377304379
7 108 0.8615475161083538
7 120 0.14303406636686367
7 58 0.3716074374507101
7 134 0.16162643836646462
7 155 0.1658996442511128
8 122 0.4886840991202698
8 65 0.4512493083711949
8 139 0.9141651348524253
9 41 0.16132593538396944
9 143 0.9821783258949895
9 130 0.9736620903363814
10 16 0.865211445146166
10 104 0.3507223482677836
10 48 0.41994502931767363
10 81 0.8511350454066715
10 78 0.09170413070902605
10 139 0.5581980106829086
11 78 0.12353008197759652
11 75 0.32042651840642045
12 78 0.12300586481238907
12 40 0.007966174668090686
12 18 0.8703135463159465
13 145 0.5602092422751977
14 123 0.38691125193660003
15 76 0.31590072926648705
16 65 0.09027905389299529
16 102 0.3004152623500659
16 81 0.0918475690680679
16 114 0.24041792190947797
17 74 0.8622550827492116
18 21 0.11534948052019645
18 19 0.7327544458813
18 97 0.21700363136718837
18 68 0.6166007887349554
18 141 0.41132576606985627
19 96 0.22614813575092474
19 83 0.11921221416134575
19 128 0.028350300589240707
20 68 0.92432579876222
20 92 0.8063058101048688
20 113 0.2614331030997431
21 34 0.4488946973520751
21 152 0.0505289632863678
21 68 0.6759043764518772
22 95 0.9115984835600545
22 71 0.5383391677210138
22 156 0.3667102799499684
23 141 0.9312006885715375
23 114 0.2895490228221813
23 62 0.8684020085771482
23 134 0.5282185641418086
24 124 0.4671091828759303
24 97 0.948794077250657
25 47 0.02307756362876301
25 88 0.0790547514858333
25 53 0.7926766691509121
25 85 0.9974562624865214
25 128 0.19706254709188709
25 65 0.49784438392666
26 151 0.24667966581776457
26 99 0.6995566404140208
26 82 0.4975803124367376
26 40 0.5843075391800664
27 41 0.5203237726967046
27 66 0.4715493957017487
27 70 0.8057662375451191
27 78 0.2885955591634338
28 159 0.8951292084258322
28 64 0.44056179555747466
28 126 0.9365309861782579
29 121 0.4749206051663618
29 74 0.9516881058456391
29 87 0.7685950234166478
29 117 0.7174987582120879
29 105 0.037365818597205
29 115 0.7828498083650381
30 126 0.21943780078526487
30 75 0.6792251718691871
30 54 0.47061406842011644
30 145 0.7752653809073057
31 155 0.5046556299598444
31 53 0.03001452335633914
32 54 0.8138456200559281
32 37 0.6174448908813113
32 75 0.3526255509215124
32 35 0.36760080040498033
32 112 0.9163703389561051
33 131 0.8568413711488763
34 145 0.43684588338115327
34 144 0.5417261901777861
34 125 0.9588870759401044
34 75 0.7057393146262685
35 151 0.5757560283256073
35 157 0.32020601643955116
36 81 0.4138617692671942
36 52 0.2066319655681258
37 101 0.8514035729314645
37 72 0.06479721936539784
38 45 0.3024191935700503
39 120 0.23370247292044866
39 64 0.204187969013784
40 42 0.10281764224607359
40 106 0.24456935321424356
40 130 0.7294295556950597
41 107 0.28965389753126214
42 43 0.6400280662193137
42 61 0.9380284056155099
42 118 0.5342623610045312
42 131 0.9655884985470888
42 83 0.8330355104162278
43 69 0.9713770306205317
43 159 0.47112760100441253
43 66 0.2631013839106833
43 114 0.038945692701392254
44 106 0.7798490069407746
44 130 0.45426952358393213
44 102 0.3922033010869238
44 52 0.6674417514961124
45 140 0.5295291235081151
45 76 0.26680729214269516
45 96 0.372421555932157
46 149 0.8846830307629003
46 138 0.6486063885415323
47 88 0.1637395990356274
47 83 0.5476476612196346
48 77 0.915963009162344
48 107 0.6380413336710135
49 126 0.8625053453993817
50 63 0.4469417520701565
51 141 0.3046606137115325
51 96 0.16068495854863052
51 83 0.5432784969180883
51 138 0.20225740660835512
52 109 0.3573031427258687
52 146 0.4346226803201936
52 141 0.10555206039182019
52 79 0.16167633970554096
52 72 0.843106961539338
52 142 0.4114023671259387
53 97 0.25831391336929277
53 155 0.7515265716166947
53 78 0.2729057521821395
54 68 0.8847651826223919
54 137 0.31010347919899495
55 97 0.6248474224638332
55 151 0.26327713029860667
55 158 0.39884396583052273
55 109 0.9638039017947637
56 135 0.7107496934894172
56 117 0.28421624379482235
56 132 0.9521207866394614
56 70 0.43683643885424084
57 115 0.6349836579590579
57 144 0.7927987683959269
57 61 0.21001729934713587
57 122 0.5710643797980591
58 68 0.21515349513748383
58 128 0.7810699407759165
58 99 0.20986811721630516
59 141 0.47722966050816784
59 88 0.3601524229987776
59 103 0.5492724201874367
59 124 0.1796100865630874
60 136 0.5964129559476595
60 154 0.7884136069600589
61 150 0.8033523607317441
61 97 0.6657944852094958
62 103 0.34154800328437884
62 77 0.47960958888917504
62 102 0.6210470104057371
62 66 0.9627397235656734
63 68 0.372842618308901
63 64 0.1376353743175628
63 71 0.5857340325279082
64 130 0.8828566048303005
64 144 0.6220756012528915
64 140 0.24338898895705863
64 138 0.9918110575770378
64 149 0.10417237611710561
65 135 0.595206674968721
65 94 0.3482107612737376
66 91 0.30117350277394894
66 70 0.6661027380916007
68 117 0.7393259492385927
68 85 0.1756968582077013
69 79 0.2555888701745441
72 150 0.07399399909850224
72 102 0.4994381237737504
75 116 0.797117216363343
75 129 0.07514760504809392
75 93 0.28390947010251455
75 138 0.3415860157773284
75 152 0.13598929320177233
76 79 0.23807849860203845
78 89 0.7919660495078419
79 111 0.3540621115878907
80 122 0.6282392729441159
80 100 0.49158816333643307
80 159 0.09568828517167749
80 126 0.3459434266643159
81 115 0.862431807431476
81 148 0.7339558311603174
81 135 0.5362860834552146
82 127 0.9125753337975968
82 109 0.2899189964334332
82 135 0.7442305701738288
83 156 0.12880869906127224
84 156 0.8545758262496479
85 128 0.12055845631124518
86 109 0.24172066542460402
86 87 0.6308843395769227
86 147 0.8350684364438127
86 101 0.7373913425479628
86 105 0.01886096636938428
86 146 0.06567070024419908
87 98 0.15780254915268943
88 131 0.3551438939920196
88 106 0.848343855419168
88 140 0.3582700206781184
89 98 0.7662510473515727
90 147 0.669316093393729
90 148 0.5060767857730206
91 124 0.12214452748623772
91 126 0.5681538970396756
91 139 0.43782127348861954
91 128 0.9708120868622564
93 140 0.9760799563075713
93 145 0.36004129846589417
94 125 0.823135383903982
94 130 0.017520446498322184
95 141 0.9259115965764798
95 146 0.7717001025954312
96 111 0.5021212305801108
96 143 0.8067332881216651
96 97 0.851954868003086
98 146 0.6034090129846292
100 150 0.22129079045036448
100 133 0.2227248294497619
100 148 0.2461408325794905
100 126 0.09755619240962388
101 147 0.1077499548140528
101 144 0.5121653869916664
101 110 0.29846143931048374
102 138 0.22435641552246732
104 136 0.06832574511290146
105 129 0.11486542032889246
106 142 0.23847939877300328
106 146 0.7305458309663434
107 125 0.5107297978733222
108 129 0.9415587025737785
109 139 0.7435913657382083
110 155 0.0931574061010444
110 151 0.5186864558052693
110 137 0.8629776778953153
110 140 0.8229095277309554
110 153 0.5083868831194625
112 126 0.7050836378944334
112 130 0.34509541510364705
112 137 0.9097517486190484
112 128 0.8866579914921872
112 135 0.49553786627424723
113 115 0.45951208067858385
114 129 0.7986026848341535
115 120 0.8324101285160729
116 153 0.13375682544187917
117 153 0.7757137372740752
117 145 0.9465229687861304
120 138 0.032265955407734026
124 136 0.9326766565527409
124 159 0.8555295867605808
127 129 0.7479651167938834
129 153 0.01528993165809489
130 153 0.41131718688861174
131 154 0.4806348727256342
131 146 0.5009795744813202
132 143 0.8590462202402616
136 144 0.19709043382617075
138 140 0.1093941704228808
138 159 0.004984536160494324
139 156 0.3390910963502807
140 155 0.9602091212083363
140 146 0.20109975719529294
141 148 0.5075751871395681
143 156 0.5982654739618807
148 152 0.9579939625871534
150 157 0.3809226621160975
151 157 0.7114173208975653
