280 560 num_nodes_edgedegree2 280
0 275 0.5523899062472412
0 165 0.10971861440358988
1 228 0.08859627750692689
1 104 0.24390396737333753
1 269 0.2505174932610411
1 45 0.07853763545178294
2 137 0.6169280300871087
2 193 0.07110892694999671
2 245 0.1765455755078562
2 153 0.4659558076073905
2 46 0.8228145943027476
3 90 0.5195691302426887
3 97 0.4857012371536934
4 195 0.9724507390290078
4 66 0.13006495998649092
4 256 0.09732648708589509
4 272 0.572764068916315
4 129 0.25863778134979165
4 177 0.657294912341342
5 13 0.7048758833374309
5 11 0.6121103913763323
5 202 0.1946352121948539
5 37 0.9170785745595201
6 116 0.06550666514296344
6 151 0.20601379777568274
6 279 0.021115516433463655
7 143 0.777768647145434
7 46 0.6924529156674435
7 23 0.1487104596527702
7 198 0.8284852222921009
7 155 0.26630296592393154
8 231 0.0975259550215386
8 255 0.3324098316271681
9 115 0.30138085139137505
9 144 0.08152772263913832
9 31 0.5805588395746372
9 46 0.9029331606986759
9 75 0.1947428066876158
10 221 0.7824134449585599
10 112 0.3206770549148378
10 224 0.26823830546817373
10 208 0.463490033757479
10 226 0.7314442385952491
11 15 0.6746563042626829
11 148 0.5636647395314607
11 28 0.5991864547573005
11 188 0.984146950328377
12 58 0.15477648639774644
12 213 0.5127003218360942
12 60 0.17045968965850256
12 268 0.23794340090795418
13 277 0.9388258173439757
13 52 0.6915697578279313
14 249 0.059048946348395415
14 270 0.594382605808056
14 234 0.7517521386408119
14 97 0.14672612086395698
14 85 0.15140636030727184
15 240 0.8379633110969362
15 268 0.4080719082142672
15 124 0.9795666316009648
15 206 0.3191025520670544
15 77 0.2459553950975264
15 149 0.608229881922613
16 130 0.397714262753764
16 279 0.3007056407460085
16 272 0.9767125389446166
17 201 0.312312600906535
17 110 0.8508324938023444
17 196 0.7571445637554233
18 82 0.27248612228260516
18 274 0.8701180847618155
18 217 0.15009220222725828
19 111 0.5478354226194846
19 260 0.05642035791925393
20 43 0.022698148241267257
20 164 0.013606215706392422
20 96 0.03325776106770584
20 162 0.09453970098892905
20 268 0.08094226511910196
20 64 0.2746030556499529
20 217 0.4129403330356163
21 157 0.9209258783675643
21 66 0.7942785612295075
22 157 0.23514598767922268
22 219 0.6742383195706844
22 33 0.3080488826507446
23 55 0.27071979105837796
23 138 0.7866955747205951
23 95 0.8128813126655846
24 108 0.13403177828210444
24 80 0.2114125240581426
24 36 0.9468744743086142
24 268 0.6270116767383476
24 52 0.1613916497641753
24 109 0.5251702871308743
25 261 0.3189697078936148
25 210 0.0034361574738611678
25 88 0.03233417318934628
26 253 0.9384587325488756
26 218 0.908881334952086
27 46 0.11417538407003214
28 246 0.37740347300823174
28 68 0.6106348083928634
28 136 0.6303103515493927
29 194 0.07798975833830801
29 133 0.9699944085975926
29 208 0.27747841839977316
29 76 0.6389629820798826
30 218 0.6525861752973272
30 125 0.540579786883785
30 104 0.014293539819742018
31 268 0.8538846379378625
31 180 0.07592477463737612
32 68 0.9143458277164531
32 228 0.31639810774833776
32 46 0.6769562301423662
33 120 0.5414798108443796
34 252 0.8945818476065264
34 181 0.029349023305912603
34 156 0.8979172306089477
34 269 0.5092183575015186
35 85 0.6097376904633758
35 216 0.7996401207981221
35 137 0.2366435886789967
35 217 0.5176242245493438
35 231 0.7238342617549606
36 42 0.3225580982644235
36 156 0.7358254175460546
36 38 0.08463516475801514
37 208 0.5243435008546622
37 137 0.2110766522157964
37 97 0.12570541135432056
37 136 0.2154388838992859
37 40 0.7417203710215872
37 131 0.7273945356808034
38 256 0.27293858618286726
38 267 0.7152032048710968
39 158 0.1950765194937848
39 114 0.8041990010918567
39 260 0.6599870750940127
39 249 0.6587179650096553
40 109 0.7406096840179206
40 236 0.06933044464575
40 194 0.11470914615431049
41 136 0.3667134072503011
41 143 0.18550204522227864
41 227 0.7457638039839615
42 71 0.8137608407601105
43 237 0.08303814163953194
43 154 0.6087037900633014
44 191 0.14691522052316353
44 199 0.9637763963538081
45 229 0.9003195273750081
45 88 0.004645170142357324
45 275 0.23156369160837031
46 92 0.39568856403458563
46 173 0.37083997940128755
46 130 0.8535168428938165
46 221 0.014317542442750186
46 138 0.5293340257613202
47 125 0.20179245866523632
47 82 0.08576467062735371
48 107 0.042234603889328315
48 88 0.4182227943603497
48 217 0.1605408358910141
49 194 0.5089106914608488
49 77 0.007318123660315923
49 209 0.36930503373040857
50 177 0.0985772372227306
50 261 0.9116187991478387
50 160 0.15860901938228233
50 279 0.17326874402859382
50 245 0.9216143228885927
51 213 0.8403356537037997
51 106 0.9027868245490578
51 278 0.14426618989486284
51 78 0.7235676974367036
51 136 0.07925579021239804
51 252 0.3434017993185582
51 153 0.44792152328282364
52 162 0.10949071080747597
52 222 0.71733742004534
52 248 0.7803815901241842
53 199 0.14476895021712155
53 69 0.051759923202736924
53 66 0.5862624318219459
54 263 0.35762894290851077
54 116 0.8757446278527236
54 136 0.24173815000627175
54 76 0.012968582415986862
55 83 0.4833021611981879
55 129 0.23914922454299303
55 145 0.5774522125373968
56 94 0.3903996166471717
56 254 0.484935908082047
57 128 0.5514144789991523
57 252 0.7418837306950932
57 94 0.1839598779619218
58 149 0.55909853704098
58 193 0.6398689096334446
58 273 0.08319963966733335
58 211 0.0016711913838625136
59 82 0.5813163466522805
59 105 0.8493763870665602
59 155 0.7179173349328682
59 233 0.11873074554677887
59 245 0.8274978118102763
59 115 0.5478825290713388
60 130 0.7003926650284314
60 151 0.9308976452073033
60 140 0.3455854912848084
60 214 0.7181095228514873
60 168 0.7591344035062768
61 170 0.6420245433406869
61 220 0.6863289390545335
61 276 0.5585512459934857
62 106 0.9452131134396523
62 269 0.6669132937984631
63 263 0.8814616166839042
63 226 0.5486056048481776
63 229 0.17951573282752642
64 152 0.27888267587500604
64 174 0.31422104389592065
64 150 0.16139242560702904
64 70 0.5171487885818394
64 224 0.8624022187738699
64 176 0.40081259080663056
65 226 0.5022492975380236
65 188 0.1009589083413428
65 71 0.494526230557886
66 265 0.0629757379741207
66 130 0.34225222763756424
66 255 0.5190931752392437
66 160 0.2576138244491022
66 105 0.7604578543213704
66 75 0.38676724490565084
67 154 0.15953881392536318
68 86 0.08571521926918468
68 113 0.49733836096158335
69 167 0.5847569725331146
69 151 0.3436827945852865
69 270 0.5565011830208066
70 181 0.4638395372862819
70 83 0.7222997068941815
70 225 0.21605871514094188
71 83 0.22508610146479502
72 76 0.6705784311010486
72 105 0.10767974710974437
74 203 0.6589996610288263
74 277 0.5926926159288077
74 212 0.7876590593508789
75 194 0.464127583420065
75 277 0.02752955738177698
75 134 0.572880755031111
75 128 0.5948948126562406
76 162 0.33206955024059526
76 117 0.3368107875391042
76 211 0.501845534768701
77 155 0.5785718132826725
79 128 0.9130253080075568
79 203 0.26700212087299946
79 129 0.46047861646610744
80 102 0.8790618556424856
81 130 0.3815621865093416
81 152 0.05368711158499129
81 123 0.12078883362768467
81 261 0.8771999263934634
81 204 0.7356958725630771
84 190 0.9516799747140362
84 278 0.9505927710370405
84 166 0.10588691523786375
84 259 0.38487628406746965
84 227 0.1633237612142051
85 275 0.9564043219813887
85 230 0.8048937934682671
85 266 0.9122513370889466
86 257 0.3776281560428686
86 270 0.2067820283274575
86 228 0.8638435154780191
86 248 0.37889816859445524
86 152 0.5629660050522975
86 118 0.5381432017064333
87 201 0.3555092720243672
87 235 0.6752018055431513
87 173 0.20798911953002508
87 156 0.9621119874629303
88 187 0.2148477927180532
88 91 0.19130721617084367
88 145 0.9239545506777078
88 204 0.9734695205010129
88 111 0.7974126517717085
88 133 0.29902138483054297
89 179 0.6154492535215592
90 117 0.3312590653141142
90 193 0.9067458600895064
90 128 0.1706010456806244
90 92 0.28823520638323474
91 153 0.7558663670387066
91 138 0.7470233395255002
91 245 0.08251402806788988
93 132 0.5553339340623769
95 151 0.8570045458336888
95 167 0.836474855164607
95 204 0.9985032368026265
96 132 0.473863882891972
96 246 0.12797311649195342
97 259 0.8315402096862298
97 270 0.9475110738505159
98 142 0.023628248094168858
99 252 0.4570965543768978
99 131 0.8729492695594226
100 147 0.5898068472355433
101 157 0.7491883222684075
101 236 0.33347391160995454
101 184 0.7750922760048666
102 276 0.8899270642844902
102 186 0.6232582583722532
102 193 0.5179361951552576
102 139 0.6590678111507432
102 274 0.12498163064974355
102 112 0.1599710221009807
102 257 0.6750577743849749
103 208 0.5337296903791682
103 197 0.004562773028721101
104 159 0.0478855342580089
104 196 0.04953335284882909
104 133 0.05407200447316085
105 218 0.8617916170228412
105 221 0.16490278734829522
105 161 0.9786306804924838
105 133 0.7638510806493963
105 169 0.7989236321979433
106 277 0.3733980754350237
106 155 0.895305487206479
106 270 0.09116608888385469
107 261 0.9044371604990381
108 249 0.4965728039007158
108 231 0.48767981830262475
109 136 0.7292246626578174
109 137 0.002727981184381334
109 172 0.9539469941230369
109 255 0.9982991264373313
109 161 0.5501503841103536
110 216 0.349219152650187
110 277 0.7561577544808962
110 251 0.9350686761189657
111 218 0.9732194329068458
111 273 0.5633601791042923
112 235 0.4321941231210672
112 264 0.2492696386254163
112 140 0.2512073331406567
113 224 0.664489757748543
113 168 0.5769922884086159
113 204 0.2748668926584601
114 230 0.6938989491629555
115 122 0.029345211338849597
115 245 0.5076844410874055
115 131 0.8922323019236924
116 199 0.23835562490775475
117 136 0.006445365423015881
117 260 0.8599060949242298
118 176 0.23614843447317435
118 207 0.27271286099203873
118 200 0.2008283025447254
119 253 0.6730583123597976
119 248 0.9606265355864204
120 250 0.31112907248942556
120 145 0.4551263939611442
120 252 0.32390391250612127
121 170 0.6367817951321887
122 215 0.5004316230235523
123 195 0.3416115590119779
123 205 0.3733089244030833
123 173 0.7168903311930755
124 245 0.2503741214237474
124 205 0.4615158224175465
124 133 0.336877675286988
125 171 0.4928350109547196
125 132 0.917263684654043
125 257 0.06601430959068333
125 173 0.9079190530212355
126 184 0.4117812583695768
126 129 0.617738926502407
126 148 0.19568975431229596
126 210 0.5490327595266323
127 137 0.06662861358737115
127 142 0.46327622027354876
128 220 0.9565211005118163
128 159 0.031874289213266516
128 166 0.7316318172376436
128 251 0.019227765173791322
129 213 0.20592773601647618
129 150 0.9437299615928691
130 188 0.31940448461153825
131 213 0.1620255609645217
132 248 0.32212879861732047
132 141 0.5277842240732719
132 236 0.4076097346908839
132 247 0.7052089001073495
132 169 0.6559583965985738
132 263 0.7555658760937056
133 194 0.21805893093041173
135 178 0.08835031955267858
135 142 0.8220789410781985
136 251 0.6404837877042714
137 168 0.7209132082191697
137 196 0.042984226001298365
138 182 0.3870122240554492
138 140 0.24807552194563587
138 143 0.8858752162084742
139 150 0.08156845037952343
139 180 0.4070159699221637
139 237 0.5564978676486485
140 221 0.32087126567610547
141 234 0.002904683247751061
141 205 0.7842698694696644
142 261 0.314223011334127
143 245 0.7229275508235216
144 269 0.6804878739304999
144 205 0.7714507184087872
145 155 0.7917300267423798
145 249 0.3034909118982352
147 211 0.4790533196782225
147 215 0.36020096779571
147 274 0.790796612764584
148 176 0.9969396483201022
148 183 0.22625138479833418
150 260 0.9154590223155261
151 258 0.20282504915522603
151 186 0.5196578456615488
151 163 0.9687555205676461
152 153 0.4682726124051759
152 163 0.06061281425131837
153 273 0.6094153918275317
154 262 0.6765621691394413
155 162 0.6822242890232388
156 163 0.9487153160119717
156 276 0.2040533825298252
156 245 0.4695025596076513
157 206 0.5892804072836546
157 231 0.6091936884533302
157 216 0.04851161437466478
158 184 0.7574031798928366
159 197 0.33111931524836913
159 191 0.356404329737934
160 204 0.2083636839762213
160 253 0.17791665816615887
160 213 0.2205475619844106
161 244 0.2714897132074675
161 278 0.46895628595107985
162 233 0.19178159627864844
162 270 0.7935313629628824
162 221 0.12155282064484707
163 196 0.06776722900103349
164 232 0.5639484285505001
164 202 0.7057536860035829
164 203 0.7936828144239418
166 205 0.6928984455833228
166 266 0.23469738472176216
166 167 0.1703078786847847
166 258 0.13590006143358935
167 256 0.9676741962733796
169 276 0.4706830486258513
170 259 0.6272485635203413
171 248 0.3764477249290501
172 211 0.4972981469558104
172 207 0.6887614171264497
172 198 0.4320186909212148
173 219 0.505501004093822
173 174 0.564690484490566
173 204 0.06715791207653543
173 260 0.46430804768769796
174 237 0.029885351403130644
175 215 0.1854564499238347
175 226 0.048244890717279
176 263 0.07585316972144773
176 273 0.6064518431725541
177 212 0.29187464732652213
177 216 0.5439912791112254
178 201 0.8884014754686118
179 230 0.41385912933438507
180 235 0.2287713755410692
180 234 0.6768424421676862
181 247 0.959716180441415
182 248 0.6254068959751138
182 240 0.6620609392580576
182 279 0.45583530513503445
182 270 0.3233610345643083
185 189 0.48028730622672866
186 232 0.2969965308997632
187 278 0.05754605726213291
188 261 0.5901415770994196
188 239 0.7383334692534149
188 215 0.9247741785146255
188 240 0.04150850452271715
189 250 0.04438448530300443
189 256 0.7137691488155866
189 199 0.502722600418406
190 246 0.6760712348851775
193 277 0.18836222426249594
193 195 0.05095565923869694
193 230 0.5782077350597498
194 241 0.9152021694379938
194 263 0.7237009265762697
196 262 0.22048569967794973
196 263 0.15713695406581762
199 221 0.4820294536025219
199 218 0.28555190415924037
199 236 0.04882946283196299
199 229 0.22597909668548533
200 230 0.1721796375900263
200 246 0.2750887289835655
201 266 0.2664268571030102
201 254 0.662588551851202
202 228 0.2069520122973446
203 205 0.6704336725403065
203 221 0.7560263470356253
205 217 0.8364604648591643
206 212 0.29240034924692304
206 261 0.6539198079521136
209 273 0.2100325826171593
209 264 0.45927228890288296
209 265 0.6509273310478172
210 278 0.6137819939091635
210 277 0.9711496530555136
211 258 0.5446928322240021
211 275 0.8217432747406501
215 251 0.8015480499933331
216 256 0.42182773839491383
217 231 0.3356189187187377
218 278 0.5531389939235426
219 267 0.40911044031909827
221 275 0.7886669023338174
221 261 0.967538269736732
223 257 0.8481935501185212
224 260 0.6717795820084671
224 277 0.13999130462176845
224 256 0.9768075471114733
225 276 0.7510357613240418
227 259 0.0057750578785307205
228 259 0.6756903257766212
229 268 0.5848059876765745
230 253 0.317306364282154
230 271 0.25235522628458384
230 273 0.7499462604187312
232 275 0.5863157870432716
235 269 0.7506317492453172
239 261 0.23943264556595456
240 252 0.5623400149906336
240 262 0.36233547699453117
242 254 0.27712590941542414
245 252 0.40467512395876803
248 272 0.7660232278674383
252 278 0.7179515016343109
253 270 0.5753967145487728
255 258 0.4355737343935201
259 272 0.5931943007102178
260 272 0.9203008039074351
266 274 0.3938574265779482
