560 1120 num_nodes_edgedegree2 560
0 331 0.49566833079477546
0 43 0.686030464003825
1 551 0.16877972996308888
1 314 0.3878045421334424
2 456 0.5626841182144742
3 208 0.15153256838741724
3 538 0.9266943237168367
3 91 0.6435462030302493
3 123 0.7466594758286011
3 557 0.28394635636084264
3 223 0.9089527041262475
4 387 0.5897332363463008
4 92 0.13149040964339065
4 335 0.8218944198018028
5 275 0.03889642426608009
5 491 0.00874206548622547
5 306 0.7758611106398682
5 400 0.6209428925304904
6 194 0.6323367096541505
6 297 0.8377315890946647
6 348 0.9411915150120697
7 181 0.18023805629526057
8 133 0.7504144589030808
8 513 0.3177523348134873
8 544 0.47674910647621804
8 355 0.17096491107763656
8 280 0.2835817726641212
8 302 0.6047412361234422
8 364 0.8216077486875423
8 239 0.8325212045255513
9 390 0.5173445631284906
9 258 0.2789515871266792
9 550 0.023115296119884388
9 225 0.3413876018241063
9 235 0.8322154277287365
9 56 0.9501498433771108
9 19 0.09741185590830648
10 27 0.620732183289209
10 22 0.790699907122809
10 75 0.07060478493598754
11 405 0.14041549081995375
11 439 0.7685830895433837
12 232 0.8485982366252153
12 302 0.8820569642116535
12 153 0.14416818121282426
12 244 0.34491094175105275
12 425 0.4762245247918614
13 558 0.7307385488999785
13 152 0.8103897454346557
13 407 0.9939689309913448
14 287 0.6469712091380967
14 93 0.4618791183081261
14 310 0.255511747116562
14 103 0.8709937249608233
14 500 0.3472581934106327
14 396 0.9055661469132943
15 47 0.6378419721821847
15 396 0.942054277501809
15 46 0.9109190122127185
15 387 0.4457143251474601
16 191 0.9010127817436697
16 122 0.9795578716712993
17 463 0.6059757268952368
17 511 0.6237791495255561
17 488 0.1647924449716558
17 523 0.054646657292937495
18 230 0.7891544885511863
18 288 0.5995539511831753
18 92 0.2565722098063776
18 151 0.11840610168953303
18 168 0.503857235968532
19 63 0.10496784472124765
19 260 0.9570481728014107
19 330 0.26881845073179245
20 225 0.5110963810495837
20 453 0.879588133994094
20 312 0.5636086659114677
20 256 0.710217337708411
21 442 0.11857083793991419
21 449 0.6979357178173217
21 416 0.4469961047323934
21 319 0.9035935635240234
21 499 0.06407465021195347
21 67 0.28678230929502235
21 167 0.002034655647241812
22 31 0.9618522823914469
22 296 0.7415373569678517
22 376 0.201757597107872
22 124 0.23244245464724544
22 525 0.757065025568982
22 474 0.6830213605942126
23 56 0.8464311014267977
23 124 0.8913477893664262
23 372 0.3563730086602106
24 116 0.14543571229473806
24 426 0.9837933956690058
24 120 0.2992609904226432
25 537 0.3322134671017216
26 554 0.6453847489894996
26 105 0.2945292158119204
26 111 0.21645549622551652
27 187 0.9660973480173658
28 469 0.25995112997696035
28 194 0.2807421249801585
28 62 0.9709678033322526
29 499 0.012880572618427455
29 540 0.6332962356960102
29 171 0.6884319866027728
29 323 0.09997921411532895
30 480 0.9750892096022652
30 298 0.1667036670412687
30 415 0.937592045851081
31 536 0.2600906493002182
31 248 0.7443964682686357
31 412 0.42427600253453723
31 155 0.057272539351509666
31 80 0.25217700467938575
31 315 0.30526378568546353
31 442 0.7694942672552278
31 379 0.2942020539439316
32 558 0.9234367860869602
33 261 0.968729205384368
33 544 0.1790698914762554
33 168 0.2612274335466902
33 254 0.40123760314611057
33 277 0.252412274120553
35 402 0.5609163856537281
35 221 0.45152548918174484
35 393 0.7952826557772146
35 377 0.7478983142265269
35 177 0.3719688977053096
35 550 0.47805743583237725
35 547 0.1779045267126197
36 164 0.2729418101226596
36 549 0.3225254081428165
36 452 0.7364079462229297
36 339 0.06353441266009252
37 434 0.8985195855349924
37 542 0.6696753831394309
37 491 0.8726609281683763
37 198 0.9290212523784143
38 222 0.7855576657545241
38 521 0.2759741707514465
38 482 0.12445454825616997
38 171 0.09903351940692973
38 377 0.8062212982140345
38 372 0.6366378303013346
38 248 0.3682148347468662
39 72 0.4136927978780086
40 328 0.007855935588122698
40 192 0.9559893620778827
40 325 0.11025939635565318
40 259 0.8437236619178042
41 86 0.9594609971592337
41 536 0.7515253310901576
41 129 0.6735302445935007
41 435 0.945753016423602
41 321 0.08120529380244901
41 241 0.8602916210445639
41 538 0.24330996669382188
42 314 0.08327601422898634
42 355 0.6586742049106034
43 132 0.5481499674004134
43 432 0.7481343505844356
43 246 0.7349492010685447
44 315 0.48522907005993066
44 66 0.25214096701967326
44 480 0.6057469647409218
44 293 0.8086786077139021
45 438 0.7113587995926359
45 464 0.3649235813232683
45 181 0.2028175909859068
46 110 0.17546346532575685
46 277 0.28856492954178437
46 191 0.06025285824461224
46 530 0.3135556500922271
46 372 0.846367892158847
47 196 0.9651575571009081
48 217 0.9473534451314783
48 105 0.6007930632625251
48 219 0.5004229140781506
48 491 0.3367775832012654
49 161 0.5668295068531104
49 73 0.15090239066591282
49 536 0.11612000677681955
49 121 0.8738440428936207
49 69 0.30902473115348006
49 297 0.031345801766942905
50 523 0.0010637876336264673
50 370 0.45317924241974994
50 481 0.7489883222123178
50 316 0.4330244125786278
50 237 0.7845061852049195
50 188 0.9144245241837058
51 420 0.07006059819165633
51 176 0.4461625687039741
52 437 0.5916152808658728
52 377 0.1409533854621995
53 506 0.29991558427949927
53 323 0.043409407924681176
53 469 0.024128544246946326
53 375 0.2628068841107092
53 435 0.435584982781858
54 93 0.5329141853161867
54 101 0.9416495537778208
55 136 0.5450095893355232
55 113 0.3961596414964327
55 313 0.41072497512924
55 104 0.5993679119276859
55 118 0.5559432427592546
55 211 0.37804694999013133
55 479 0.9781466053173689
56 201 0.11807521146130129
57 492 0.6918414217290235
57 137 0.20976660246593926
57 273 0.5118840906286951
57 259 0.6913690242345074
57 349 0.18605048231182852
58 388 0.226410816142548
58 156 0.6406533804684564
58 207 0.7819499453635341
59 267 0.5940773364974196
59 417 0.6500955059305141
59 153 0.6744683153466476
59 261 0.9395172416472082
59 352 0.30498905370426055
60 436 0.6768542862976803
60 208 0.6325083426574168
60 100 0.7606873312203101
60 454 0.42855166562202496
61 251 0.6889948876105486
61 400 0.5075100283860474
62 537 0.8696082873096277
62 361 0.3158547649227331
63 433 0.7895318469104803
63 215 0.39812447959450004
64 137 0.8787293361196603
64 65 0.46241316656807396
64 252 0.7870027903025812
64 453 0.38133448391518776
64 268 0.5917564726987196
65 457 0.9669863063974421
65 93 0.9287573673418994
66 240 0.2163440606625655
66 349 0.15953577209258207
66 513 0.5509763319868508
66 235 0.27876659965534045
67 284 0.017726241034021206
67 131 0.7340381609623016
68 363 0.7897064279303974
68 539 0.3138466790077218
69 504 0.3901872204413792
69 312 0.6984567815059839
69 523 0.9454210877978853
70 275 0.7636101446693204
70 462 0.12649458683131354
70 382 0.21649304221133692
70 323 0.6388385234589079
71 171 0.5141037750434609
71 432 0.9562624343951609
71 434 0.7126668900170728
72 85 0.22136772419481687
72 313 0.3983029887469146
72 76 0.3034764964533584
72 550 0.46558062542898215
73 425 0.3178486280948597
74 416 0.2334666690996703
74 274 0.3774357295359392
74 194 0.4249952268022209
74 273 0.4808326582450553
74 80 0.04332273645601992
74 262 0.3869317006696641
74 447 0.8327068078740141
75 247 0.7337597935883601
75 379 0.7770574593706655
75 401 0.4632736998097654
75 430 0.7730339892369177
75 203 0.9059949241785394
75 443 0.8800830728604073
76 512 0.05066252281994621
76 535 0.9206234746365247
76 159 0.7808455990805406
76 187 0.15868767802732198
76 174 0.17416336432493462
76 323 0.3559785867445392
77 244 0.31103040231496526
77 318 0.3618231684677288
78 317 0.10703612713493471
78 229 0.6414210561864706
78 521 0.6069981519411581
78 498 0.4265849929751083
78 96 0.3088122915410686
79 94 0.23387618265531296
79 253 0.06451326641876565
79 84 0.34987121432776647
79 317 0.5732867707360318
80 218 0.4068688002580537
80 389 0.287648140877666
80 253 0.8113785401756918
81 473 0.2419355674042507
81 259 0.9369590593281936
83 273 0.9815291349390515
83 287 0.3270559713053752
83 455 0.8445751730556339
83 213 0.3280041476976393
84 368 0.7136001265070507
85 142 0.9820808782433432
85 179 0.4607266198011184
85 496 0.9071861672165289
85 290 0.3387142906719899
85 129 0.7062637166309916
86 225 0.07583221250844607
86 536 0.46289903440070623
87 475 0.8494772055462823
87 309 0.9423884403947868
87 109 0.6616004355364019
88 383 0.5502449331249691
88 318 0.03795429637389769
89 399 0.6306904338262133
89 225 0.8991272869397152
89 451 0.895746579906197
90 551 0.2871497452581665
90 526 0.03410507361852155
90 310 0.05044945921081978
91 458 0.006015709334647457
91 176 0.5625157314902829
91 396 0.0012070968556990858
91 453 0.44414339264553293
91 436 0.8038350811647156
91 325 0.9945765113172171
92 347 0.8942046470083262
92 261 0.08495021552194892
92 276 0.46996221978934105
93 185 0.24107764650373464
93 442 0.14530815118086815
93 414 0.3303715424311444
94 250 0.5194972493748822
94 405 0.18435571778858406
95 165 0.6275620260962312
95 189 0.5446885751518087
96 214 0.3842503552189612
96 435 0.8088316740821706
96 336 0.5764384711798047
96 490 0.014093809628865861
96 360 0.7417001799001857
97 176 0.36444877341164283
98 388 0.26241161776088384
98 154 0.3947092668819012
98 519 0.14900451965544226
99 419 0.10952966841292089
99 200 0.05848833416955379
99 551 0.4974657604171533
100 522 0.3070385419454532
100 132 0.911174707484615
101 355 0.06439110047003005
101 320 0.7164437273924582
101 558 0.8006102583637007
101 491 0.9364538234846264
101 283 0.6682708003733081
102 426 0.009957641743794099
102 212 0.873238781172717
102 504 0.263001459727667
102 254 0.7710007203577062
103 557 0.44300359943287304
103 157 0.7982134281140782
103 273 0.21765231245549965
103 307 0.7592765237918662
103 470 0.08872272826990713
104 325 0.965649584312003
104 397 0.1941351982392978
105 445 0.5379299906272234
105 497 0.3462996008748439
105 307 0.34425065533061705
105 297 0.8045184227725852
105 115 0.83042600133494
106 399 0.92258870217938
106 138 0.22368902176465089
106 412 0.5337461744891095
107 132 0.32966885455169137
107 442 0.18641532186192833
108 233 0.669454022849758
108 152 0.16104968577333179
108 366 0.06908740469433539
108 537 0.4971593697910467
109 526 0.19183928146113471
109 272 0.5735530992886868
110 167 0.9036158340086383
110 290 0.8856234890957344
110 413 0.81320579734149
110 159 0.4271616174566383
111 259 0.12124980283720965
112 189 0.4617662674501275
112 520 0.11823905215333663
113 508 0.696679994485922
113 142 0.18061730879753068
114 256 0.861027654279166
114 360 0.416720261765128
114 325 0.24594267167620953
115 504 0.14804786849738372
115 189 0.14327140235700953
116 298 0.7624787388076073
116 142 0.9644584125511032
116 525 0.14526626356686534
116 245 0.9713972485608862
117 387 0.9823286883201713
117 547 0.5373329639121092
117 423 0.7383022399877877
117 133 0.44189228470560726
117 503 0.5087028578984617
118 165 0.7283103286682294
118 211 0.35549440806045973
118 490 0.4582269162250311
118 231 0.9670971413948395
118 441 0.04597704761336319
119 311 0.29905823680590427
119 467 0.873741489661319
119 162 0.3744353605847983
120 261 0.9049418746519364
120 302 0.10804620650435715
120 281 0.9635920250457617
120 280 0.3612667684790888
120 415 0.9298566224349993
121 429 0.8518812837281751
121 337 0.6956988614733243
121 435 0.05084972777371599
122 441 0.20037481910086397
122 553 0.2174952181574008
122 336 0.28478359358903904
122 189 0.20054128113767888
123 340 0.5093563693510711
123 499 0.29508099414163824
123 350 0.1837633331098777
124 213 0.5887704857631871
124 538 0.7360702172666093
124 217 0.6220952542352293
125 518 0.11357025472775673
126 526 0.5918747524383604
126 452 0.15120536528901452
126 458 0.5651883049299194
126 477 0.5991386890420939
128 305 0.07806470309443336
128 349 0.9876461804252776
128 141 0.5474417565797426
128 277 0.9614237940286701
128 272 0.39947998703493426
129 300 0.10265527071670089
129 448 0.20670644109327185
129 353 0.8312969824273614
129 484 0.9212453730287491
129 309 0.8760042929621803
130 376 0.5851421582324554
130 143 0.48930688795603794
130 379 0.24843092019361024
131 453 0.40965900537269795
132 531 0.03888310952416263
132 211 0.6137405373402072
132 140 0.5322287945264927
132 299 0.3898697598509101
133 260 0.8401002512299518
133 511 0.947466288231902
133 320 0.8488742464294172
133 151 0.9083142189228317
133 258 0.0971687314462063
134 309 0.4979934101550424
134 337 0.7263596068113696
135 456 0.19070863695866747
135 388 0.16714057646359404
135 163 0.7988840923575633
136 173 0.9437383881039894
136 226 0.9586903416979569
136 325 0.623515422737415
136 528 0.3890695006379057
136 213 0.5375326714782331
137 260 0.5275524675023461
137 452 0.48273211042337916
138 335 0.9179487606248258
138 541 0.6384973630969181
138 164 0.18428721515690638
138 228 0.936423717732766
138 499 0.5956295256013431
139 303 0.2821090553910609
140 396 0.650933523607047
140 198 0.6675268329753683
141 363 0.2589436224111705
141 166 0.7465667928278925
141 451 0.04445355469461054
141 173 0.6120125603410652
142 408 0.10033258184582661
142 471 0.0027564149741067245
142 390 0.40596707447721225
143 166 0.7069424394896131
144 153 0.6136257295732161
144 272 0.819983018637102
145 211 0.7832609766297889
145 221 0.6969959824539216
145 234 0.031693298185108354
146 256 0.4552926357988185
146 264 0.9335694086554703
146 330 0.5144699860842474
147 531 0.9456032520185719
147 304 0.5475987290446283
148 555 0.9539874705151407
148 425 0.42901763364983614
148 276 0.8123604098874271
148 343 0.28694347534738185
149 406 0.03045917244175289
149 151 0.9498228809461465
149 174 0.09255681500199875
149 321 0.1304642485657167
149 358 0.8383700346943294
150 389 0.5533291127104721
151 555 0.6815604586282737
151 268 0.4015036590459077
151 256 0.9979537707266678
151 292 0.06760215648851975
152 324 0.855709804060158
152 423 0.39787767776888683
152 327 0.9070867822533162
153 234 0.6547822946083177
153 236 0.6723707147052018
153 170 0.5045722280162939
153 492 0.376407976994209
155 310 0.49124238089272776
155 368 0.009808247716281748
155 215 0.6117580268653608
155 468 0.9529310323168815
155 464 0.9468639086829593
157 159 0.9743621934911054
157 438 0.41432489573412434
158 289 0.4527441429077692
159 256 0.6186941671799275
159 406 0.766343278675626
159 259 0.04916651985991671
159 163 0.6425635962862082
159 464 0.7321103207598748
160 205 0.7409613870744896
160 204 0.1512642813981292
162 305 0.9805361486099728
162 247 0.2023715353052845
162 433 0.1499294482603778
163 261 0.3844251850734379
163 523 0.014238425261465015
163 409 0.49551933420494887
164 549 0.7660302049415173
164 332 0.24193036961508074
165 199 0.673170022328448
166 523 0.887978167181367
166 233 0.8147675705125722
166 301 0.24648436706190002
167 427 0.1975589235746542
167 521 0.03898173351361078
168 557 0.29881053552365844
168 333 0.4791670873409295
168 519 0.6416758097162628
168 410 0.5789654439028594
169 380 0.7944422334499598
169 454 0.23246605063786885
169 482 0.3492388729515399
169 382 0.5076474944809161
170 551 0.7813748264596013
170 425 0.9938142873489081
171 461 0.43797514430674034
171 533 0.8641597879062378
171 404 0.9919504613649501
172 514 0.09888664537074499
172 540 0.5656300786911164
172 457 0.5224202175188644
172 304 0.2972435180932179
172 237 0.7730667443726043
172 309 0.9071637637363348
173 496 0.7646993421540644
173 318 0.3969001771653079
174 403 0.6089771918480159
174 312 0.7368995134067189
174 509 0.868357617519181
175 471 0.15703895208940089
175 346 0.47272594390032485
175 322 0.9057004626628722
176 409 0.3787310880289072
176 266 0.6459695763701192
176 556 0.41265429868040315
176 262 0.48066551433528526
177 375 0.0015303429767866694
177 183 0.6965615132417651
177 291 0.7732507616690266
177 222 0.9839841065164282
177 514 0.09590320407080821
177 345 0.9687259042476601
177 357 0.27202390858445125
178 392 0.6417370459071983
178 296 0.9227711552763234
179 358 0.233747162284053
179 246 0.8543363078495833
179 384 0.7065388120925306
180 386 0.35026015332822147
180 185 0.6318443848857823
180 311 0.5898114493032187
181 235 0.22224929009442285
181 257 0.31732724997893524
182 306 0.49891546838081524
182 276 0.21141883936682682
182 230 0.5605278367766526
182 351 0.04121808347528977
183 491 0.7748158729806213
183 350 0.25597698303828886
183 450 0.7255690758705833
184 335 0.11697036841613262
184 542 0.5347455817300827
184 279 0.8948394010845266
185 199 0.2863892185582313
186 486 0.10119720197077564
187 265 0.3408430684250675
187 215 0.7674151762352439
187 524 0.6870540587712426
188 434 0.6827401587843711
189 517 0.3067103007887192
189 384 0.1481723887360159
190 303 0.4682938093181601
191 335 0.10360043656450058
191 408 0.688662364545479
191 491 0.9505452211900026
192 264 0.8101605897686932
192 304 0.43967204013269723
193 493 0.8475457552903768
193 452 0.24418861538014391
194 519 0.5306869099559766
194 541 0.2039031132727549
194 528 0.06978960346402874
194 521 0.21977549481708614
196 285 0.8315761949758573
196 534 0.6716575344309931
198 504 0.5131017515072064
199 262 0.3230051834488592
199 526 0.5375745651154055
199 257 0.49526174422302793
200 294 0.43771968135765393
200 400 0.7269199302138656
200 364 0.004664149050521815
201 231 0.6571808519664134
201 369 0.047560353101192665
201 350 0.27139173367640124
202 368 0.8179525914807815
202 238 0.45934328451355577
203 314 0.3620038188731085
203 472 0.11484764569009831
203 556 0.720911019800273
204 552 0.5448941324955067
204 373 0.9023264134977379
204 549 0.9789743701116199
204 515 0.47360862925122427
204 272 0.596306906635566
205 387 0.25907669649566667
205 279 0.4674966241151257
205 225 0.44535050387423125
205 398 0.09536836629002965
205 540 0.3077894995041246
205 233 0.6064184507597452
206 417 0.677472334977166
206 395 0.4285560989538121
206 387 0.022276508895655578
207 292 0.008727482962270883
208 319 0.4748270831728165
208 556 0.06350210248939514
209 392 0.7801066254246936
209 267 0.4868549874451277
210 436 0.2185775465304517
210 443 0.8642310401979326
210 323 0.14619218539058343
210 338 0.8385302548365012
210 283 0.09942243528230998
211 266 0.7739326747261696
211 316 0.684945621850404
212 554 0.4650483033509627
212 540 0.9127525187983115
212 516 0.2566029558245465
213 311 0.43210734299333675
213 306 0.32241788034782926
213 409 0.9629419228428555
214 522 0.16889024808189945
214 491 0.41866416787104765
214 453 0.41894812299821027
214 487 0.08570531118825342
215 240 0.6962015134967012
216 462 0.1776453892481733
216 480 0.9597835873889656
216 243 0.757290672628402
217 499 0.9163552203084214
218 272 0.3141489404551736
218 274 0.4093384985868165
218 322 0.07516245448108883
219 345 0.5541544637271621
219 510 0.14899333721657637
219 500 0.9781851967247462
219 369 0.09636060026499749
220 555 0.5249008274037518
220 503 0.3945522731423966
220 445 0.993587010237663
221 432 0.21688926615605253
221 230 0.8095340023855261
222 436 0.3351503461169306
222 437 0.30101375870253777
222 323 0.5491456034830131
222 440 0.8128129246246535
223 547 0.5210474999342483
223 230 0.5851356681830586
224 470 0.5084759542040292
224 281 0.8906497384628069
224 309 0.6176715266982734
225 528 0.28484002641376005
225 513 0.45868494900403733
227 448 0.13275456816031017
227 337 0.7258194649877281
227 409 0.33965395210846827
228 461 0.5293467840386589
229 286 0.02195495325427932
229 249 0.09239462971986045
230 490 0.5713138127527261
230 262 0.6824870939686258
231 244 0.7316012767922574
231 320 0.12911782507974334
232 399 0.8382222386549169
233 406 0.30337920910187766
233 550 0.48316382510757605
234 272 0.06825477191907725
234 520 0.8668010685937382
236 353 0.665169260103376
236 274 0.12171993975301576
236 381 0.05125499764391617
237 414 0.6641669270092818
237 401 0.23459609430928352
237 364 0.24270479855750704
237 417 0.0660077739126832
238 507 0.3324584222786675
238 506 0.8063135803683528
238 514 0.31235258189631265
238 368 0.7690884738820205
238 348 0.27949837530223764
239 497 0.190632168417723
239 257 0.7204687145407775
239 315 0.695544439187803
240 500 0.14070881773325905
240 505 0.1108036202287449
241 290 0.05816335889543056
241 364 0.09810295429125993
242 341 0.03485529500143214
243 451 0.21595110182633714
243 559 0.04021665349975423
244 463 0.7697771147535852
245 431 0.2861876612368862
245 251 0.7578109873958592
245 439 0.8391441866935307
246 391 0.34237988763607186
246 410 0.5472641401963825
247 346 0.6751503401614025
247 380 0.38000524352732934
248 491 0.29834286648881847
248 266 0.6451621269409423
248 295 0.9377628793320413
249 411 0.4772716884850383
249 344 0.8488913410300825
250 264 0.05594872142361673
250 501 0.16003938883890523
250 368 0.028231658989410935
251 342 0.7854946679087692
251 514 0.38720440635003883
251 346 0.9571639863969515
251 472 0.8281424797598613
251 445 0.8901673583640599
252 369 0.1358843906242263
252 421 0.5701945217356583
252 311 0.35764891708030855
253 258 0.6213450660468439
253 297 0.23960207335334138
254 284 0.07541056700962867
254 275 0.5493270228206009
254 324 0.9669591181682583
255 275 0.4120053659251387
255 557 0.9658994512267441
256 440 0.9811015476706373
256 318 0.9415540744658408
256 333 0.08468664064320097
257 503 0.5696085337564469
258 426 0.09902615904456036
258 261 0.5897254681971053
258 292 0.003628738992545566
258 268 0.15648975111267904
259 301 0.6357929431017408
261 376 0.11847406862329746
261 317 0.4993789742337964
261 554 0.6629157482627817
263 426 0.30409034191616247
264 497 0.4833807363977043
264 338 0.4516443968425501
264 526 0.27378514993790026
265 283 0.7990524274693653
265 473 0.5997006588595855
265 495 0.005440206610787479
265 286 0.18095917533722383
265 552 0.2960667930921016
266 389 0.3983113744908532
266 349 0.8454866146472142
268 542 0.7730408030885064
268 322 0.8335294940576741
269 289 0.6089680760111226
270 357 0.44719042036379997
271 285 0.48655949526885567
271 406 0.8071015312877017
271 447 0.213729305359457
272 469 0.6507272826897513
273 503 0.22974165706211092
273 423 0.6474502836699252
274 337 0.2185672613751909
274 360 0.740606022817614
274 537 0.9817170373089488
275 392 0.2657642429829864
275 349 0.809016815905826
275 542 0.6337707555115972
276 364 0.5471876093470369
276 281 0.9938095894280483
276 286 0.765198996037689
277 551 0.5565617584492468
277 364 0.6696218070311006
278 475 0.8025387740782643
278 505 0.4264184992764194
279 301 0.9412679972317067
279 361 0.2026406328187842
280 443 0.08071334147976683
280 420 0.7239883777764657
281 559 0.34644757494953626
282 411 0.6127412887573862
282 432 0.12108183351279955
282 299 0.8743593983519246
283 468 0.06352309564902792
283 545 0.4860216650929017
283 484 0.2953585614640899
284 523 0.30145713881313096
284 477 0.6174135320839972
284 365 0.18586794343066115
284 419 0.3410430106800345
285 507 0.5904687568349326
285 478 0.4691110174276858
286 491 0.33400964524043586
286 407 0.5260393872664186
288 411 0.46599717237335336
288 506 0.3306475689257723
289 538 0.39124151572516086
290 310 0.6094263950582978
290 498 0.6508962061536767
294 422 0.9002653199120378
294 430 0.1889281351139167
295 549 0.2629950064080162
295 514 0.1986297764017727
297 352 0.4104548116363058
297 367 0.7555263773373193
297 399 0.6391487610794353
298 548 0.796491728210532
299 373 0.17359805460618327
300 349 0.008517019827356531
300 309 0.21291817268112712
301 520 0.6722301858537318
301 419 0.537114478016802
302 373 0.1428828237373232
302 327 0.705857225711508
302 534 0.08809364037656386
303 516 0.6816253802756755
303 347 0.2182337947684344
305 306 0.1471438234326774
305 326 0.684384607652543
306 368 0.9823568393184208
307 546 0.8904519420376024
308 403 0.7732025744342178
308 524 0.13141322839901926
308 405 0.17293876514744977
308 310 0.9267384814706222
309 524 0.37844692814807757
310 324 0.13619909667650687
311 437 0.91607340475192
311 343 0.503272274057821
312 327 0.6530040439725826
312 552 0.7649948023499865
313 491 0.9214811886227836
313 499 0.8663093553049339
314 412 0.3956297308248594
315 463 0.9981339669550048
315 432 0.4750601055218894
317 369 0.818198203311122
318 382 0.42876459836895875
319 395 0.45020163312763684
319 326 0.4858812302810308
320 408 0.3899607033504201
320 506 0.43750430902478377
320 396 0.11010847992380834
321 427 0.5246499036451808
322 488 0.02703164111617784
323 556 0.1772646980998872
323 360 0.042858250600142256
324 466 0.09738718744045682
324 541 0.5229862662485579
324 442 0.20735390036035073
324 520 0.6460520533066505
326 456 0.5294221978482574
327 392 0.798168860712137
328 404 0.2225572412191128
329 465 0.3216608822153596
329 406 0.783574578524923
329 527 0.16071485082288206
329 383 0.8015447851697398
332 533 0.17443054388376233
332 380 0.7781235858239335
332 346 0.5853854581172554
333 411 0.6093583842227563
333 532 0.07425328784085927
333 335 0.8009837140167196
333 516 0.3938217538282477
333 358 0.1727724954808928
334 416 0.7294708364716564
334 412 0.36394476697992895
335 513 0.7711727876707934
335 532 0.24950808916529554
336 343 0.9489700297033103
337 355 0.7133285971950691
339 553 0.37639981593809646
339 476 0.9233486570569972
340 518 0.7321369411078523
340 344 0.07752774559401232
340 347 0.7745730288524697
342 512 0.7341894633203536
342 363 0.3139146052658104
343 497 0.8993085646092128
343 495 0.44154139141084736
343 452 0.17584174973754085
344 414 0.46611972466903984
344 397 0.6228949320901226
344 369 0.8438098467889971
345 422 0.8573549610650744
346 348 0.9729546758405474
346 521 0.3552892940364476
346 492 0.936470711392422
347 439 0.9705923405464238
347 408 0.2900836526362215
347 351 0.6000838387242967
348 475 0.1834096513481731
349 499 0.7295358351990185
350 452 0.8717906123695625
350 447 0.5918439278309745
351 431 0.08041785481376085
352 526 0.37154443611613186
352 547 0.5435390676076389
354 424 0.8349063612335897
354 432 0.3316462366582439
355 432 0.027002650215432356
356 403 0.33241295927671066
356 503 0.9897024177795186
357 393 0.9616296057659431
357 511 0.808566076487208
358 460 0.8734020051052646
360 469 0.427161821361549
361 470 0.5422690178343662
361 460 0.5694940839200834
361 448 0.6778477761529614
363 495 0.17219590033779097
363 519 0.2509675147647008
364 480 0.6737993604402129
364 485 0.4475364473397957
364 374 0.30209725510304597
365 496 0.9582315553422902
365 558 0.5836492679403846
365 541 0.13700772535846117
365 406 0.6437642596656161
365 465 0.5766402064435049
365 452 0.40727561487428465
367 385 0.052018149746679065
368 430 0.15901362428694843
369 425 0.0019289434800757732
369 467 0.6839816768087681
370 379 0.5479842274398393
371 557 0.31184756549378523
371 497 0.34428256420706205
372 465 0.06830686479638637
372 452 0.959634887373555
373 467 0.013146614780147337
374 516 0.782769130906642
375 557 0.7203700468058638
376 481 0.660635297033864
377 523 0.9027707941764573
377 479 0.6676379467291406
377 430 0.6579325062893598
377 518 0.4847997368540039
378 482 0.5867063766351281
379 501 0.6326895000664707
379 513 0.9521562118552548
379 398 0.9114007351367035
379 418 0.896813350167844
379 419 0.9101153712937574
381 492 0.9380586400258782
381 454 0.6131329625712564
383 515 0.4656642413562221
385 424 0.7639836737719068
386 391 0.47044228743406014
386 460 0.39637734665079427
386 469 0.21961446775794646
387 555 0.5092759677898915
387 430 0.46985519274976084
388 483 0.808675325630657
388 530 0.3565633726686471
388 404 0.894780994503079
389 526 0.0568731841995509
389 525 0.7900873138614876
390 450 0.1332776206504046
391 427 0.5489415866618156
391 395 0.636720938564315
392 524 0.23237688046059268
393 527 0.12697541479433005
393 529 0.01440250797662146
393 447 0.6152760579918622
394 534 0.636239390523783
395 461 0.9923536724463478
398 436 0.31059190658541524
398 473 0.013391133283997658
399 443 0.052573930600076646
399 458 0.9939594359905222
400 460 0.7248864266227687
400 492 0.8583449065868269
400 532 0.9316116113236321
402 533 0.8043610572703838
402 509 0.4837242526440765
403 551 0.5212268590277412
404 456 0.25975913025710573
405 482 0.3258136167164696
405 460 0.33188000425771524
406 443 0.0786340402547826
406 475 0.6231747312897384
406 519 0.1131073105647078
406 454 0.8723727134319307
407 410 0.5675698753400112
407 476 0.11562895329753986
408 555 0.7445814652777225
408 431 0.10850340625094623
409 524 0.769483052851721
411 435 0.06235524729934794
413 424 0.7496988092470624
413 522 0.9729229755257323
415 473 0.4108608003365488
418 546 0.6728779996209997
418 529 0.9819476502072099
418 530 0.1961789534984253
421 557 0.35511229529364685
421 555 0.9360240705710092
422 551 0.9148591290265258
423 516 0.1528121192217483
424 445 0.8349190655950774
427 513 0.4599756828432032
428 548 0.9145307147141963
430 502 0.9902087975199106
432 512 0.004343539102187988
432 539 0.10435065147954192
435 463 0.004682743217770402
436 557 0.22359183843767716
436 485 0.6772372465166105
437 479 0.5433450407020355
437 554 0.8345269806047172
438 534 0.8620907705817139
442 523 0.41378542851717226
442 451 0.6783769616780445
442 449 0.16609606940896315
443 550 0.8000906998991923
447 515 0.783291053228801
448 512 0.5552073017961675
449 520 0.8523517281828319
449 554 0.37918280705269036
450 553 0.6689156813906465
454 518 0.8540210163876008
454 520 0.8332773849874479
454 509 0.5013306138143342
456 518 0.2924898073180072
456 552 0.9629497113454187
456 498 0.3359461294110716
459 536 0.49827557667111233
459 547 0.5174566602032092
459 534 0.6581110326759531
460 507 0.1633134243608333
460 543 0.0324414124433553
460 489 0.9038226791592506
460 546 0.8118314000311814
460 500 0.4166509033492023
461 547 0.518588656843463
464 550 0.7907376418594576
468 522 0.19937236302922345
470 539 0.9153303833075171
472 539 0.011826291049673587
478 522 0.10142014604557781
480 505 0.47075356124410017
480 525 0.7908737682870641
482 495 0.3060991770871492
485 508 0.5253303473539745
486 540 0.3849181160902885
486 524 0.07799419401003882
489 502 0.9085655445937603
489 517 0.6898389976964031
491 505 0.9094808348393456
493 558 0.6297894441840142
496 545 0.48935615239100594
501 525 0.022833643129948067
502 518 0.5346801204920614
504 557 0.8307577838781237
506 541 0.1311214415174189
506 513 0.11205863899001067
511 517 0.623523521113669
516 549 0.9282680384678538
519 544 0.76855845607764
519 557 0.8890480639806402
519 531 0.21251606806748846
519 532 0.639373662822027
520 543 0.20865035168591928
521 545 0.38332143970575794
521 522 0.3102360997395456
526 527 0.09733663924681946
532 548 0.48734792597065246
551 559 0.9472907258063633
552 554 0.30385730888422346
