3200 4800 num_nodes_f_dist 3200
0 303 0.1763
1 583 0.0317
2 2856 0.3772
2 356 0.4041
2 1720 0.1412
2 2191 0.1082
2 1784 0.1488
3 1325 0.1142
3 899 0.149
3 758 0.1072
4 2953 0.0692
5 1474 0.1739
5 2392 0.1462
6 2205 0.0696
6 2015 0.2798
6 1154 0.1646
6 843 0.0709
7 2506 0.269
8 3142 0.2516
8 746 0.1956
10 1897 0.1022
10 731 0.0157
11 1216 0.0725
11 2214 0.2054
12 365 0.1783
12 893 0.27
13 658 0.1604
13 1026 0.1075
13 3088 0.0119
14 2779 0.0679
14 2939 0.0514
14 358 0.2746
14 440 0.315
15 2281 0.1985
15 2292 0.3254
15 1915 0.0151
15 1417 0.2886
16 777 0.1163
16 1437 0.2373
17 3169 0.0293
17 2161 0.2493
17 2817 0.1632
17 1518 0.0185
17 2363 0.11
18 432 0.1935
18 278 0.1486
18 1339 0.1084
18 2661 0.0924
18 2121 0.219
19 1570 0.113
19 2407 0.1051
19 1311 0.1182
20 2959 0.0572
20 1523 0.2003
20 1744 0.1029
20 3130 0.0862
21 63 0.3108
21 2228 0.1088
21 422 0.1383
22 2215 0.1971
23 1571 0.1619
23 620 0.2214
23 1445 0.4063
23 1647 0.1478
24 1497 0.0623
25 2567 0.2075
25 2437 0.3985
26 777 0.246
26 1394 0.0692
27 2328 0.0703
28 1911 0.4171
30 727 0.1328
30 2516 0.3511
30 388 0.2244
30 1443 0.0603
30 244 0.0164
30 1075 0.2135
30 1787 0.0534
31 2159 0.1999
31 2628 0.0954
32 1120 0.1695
32 1631 0.3691
32 1275 0.0293
32 1162 0.2388
33 824 0.0958
33 2472 0.2231
33 1047 0.0285
33 372 0.3535
33 2292 0.2307
33 1730 0.0759
34 534 0.2939
34 2359 0.0605
34 1592 0.0706
34 520 0.0327
34 2441 0.3005
35 2155 0.0788
35 421 0.2794
35 261 0.0516
35 922 0.05
36 142 0.0823
36 2504 0.2087
36 2179 0.2119
36 1046 0.0355
36 2283 0.4441
37 2217 0.1056
37 163 0.4496
38 2602 0.2911
38 1006 0.306
39 1737 0.0682
39 2200 0.2393
40 1191 0.0716
40 2461 0.1096
40 2256 0.1118
40 1498 0.0666
41 1431 0.1312
41 2395 0.2843
41 3108 0.2212
41 2684 0.0541
41 787 0.1593
42 1410 0.2611
42 1081 0.1057
42 416 0.1094
43 1210 0.0891
43 2567 0.0995
44 1856 0.0708
45 1532 0.0794
45 1006 0.046
46 1272 0.141
46 2926 0.1982
46 1205 0.0333
46 3124 0.2053
47 3174 0.0157
47 3082 0.1981
47 2116 0.2699
48 613 0.2537
48 532 0.0709
49 85 0.0788
49 1206 0.1513
49 2648 0.0557
50 929 0.0688
50 2513 0.1117
50 2416 0.2964
50 1100 0.1452
51 1755 0.141
51 1706 0.0061
51 1577 0.1848
51 2604 0.0452
51 2335 0.5381
51 2761 0.1659
53 2281 0.084
53 1548 0.1268
54 3060 0.0821
54 1581 0.2171
55 610 0.2708
56 3009 0.2413
57 2001 0.1153
57 2022 0.0457
57 2035 0.057
58 413 0.0679
58 1630 0.2208
58 2847 0.3037
59 3088 0.1093
59 2746 0.0668
59 145 0.0177
59 2912 0.2166
59 142 0.257
60 1270 0.1312
60 1158 0.112
60 468 0.083
60 3160 0.1109
61 1329 0.1287
62 1586 0.0383
62 203 0.1865
63 996 0.0721
63 2922 0.3209
64 2009 0.3992
65 1859 0.2197
65 2304 0.5313
65 256 0.1355
65 1400 0.0151
66 1813 0.1461
67 2332 0.0847
68 1855 0.0329
68 714 0.2958
68 1085 0.1353
69 1381 0.0709
69 2694 0.3389
69 1743 0.3311
69 1058 0.0617
70 2047 0.169
70 1516 0.1287
70 258 0.1293
70 667 0.1632
70 1766 0.0506
71 1954 0.2226
71 2316 0.1728
71 207 0.2328
72 1086 0.1087
72 2755 0.2826
72 1268 0.2729
73 1627 0.0962
73 891 0.0585
73 2751 0.0681
73 553 0.176
73 2633 0.0698
74 642 0.0762
74 607 0.1029
74 470 0.0473
75 2742 0.1137
75 783 0.149
76 1902 0.3604
76 1362 0.0141
76 242 0.0458
76 2896 0.0459
76 776 0.2048
76 2342 0.0991
77 2337 0.4367
77 1371 0.1603
77 2200 0.1851
78 738 0.1443
78 1496 0.0521
78 1409 0.0514
80 1812 0.1831
80 422 0.035
81 2236 0.0296
81 1366 0.1898
82 1250 0.102
82 1084 0.1965
83 901 0.1464
84 1996 0.1641
84 1468 0.0645
85 923 0.0489
85 1667 0.0734
85 982 0.1808
85 2465 0.058
86 2371 0.4346
86 2931 0.0325
86 852 0.0401
86 2897 0.158
87 1941 0.1083
88 1704 0.0267
88 2602 0.1054
88 2387 0.0306
88 2101 0.1218
88 2317 0.0447
89 2418 0.1626
89 1898 0.0406
89 232 0.0731
89 2710 0.1867
89 3079 0.3036
89 343 0.0949
89 3179 0.0688
90 2052 0.1959
91 125 0.0737
92 1720 0.0951
93 2121 0.0743
93 1804 0.4405
94 498 0.097
94 1488 0.228
94 1721 0.0281
95 2447 0.0638
95 902 0.0902
95 2452 0.0603
96 1277 0.3531
96 2129 0.1389
96 1180 0.0717
97 3091 0.355
97 2313 0.1485
97 1339 0.2746
97 1293 0.0486
98 442 0.0786
98 266 0.1526
98 3052 0.0858
98 1542 0.1345
99 1989 0.0942
99 2192 0.1142
99 308 0.0485
99 3154 0.0979
99 2555 0.3261
99 1067 0.0497
100 1827 0.4955
100 2300 0.1577
100 2523 0.1693
101 1180 0.0783
101 2316 0.2361
101 369 0.0843
101 2351 0.1601
102 237 0.423
102 942 0.132
104 2660 0.115
105 1803 0.0938
105 2118 0.1314
105 1718 0.0927
105 996 0.145
105 1149 0.0474
106 690 0.1647
107 2990 0.2489
107 446 0.1083
108 2472 0.1323
108 1741 0.0666
109 1978 0.1089
109 1075 0.0796
109 878 0.0457
109 2535 0.1005
111 162 0.1752
111 2638 0.107
111 3088 0.0884
112 2279 0.11
112 232 0.0623
113 778 0.0319
113 2053 0.0484
114 940 0.2284
114 1558 0.2574
115 1540 0.2453
115 953 0.4222
115 196 0.0392
116 1998 0.4106
117 152 0.0883
117 2984 0.1746
117 2643 0.6092
117 573 0.1035
117 1302 0.1292
118 2973 0.1193
118 2438 0.0759
119 607 0.0919
119 194 0.2442
119 434 0.0355
119 1591 0.347
119 3185 0.0607
120 141 0.306
121 3001 0.0613
121 1410 0.106
122 2166 0.0057
123 1193 0.2208
123 3057 0.0226
123 797 0.0844
123 2760 0.2768
123 2728 0.0026
123 1169 0.0637
124 623 0.0677
124 2535 0.0833
124 1882 0.0291
124 400 0.1135
124 2773 0.0776
125 1617 0.1946
125 2706 0.0576
125 870 0.04
125 2970 0.1764
126 2570 0.1595
126 302 0.2144
126 1449 0.1506
127 320 0.1388
127 599 0.2835
127 611 0.0732
127 1784 0.0862
127 258 0.0372
127 196 0.1051
128 1848 0.0264
128 334 0.2013
128 1198 0.1191
129 1007 0.1673
129 3059 0.1229
130 2959 0.025
130 1997 0.0192
131 376 0.2843
131 1842 0.185
131 723 0.0121
132 2757 0.9309
132 673 0.3062
132 2965 0.1126
133 1109 0.1226
133 342 0.1043
133 1065 0.0885
133 1678 0.2162
133 588 0.1136
134 2492 0.0205
134 2451 0.1928
135 2176 0.1965
135 630 0.1516
135 789 0.0575
136 2440 0.0507
137 2565 0.0771
137 955 0.3495
137 1048 0.0252
138 737 0.1157
138 3167 0.1039
138 1171 0.159
138 713 0.2448
139 2781 0.104
139 2745 0.1808
139 2179 0.0668
139 1182 0.1047
140 1573 0.2129
140 2668 0.1302
140 537 0.11
140 227 0.1767
140 2914 0.1668
141 1967 0.3223
141 2256 0.3845
142 2798 0.126
143 709 0.3356
143 2189 0.1417
143 3146 0.1576
143 3191 0.2977
143 1208 0.1782
144 599 0.0389
144 1811 0.0231
144 1853 0.1764
144 1548 0.1207
145 2848 0.105
145 2699 0.2964
145 1391 0.886
146 552 0.3052
147 1254 0.0958
147 1779 0.1999
147 768 0.2269
148 2317 0.054
148 2261 0.2544
148 3189 0.1437
148 1881 0.2299
148 2642 0.0695
149 2404 0.1685
149 1141 0.0639
150 2552 0.0847
150 2922 0.1355
150 1913 0.0766
150 1006 0.1264
151 464 0.1173
151 1133 0.154
151 1185 0.1591
152 2240 0.0802
153 2084 0.1025
153 3191 0.2751
153 2371 0.0822
153 754 0.0505
153 545 0.0407
154 1096 0.2424
154 1509 0.2762
154 994 0.1092
154 862 0.2023
154 2994 0.2205
154 3141 0.1156
155 2296 0.0232
155 1864 0.096
156 665 0.2132
156 1350 0.0536
157 2127 0.0984
158 1825 0.0739
159 2036 0.0486
159 2041 0.1013
159 2878 0.2807
160 1665 0.0291
160 1520 0.6761
160 2937 0.0579
162 1860 0.2448
162 2501 0.1731
162 2900 0.1312
162 1138 0.3978
162 1571 0.0311
162 2662 0.1511
163 471 0.0249
164 518 0.019
164 1743 0.2343
164 1701 0.1054
164 1259 0.1595
164 2839 0.043
165 2971 0.1067
165 965 0.1035
166 2989 0.0192
166 2883 0.1273
166 2281 0.3024
166 773 0.0251
166 586 0.372
166 324 0.1472
166 372 0.0623
167 2745 0.2474
167 1672 0.0659
167 713 0.0484
167 208 0.034
168 1256 0.1555
168 2351 0.0674
168 2095 0.1193
168 1384 0.0388
168 2234 0.0332
169 1738 0.135
169 1852 0.0946
170 920 0.1634
171 3145 0.1291
171 1560 0.0535
172 455 0.1246
172 2529 0.1514
172 1093 0.0844
172 516 0.1719
172 1033 0.2944
172 1039 0.1092
173 279 0.2837
173 844 0.0176
173 2432 0.1386
173 651 0.0723
173 1638 0.1355
173 2243 0.1617
173 1695 0.2166
174 3056 0.1174
174 476 0.0522
174 870 0.449
174 2910 0.0392
174 2857 0.1783
175 1120 0.0966
176 2389 0.0191
176 945 0.0106
176 2568 0.3272
176 2310 0.0116
176 700 0.3711
176 2333 0.037
177 2927 0.0768
177 2069 0.0523
178 1922 0.2224
178 265 0.253
178 2782 0.0186
178 2698 0.03
178 954 0.0422
178 2886 0.0397
178 1992 0.175
179 1033 0.1491
179 675 0.118
179 1180 0.2861
180 2755 0.2957
181 2501 0.1121
181 1762 0.106
181 2424 0.2938
182 978 0.1855
182 3194 0.1534
183 216 0.1402
183 3087 0.1505
183 2972 0.2466
184 226 0.0999
184 2123 0.1658
184 1491 0.1607
184 2384 0.1037
184 2449 0.0946
185 2090 0.0828
185 299 0.077
186 305 0.1511
186 1749 0.1283
187 1211 0.05
187 1874 0.073
189 322 0.1952
189 664 0.0628
190 1008 0.0452
190 1292 0.1356
190 811 0.1021
191 2974 0.1397
192 2668 0.1119
192 1967 0.1172
193 3061 0.3686
194 868 0.2181
194 2714 0.0602
195 877 0.7007
195 1876 0.0844
196 635 0.2527
196 2810 0.0924
197 898 0.0659
197 279 0.133
198 646 0.1041
198 2637 0.0896
198 1204 0.1288
199 551 0.0264
199 1191 0.0539
199 3136 0.0871
199 1006 0.1821
201 2261 0.0761
201 1475 0.0405
201 3166 0.1774
201 438 0.3394
202 949 0.2094
202 579 0.048
203 690 0.2021
203 1481 0.1298
203 2413 0.1034
204 2306 0.2951
204 1595 0.0179
204 938 0.1593
204 590 0.0075
204 1512 0.281
205 2538 0.151
205 815 0.311
207 1954 0.3422
208 2251 0.063
208 2070 0.1838
209 2391 0.1343
209 2141 0.4046
210 1111 0.1037
210 868 0.0742
210 2275 0.014
211 1528 0.2078
211 3197 0.1078
211 1299 0.0112
212 1877 0.2297
212 1776 0.1231
212 1829 0.0086
213 3103 0.0247
213 238 0.061
213 381 0.2271
213 2013 0.1557
213 2874 0.1568
213 1381 0.1826
214 1502 0.1244
214 751 0.0771
214 1852 0.3457
214 3191 0.0647
215 1741 0.1155
215 674 0.0628
215 996 0.1073
215 2100 0.3315
216 617 0.1755
216 1481 0.3883
217 2160 0.0363
217 2045 0.1227
217 3057 0.0346
218 1892 0.1977
218 719 0.0878
218 1265 0.1896
218 336 0.0483
219 1998 0.2332
219 1805 0.1125
220 545 0.0838
220 3060 0.2154
220 700 0.0816
220 1954 0.14
221 3039 0.2562
221 3056 0.0913
221 845 0.147
221 705 0.0863
222 2629 0.0835
222 944 0.1803
222 1277 0.0135
223 577 0.0378
223 1169 0.1173
224 2187 0.0604
224 2502 0.1782
225 271 0.0982
225 2227 0.0177
225 2905 0.2775
225 377 0.2675
226 1479 0.0288
226 1546 0.0829
226 2623 0.0483
226 2292 0.1057
227 2527 0.1579
227 1331 0.0468
228 2527 0.1292
229 1970 0.0955
229 2371 0.0445
229 1398 0.0677
229 2707 0.1471
230 1189 0.0626
230 2314 0.1103
230 982 0.5266
231 2214 0.1157
232 1574 0.1581
232 2685 0.1277
232 1340 0.028
232 1895 0.0998
232 458 0.0383
233 2222 0.1752
233 2705 0.1203
233 870 0.2936
233 419 0.067
235 2733 0.1696
235 828 0.047
235 454 0.2542
235 410 0.0123
235 2474 0.025
236 2016 0.0747
237 2919 0.1225
237 2654 0.5583
237 322 0.1322
238 3000 0.0547
238 2064 0.0154
238 1410 0.0403
238 1094 0.0701
239 2182 0.2222
239 2741 0.182
239 2718 0.366
240 3020 0.1264
240 618 0.2362
240 400 0.042
240 1020 0.1368
241 829 0.1801
243 1819 0.1485
243 939 0.09
243 1291 0.017
244 977 0.2061
244 2518 0.0852
245 2569 0.1799
246 2408 0.0938
246 2395 0.0706
247 1184 0.1276
248 2751 0.0061
248 521 0.47
248 2539 0.0883
249 2199 0.0199
249 2138 0.143
249 3123 0.0645
249 638 0.0406
249 1790 0.306
250 295 0.0862
250 2269 0.2328
250 2517 0.0889
251 1030 0.5294
251 1230 0.1553
251 2470 0.1886
251 283 0.075
252 3111 0.1623
252 2936 0.0057
252 1724 0.0285
252 1438 0.3963
252 1669 0.0546
253 2754 0.0848
253 2504 0.0328
253 1681 0.0883
253 758 0.0956
253 1423 0.0893
253 2460 0.0413
253 1172 0.1524
254 2246 0.0961
254 1609 0.1639
254 1134 0.0907
255 2833 0.1429
255 860 0.189
256 2419 0.1732
256 1716 0.2764
257 1632 0.1002
257 599 0.168
257 2696 0.327
257 1447 0.1172
258 3128 0.0188
258 2133 0.1115
258 982 0.1482
259 2912 0.169
259 520 0.2107
259 895 0.0375
260 1298 0.1175
262 1299 0.0169
262 1559 0.2395
263 3185 0.0089
263 374 0.3499
263 2041 0.1376
263 1421 0.0321
264 1396 0.052
264 2704 0.1918
264 1928 0.1187
264 454 0.2389
265 2052 0.1089
265 2253 0.0716
265 1427 0.0855
265 2549 0.1483
265 2822 0.066
266 880 0.0951
267 961 0.1452
267 801 0.1617
267 1063 0.0498
269 2486 0.0942
269 958 0.0156
269 2940 0.2019
269 455 0.1659
269 2389 0.159
270 995 0.0143
270 1171 0.0606
270 1501 0.0133
271 2643 0.2568
272 2097 0.561
273 2589 0.1001
273 2849 0.1429
274 2690 0.1701
274 3072 0.0635
274 1497 0.1448
275 478 0.0744
275 1542 0.2129
275 2940 0.0218
275 2734 0.2003
276 3089 0.0399
277 2018 0.2983
277 2727 0.079
278 758 0.1982
278 2096 0.0946
278 1838 0.1779
278 2276 0.041
278 2711 0.0725
279 435 0.0685
279 1999 0.0919
279 706 0.4078
279 826 0.247
279 1732 0.1568
279 3068 0.0589
280 306 0.2223
280 341 0.228
280 1098 0.012
281 2347 0.1994
282 2680 0.4735
283 2806 0.2739
283 1304 0.2556
284 1189 0.2236
284 1016 0.1906
285 1454 0.0597
287 2713 0.0222
287 2796 0.1406
288 340 0.1017
288 2373 0.1755
288 3035 0.0544
288 945 0.0033
288 2171 0.146
288 2167 0.0609
288 2935 0.1027
289 1254 0.0584
289 779 0.0857
290 2257 0.2116
290 505 0.104
290 1921 0.084
290 2468 0.209
291 2976 0.1824
292 1073 0.2941
292 1559 0.1522
292 2842 0.0284
293 3126 0.0529
294 433 0.0767
294 347 0.0309
295 2619 0.1381
295 1254 0.0915
296 1097 0.1065
296 1030 0.1267
296 981 0.0566
296 2692 0.0817
297 2563 0.2603
297 2972 0.1044
297 818 0.3216
297 1561 0.0851
297 2273 0.1729
298 890 0.123
298 791 0.1852
298 2795 0.2416
298 1647 0.1339
299 1557 0.0599
299 942 0.1861
299 2747 0.2802
300 3143 0.0799
300 799 0.1384
300 1076 0.1114
300 2228 0.1687
300 2043 0.08
301 854 0.0982
301 1624 0.2534
303 2237 0.3279
303 2386 0.0099
303 1388 0.1399
303 1890 0.1457
303 1134 0.2481
303 1295 0.1106
304 638 0.025
305 2672 0.141
305 1695 0.2006
305 1605 0.0882
306 341 0.0175
307 2986 0.2707
307 559 0.0537
307 2226 0.1194
307 2512 0.2612
307 357 0.2563
307 929 0.1775
308 1275 0.0371
308 1065 0.1051
309 3035 0.1797
309 1603 0.1756
310 1411 0.0605
311 3174 0.0681
312 1653 0.0374
313 1271 0.1357
313 1548 0.1683
313 1584 0.2465
313 827 0.0478
315 1343 0.3378
315 2777 0.0893
315 1292 0.2206
315 1433 0.0246
316 1421 0.0283
316 2198 0.2672
316 627 0.1031
316 1754 0.27
316 536 0.048
317 2449 0.128
317 1882 0.1693
317 2732 0.0828
318 2170 0.3956
318 546 0.4253
319 3067 0.2727
320 1558 0.1202
320 1935 0.108
320 1010 0.0783
321 2625 0.0168
323 1014 0.3004
323 2631 0.3412
323 1456 0.2192
324 2432 0.1421
324 2501 0.0132
324 587 0.1415
324 603 0.3026
324 1162 0.1393
325 1895 0.118
325 1777 0.0767
325 911 0.1173
326 659 0.1866
327 443 0.1092
327 2300 0.0418
328 1678 0.1229
328 2017 0.0957
328 2988 0.0269
329 2214 0.0262
329 1785 0.0698
329 1837 0.1512
330 1230 0.2108
330 1388 0.1118
331 3031 0.2965
331 2977 0.0248
331 1076 0.2055
332 2425 0.1333
332 499 0.0473
332 2088 0.0313
333 1150 0.1875
333 1617 0.2126
333 2314 0.1213
333 2649 0.1176
334 1092 0.0246
334 1346 0.1813
334 3158 0.0485
334 2310 0.1339
335 1822 0.0928
335 2643 0.0816
335 2226 0.1876
335 3012 0.1671
336 988 0.1695
336 1442 0.028
337 2497 0.1751
337 953 0.1716
338 2561 0.0667
338 1188 0.0938
339 1766 0.1104
339 811 0.1575
339 393 0.1844
340 2890 0.1327
341 517 0.0564
341 2304 0.3462
341 2226 0.1744
342 3018 0.5658
342 2547 0.0755
342 3006 0.4258
343 2210 0.1577
343 1202 0.0914
344 2460 0.1362
344 2248 0.3616
345 1329 0.1293
345 1642 0.0398
346 544 0.2332
346 3043 0.0714
346 2147 0.1303
346 569 0.21
346 1063 0.3266
346 2362 0.0659
347 565 0.2808
348 2435 0.2084
348 2957 0.247
348 755 0.1027
349 3198 0.1875
349 664 0.067
350 2808 0.0406
350 1042 0.4234
351 1236 0.1537
351 1615 0.0971
351 2081 0.1585
352 1420 0.1336
354 1534 0.02
354 3081 0.1788
354 1302 0.3402
355 669 0.0361
356 1807 0.2095
357 1596 0.1677
357 2744 0.1927
357 1950 0.1302
358 3041 0.147
360 2602 0.0221
360 941 0.0589
360 2722 0.1041
360 2590 0.1263
361 1809 0.3452
361 966 0.1881
361 1619 0.0306
361 1228 0.3787
362 1195 0.1236
362 737 0.4028
362 1832 0.2211
363 2176 0.3975
364 1378 0.0459
364 1291 0.05
364 2318 0.2016
365 2508 0.1007
365 2414 0.0377
365 3065 0.0325
366 3085 0.1044
366 1583 0.0774
366 1969 0.08
366 1571 0.2105
366 2405 0.0256
367 1585 0.2614
367 547 0.1225
367 890 0.2101
367 2274 0.101
368 370 0.083
368 997 0.1981
369 2260 0.1348
369 2173 0.1531
370 1834 0.5044
370 2147 0.1057
370 1105 0.1615
370 2115 0.0737
371 2201 0.0078
371 1353 0.2369
371 1812 0.0455
372 1771 0.2477
373 2609 0.0358
373 2781 0.0588
373 3050 0.1593
373 2564 0.0647
374 960 0.0501
374 2502 0.0279
374 2096 0.2475
374 2510 0.1839
375 740 0.2312
375 1693 0.0969
375 2504 0.1209
376 2969 0.0636
376 1638 0.1222
376 1924 0.2186
376 1708 0.0325
377 1003 0.1961
378 1896 0.0396
378 1989 0.2842
378 670 0.2884
379 2387 0.1299
379 3103 0.1466
380 2098 0.1628
380 1056 0.2013
380 692 0.1387
381 2828 0.1582
381 1670 0.0799
381 3041 0.0701
381 3131 0.0862
382 1922 0.0747
383 2622 0.1306
383 2787 0.0954
384 859 0.1515
384 991 0.0827
384 1047 0.228
384 2616 0.0833
384 1038 0.1786
385 1244 0.1055
385 997 0.0881
385 786 0.2979
386 1828 0.1582
386 632 0.1715
386 1443 0.1517
387 2293 0.2442
387 1440 0.5446
387 1163 0.1635
387 3196 0.1542
387 1876 0.1733
388 1918 0.0886
388 1106 0.0542
388 2485 0.4662
389 955 0.1088
390 707 0.0213
390 2325 0.1081
390 2615 0.0823
390 2790 0.261
391 2046 0.1242
392 1777 0.186
392 2836 0.1528
392 2133 0.1039
393 672 0.0457
393 1453 0.3608
393 1184 0.2849
393 2701 0.1932
393 1798 0.1857
394 2762 0.0779
394 1735 0.0194
395 727 0.1009
395 2981 0.1709
396 2053 0.2029
396 1392 0.2473
397 800 0.0389
397 3155 0.0295
397 3036 0.0303
398 1328 0.0947
398 439 0.0764
398 2665 0.0401
398 3164 0.2748
398 1265 0.1045
400 2023 0.1211
400 2806 0.1784
401 1613 0.1155
402 1019 0.0351
402 915 0.1589
403 3050 0.4607
404 862 0.1534
404 2022 0.0422
404 713 0.1309
405 1421 0.2787
405 3173 0.0723
405 1212 0.3473
405 618 0.1079
405 2832 0.1944
405 1802 0.1083
406 1280 0.088
406 2235 0.0271
406 1928 0.0263
406 1666 0.1636
407 1845 0.3176
408 1017 0.0383
409 761 0.0158
409 764 0.3686
409 1130 0.151
409 3119 0.4277
410 850 0.0871
410 713 0.0926
411 1217 0.1369
411 3161 0.1169
412 936 0.0711
412 1704 0.23
412 2704 0.3018
413 1369 0.1793
413 631 0.0462
413 1095 0.1787
414 2301 0.119
415 460 0.0412
416 1590 0.0593
416 2531 0.1514
418 1300 0.06
419 2444 0.1567
419 969 0.155
419 2681 0.3849
420 2719 0.0289
421 1782 0.1946
421 2863 0.0087
421 2443 0.0731
422 1037 0.0207
422 3008 0.2281
422 1228 0.094
422 2427 0.0217
423 460 0.0161
423 637 0.0949
424 2903 0.1065
424 2281 0.0795
424 994 0.0648
425 2738 0.1362
426 2635 0.1674
427 2016 0.0765
427 1313 0.0887
427 1512 0.1317
427 1551 0.0141
427 538 0.1868
428 1970 0.4887
428 1708 0.0697
429 2699 0.0197
429 1824 0.0636
430 2621 0.1044
431 1574 0.0737
431 895 0.3534
431 690 0.0571
431 1237 0.2795
432 2303 0.269
432 1878 0.0627
432 802 0.298
432 841 0.1483
432 1900 0.4784
433 1962 0.2064
433 1042 0.3258
433 1157 0.1431
433 1736 0.1906
434 1584 0.1525
434 1360 0.1178
435 2542 0.1197
435 1593 0.0984
435 1405 0.1607
436 3142 0.28
436 956 0.078
437 1251 0.4221
437 567 0.1117
437 1916 0.0503
438 2927 0.2603
438 2781 0.1713
438 1534 0.018
439 1956 0.0252
439 3160 0.1228
440 638 0.0676
440 1897 0.3618
440 2585 0.0128
441 1135 0.0876
441 2414 0.1712
441 2714 0.129
442 2082 0.0695
442 2710 0.0323
443 3028 0.0816
443 1551 0.2289
444 898 0.1223
444 2703 0.0177
445 1058 0.1688
445 2529 0.0282
445 2407 0.1422
445 1326 0.0303
445 3157 0.3307
446 1892 0.0535
448 2559 0.0729
448 2429 0.1515
448 1630 0.1637
448 2325 0.0405
449 787 0.2997
449 2630 0.056
449 1255 0.0527
450 717 0.1731
451 3159 0.1972
451 1885 0.1233
452 899 0.0474
452 1387 0.1568
452 1632 0.1005
453 1580 0.0602
453 2426 0.0317
453 1336 0.0987
454 875 0.0244
454 790 0.2003
454 1316 0.0811
455 1459 0.2095
455 2824 0.1786
455 1088 0.048
456 1024 0.0626
456 2390 0.2536
456 627 0.2234
456 1556 0.1405
457 736 0.1536
457 2510 0.0676
457 2746 0.1323
457 1556 0.1549
458 1644 0.1426
458 1025 0.1875
458 3133 0.0374
459 1443 0.0568
460 2808 0.0261
461 546 0.2067
461 2869 0.0923
461 938 0.1047
461 567 0.1606
461 1513 0.1222
461 2955 0.1883
462 622 0.2255
462 683 0.0748
462 2072 0.4921
463 2016 0.173
464 571 0.1722
464 2756 0.2396
464 2642 0.0386
464 2176 0.129
465 1852 0.0889
466 1393 0.1583
466 2658 0.3475
466 1528 0.3006
467 1940 0.0532
467 2693 0.169
467 1420 0.0757
467 2893 0.0149
468 1875 0.1971
468 1246 0.1586
468 1584 0.1118
469 1396 0.1694
469 2560 0.0823
469 582 0.0969
469 2737 0.1194
470 2406 0.1474
470 2052 0.3803
470 1487 0.0093
470 2642 0.1474
472 1451 0.2066
472 2311 0.1558
473 663 0.1619
474 2941 0.0179
474 2983 0.1014
474 1767 0.1407
474 1472 0.029
474 2354 0.0678
475 2482 0.1611
475 926 0.2204
475 973 0.0667
476 3181 0.0356
477 1868 0.3312
477 2819 0.0438
477 845 0.0343
477 3102 0.128
477 2542 0.4418
479 2776 0.0212
480 1430 0.0059
480 2273 0.0787
480 2641 0.0697
480 1582 0.1348
481 3198 0.2561
481 2412 0.0416
482 1044 0.1195
482 2461 0.0949
482 1316 0.1012
483 2705 0.1779
483 2331 0.1754
483 1124 0.0141
484 523 0.1883
484 2301 0.06
485 3035 0.0342
485 1573 0.3128
485 1981 0.0564
486 1301 0.0588
487 2322 0.0213
487 1742 0.0738
487 2445 0.0516
488 868 0.1332
488 758 0.065
488 2839 0.2138
489 2751 0.3121
489 1121 0.0331
489 901 0.0744
490 1666 0.1648
490 600 0.1025
490 2144 0.029
490 2737 0.243
491 1239 0.188
491 2750 0.1493
491 2396 0.0991
491 876 0.1256
491 1842 0.2071
492 613 0.1241
493 2220 0.2801
493 2679 0.0767
493 1043 0.0749
493 2186 0.231
493 1137 0.0581
495 1214 0.1233
495 825 0.0926
495 2655 0.0632
496 1031 0.18
497 2909 0.5285
497 1625 0.1816
497 3109 0.0425
497 1972 0.1038
497 1074 0.1543
498 1720 0.0479
498 1561 0.1886
498 2908 0.1068
499 609 0.0615
499 2278 0.1195
499 2567 0.3137
499 1144 0.0589
500 1645 0.0568
500 2884 0.0679
500 2430 0.0224
501 2073 0.1551
502 946 0.2028
502 1992 0.1374
503 1369 0.0318
504 2482 0.4191
504 3013 0.0829
504 1541 0.2632
504 1153 0.0412
504 2583 0.0632
504 1734 0.2234
505 1289 0.3192
505 2204 0.0213
507 1811 0.085
507 2739 0.0237
509 2352 0.1236
509 1353 0.0741
510 2619 0.1787
510 1268 0.3535
511 1122 0.201
512 603 0.1089
512 567 0.0424
512 1091 0.0912
512 1520 0.3179
512 1272 0.1235
513 2745 0.1899
513 2024 0.1392
514 1223 0.1052
514 2061 0.0835
514 3188 0.1649
515 2482 0.0583
515 1156 0.0818
515 3030 0.2974
516 1651 0.1495
516 2268 0.0317
517 846 0.451
517 1794 0.0401
517 2354 0.1808
517 2761 0.0396
519 2321 0.0439
519 1180 0.0571
520 1506 0.2012
520 852 0.05
521 1238 0.1604
521 2626 0.0182
521 606 0.1329
521 3175 0.0034
522 2225 0.0517
522 562 0.048
524 545 0.1357
525 1618 0.0556
525 3199 0.1449
525 1285 0.1665
525 1461 0.1101
526 1683 0.1228
527 2206 0.0862
527 538 0.1213
527 2313 0.1885
528 2150 0.2081
528 2970 0.1303
528 1460 0.1834
529 2124 0.5201
529 2444 0.0597
529 2821 0.0483
529 1326 0.0261
529 1052 0.0357
530 844 0.0459
530 2741 0.0974
530 795 0.1726
531 2672 0.11
531 1196 0.0095
531 1372 0.2378
531 1790 0.1111
531 2760 0.223
532 1041 0.1499
532 3011 0.1086
532 2403 0.006
532 2138 0.2154
532 616 0.0986
532 2944 0.2805
532 2935 0.1388
533 3049 0.0641
533 607 0.2342
533 1035 0.1025
533 1063 0.0544
533 707 0.0254
533 2745 0.285
535 3134 0.167
535 2201 0.0278
535 3182 0.0769
536 2073 0.0244
536 2246 0.0489
536 2044 0.0906
536 2608 0.2604
537 3125 0.1994
538 1830 0.406
539 739 0.1658
539 948 0.1429
539 1706 0.1933
539 2928 0.1394
539 1525 0.0537
540 969 0.1256
540 788 0.1683
541 2795 0.2183
542 2577 0.0681
542 2915 0.055
542 1365 0.0734
542 2205 0.1577
543 2633 0.144
543 965 0.0932
543 854 0.2295
543 632 0.0515
543 2876 0.1051
543 620 0.1758
543 835 0.0489
543 1807 0.0371
543 1998 0.1158
543 894 0.105
544 2096 0.1748
545 2436 0.08
545 2114 0.1483
545 2530 0.0617
545 2810 0.1397
546 1787 0.345
546 2491 0.0896
546 2374 0.4821
547 3164 0.1378
547 2804 0.1801
547 988 0.0414
547 2461 0.1213
548 2119 0.245
548 1766 0.2522
549 1877 0.1288
549 2320 0.1267
550 2331 0.1525
550 2809 0.0629
550 2840 0.0925
551 1811 0.085
551 2517 0.1799
551 1947 0.1633
552 1376 0.1809
553 2307 0.1668
553 2826 0.2347
553 623 0.1228
554 2375 0.0578
554 912 0.0811
555 1431 0.1173
555 2606 0.0464
555 1234 0.0843
557 923 0.074
557 644 0.2274
558 1284 0.0538
558 983 0.1247
558 1012 0.1126
559 1900 0.1346
559 1882 0.1794
560 2490 0.0312
561 2435 0.1363
561 1312 0.0945
562 1816 0.1081
562 1433 0.2046
562 1678 0.1543
563 2420 0.0418
564 2903 0.1681
564 675 0.0291
564 2994 0.1005
564 927 0.5109
564 699 0.0889
565 2931 0.2199
565 2055 0.3034
565 1641 0.3627
566 2431 0.0692
566 1073 0.0682
566 917 0.0469
566 2649 0.1576
566 1002 0.1703
567 3188 0.0073
567 2090 0.0841
568 1028 0.0866
568 1642 0.0874
568 1151 0.2614
569 3177 0.1311
569 1635 0.284
570 2268 0.3774
570 3182 0.1761
570 1219 0.0577
570 2328 0.0529
570 1580 0.0386
571 2405 0.1877
571 1170 0.1205
573 2860 0.2438
573 784 0.1858
573 2318 0.1651
573 2836 0.1095
574 2252 0.1321
574 2228 0.0989
574 1309 0.1035
574 3036 0.4414
574 1018 0.046
575 1751 0.1122
575 1802 0.0796
576 1091 0.1874
577 2541 0.058
577 2014 0.0355
577 1696 0.1734
578 1084 0.0834
578 2269 0.2196
579 1309 0.0545
579 1743 0.3886
579 1596 0.0516
579 921 0.2172
580 2234 0.0555
580 2152 0.4188
581 2372 0.8012
581 1685 0.2472
582 3125 0.2699
582 2230 0.0728
582 2152 0.041
582 1474 0.1687
583 831 0.0741
584 1376 0.1062
584 1321 0.2207
584 2313 0.194
584 1766 0.0285
585 1379 0.1541
585 2565 0.2722
586 2790 0.0128
586 1293 0.2521
587 770 0.0372
588 599 0.1466
588 1921 0.0887
589 1424 0.0409
589 604 0.0293
589 1440 0.4346
590 1394 0.1618
590 2958 0.0198
591 2125 0.0487
591 1526 0.1035
591 1515 0.0962
592 1700 0.1903
592 896 0.0492
592 1250 0.0675
592 1565 0.1518
592 1882 0.0938
592 698 0.0592
592 2941 0.0507
593 2563 0.0673
593 974 0.0228
593 2655 0.0518
594 2723 0.0665
594 1104 0.1183
594 2829 0.155
595 725 0.0835
595 2869 0.4949
595 2788 0.168
595 1239 0.2172
597 1308 0.2201
597 3109 0.0519
597 642 0.1389
598 876 0.0977
598 1912 0.0332
599 1327 0.0632
599 2466 0.1268
600 1699 0.1471
600 893 0.0519
600 2576 0.255
602 2917 0.1053
602 2099 0.0894
603 2245 0.0803
603 1192 0.0956
604 724 0.1597
604 942 0.1304
604 2323 0.1552
605 2021 0.0678
605 1032 0.0784
606 2483 0.1172
606 2289 0.4074
607 2221 0.0396
607 2376 0.1968
607 2095 0.1742
607 1670 0.2262
607 2111 0.2087
607 1318 0.0287
607 1168 0.1346
608 1583 0.1041
609 1694 0.0692
609 1788 0.0561
609 2793 0.1576
609 812 0.06
610 1582 0.1608
610 2070 0.1287
610 1368 0.2968
610 1433 0.1651
610 2722 0.1567
611 1299 0.1153
611 1389 0.1197
612 3179 0.0891
612 938 0.4688
612 2190 0.0341
612 2977 0.2136
612 2575 0.1593
612 2171 0.0739
612 2472 0.2099
612 1244 0.0268
614 1815 0.1258
614 1840 0.123
614 2619 0.1772
614 835 0.0198
614 2243 0.0364
615 933 0.077
615 2569 0.0339
618 1253 0.054
618 951 0.6325
618 2697 0.0425
619 1908 0.0792
619 953 0.279
620 1474 0.0928
620 2295 0.0359
621 1857 0.1666
621 1001 0.091
622 1892 0.2071
622 2547 0.1692
625 1625 0.1563
625 2530 0.0524
625 1766 0.0255
626 1334 0.1077
627 1612 0.1163
627 2462 0.0615
628 1825 0.2919
628 1271 0.1549
628 2809 0.0881
628 2282 0.1247
630 2252 0.1954
630 1735 0.1117
630 2336 0.0621
630 1443 0.149
630 1573 0.1422
631 2148 0.0609
632 2846 0.1151
632 2023 0.0526
633 2794 0.0995
633 917 0.0654
633 946 0.3453
634 1055 0.1003
635 643 0.1591
635 891 0.2448
635 2210 0.3515
636 1181 0.2353
636 1125 0.2336
636 2247 0.1189
637 1965 0.1264
637 1563 0.0783
637 874 0.1006
638 1026 0.3655
639 2595 0.0266
639 1873 0.0773
639 2731 0.0274
639 1163 0.0906
640 2414 0.0795
642 703 0.213
643 3044 0.0635
643 2405 0.0687
643 2626 0.2661
643 3033 0.0776
644 2021 0.0585
644 1818 0.2644
645 3144 0.2509
648 1704 0.2211
648 674 0.272
648 864 0.2531
648 1139 0.1132
649 1465 0.0176
649 1301 0.0856
649 2810 0.0456
650 2712 0.0254
651 3047 0.1574
651 909 0.1151
651 1216 0.3665
652 1980 0.3199
652 915 0.053
652 3131 0.3914
652 2250 0.2023
653 685 0.0614
653 1510 0.0962
653 2595 0.2226
654 1197 0.0748
654 1292 0.0303
654 1082 0.1823
654 2916 0.3566
654 1888 0.1203
655 1638 0.313
656 2944 0.0874
656 1763 0.119
656 2743 0.1549
657 2203 0.0844
657 1596 0.4063
657 1353 0.1221
657 2158 0.0512
658 3130 0.2402
658 3070 0.0035
659 719 0.3619
659 2891 0.1668
660 799 0.0299
660 989 0.0863
660 886 0.1195
660 768 0.2145
660 747 0.1237
661 3166 0.0869
661 1897 0.0947
661 893 0.1125
661 2089 0.1351
661 1229 0.0463
661 3170 0.0683
662 2909 0.0517
662 1727 0.3035
662 3088 0.101
663 2184 0.1512
663 1717 0.1196
663 1051 0.0515
664 2514 0.1949
665 2156 0.0575
665 934 0.1185
665 2595 0.0547
665 2185 0.1915
665 1880 0.2209
666 899 0.1208
667 3164 0.4386
667 2094 0.1715
667 2547 0.1129
668 1767 0.0457
669 2680 0.1459
669 690 0.247
669 2462 0.2207
670 3188 0.1336
670 3071 0.0574
670 1989 0.2225
670 2166 0.2502
670 2683 0.1118
671 1236 0.1203
672 2077 0.0777
673 2529 0.1787
673 1684 0.0566
674 1333 0.0379
675 2229 0.157
675 1402 0.0445
675 2924 0.1083
676 1522 0.1703
676 741 0.228
676 961 0.2136
676 1919 0.2242
677 1098 0.1993
677 1845 0.0971
677 791 0.1461
678 2999 0.1165
678 2123 0.2952
680 987 0.3077
680 2335 0.1823
681 2999 0.0987
682 695 0.0979
682 1702 0.1367
682 3153 0.0912
682 2700 0.113
683 1874 0.1564
684 824 0.2027
684 2342 0.0301
685 1846 0.07
685 1199 0.1022
685 1722 0.1713
685 2930 0.2942
686 2862 0.4249
686 1876 0.02
686 2573 0.3045
687 2078 0.1664
687 2615 0.0491
688 2689 0.0426
688 2233 0.0655
688 1237 0.1806
689 2871 0.2035
689 873 0.2659
690 2057 0.1426
690 3074 0.063
690 2952 0.3413
690 1051 0.3046
691 1129 0.0679
691 809 0.0604
691 1175 0.2546
691 2106 0.2028
692 1521 0.1033
693 1351 0.1827
694 1913 0.2737
694 769 0.0693
694 2686 0.4363
695 1274 0.0724
696 1720 0.1507
697 2650 0.1113
697 1840 0.162
697 2902 0.2422
697 1856 0.2011
698 2131 0.0612
698 1865 0.0314
698 2608 0.0278
698 901 0.1072
698 1668 0.1053
699 2765 0.0189
699 945 0.0035
700 3148 0.0922
701 1335 0.1755
702 3194 0.0744
702 1056 0.0848
702 1135 0.063
702 2004 0.0653
702 2433 0.3015
703 3068 0.0366
703 808 0.2651
703 1987 0.1021
704 1065 0.217
704 2804 0.1684
704 2551 0.1274
705 1642 0.0889
705 1637 0.0325
705 2101 0.6515
706 2766 0.0456
708 2722 0.2229
708 1166 0.0349
708 1946 0.2727
708 1571 0.0404
709 735 0.4963
709 773 0.3013
709 2470 0.1923
709 2867 0.1854
710 2634 0.0877
710 2329 0.1628
710 3097 0.073
710 2074 0.2355
710 2294 0.1329
711 3052 0.325
712 1190 0.3059
713 3191 0.1788
714 2780 0.1212
715 1627 0.0093
715 3149 0.0409
716 3196 0.0357
716 2781 0.1587
716 725 0.0508
717 2418 0.3607
717 1144 0.0549
717 1945 0.1307
717 1263 0.1932
717 817 0.0512
717 909 0.1252
718 2669 0.1407
718 853 0.2713
719 3168 0.2445
719 1426 0.3783
719 1042 0.0493
719 1220 0.2377
720 2985 0.1673
720 1727 0.0081
720 1662 0.0838
721 2481 0.1778
721 1924 0.0558
721 2439 0.1917
722 1545 0.0721
722 2202 0.0344
722 1352 0.06
723 1245 0.2122
723 1790 0.2674
724 2048 0.2215
724 2117 0.0986
725 2602 0.1467
725 2669 0.0435
728 2033 0.1002
729 1224 0.0883
729 1106 0.1748
729 831 0.0783
730 922 0.0456
730 3004 0.0911
731 2477 0.013
731 1851 0.074
731 1868 0.0743
731 1561 0.2213
731 3054 0.0957
731 2278 0.0421
731 1914 0.0979
732 3008 0.0384
732 925 0.1024
733 1141 0.1781
733 1402 0.0178
733 1635 0.1146
733 842 0.095
733 2350 0.2482
734 3086 0.1004
734 950 0.1131
734 2680 0.3082
734 2689 0.067
735 2929 0.0616
736 2004 0.1468
736 2535 0.1225
737 1511 0.1348
737 1412 0.1852
738 3177 0.3295
739 2743 0.0886
740 2813 0.215
740 3144 0.0243
740 1266 0.2652
740 1402 0.0422
741 2714 0.185
742 3108 0.209
742 1249 0.1535
743 2434 0.1031
743 806 0.1443
745 1626 0.0457
745 2462 0.5122
746 1533 0.0664
747 1314 0.0876
747 2748 0.0996
748 956 0.0879
748 3199 0.0601
749 1879 0.3377
749 3094 0.0241
749 1945 0.1198
750 1061 0.0665
750 2960 0.2385
751 1141 0.0991
751 1884 0.2824
753 1486 0.1117
753 1856 0.3898
753 2055 0.3401
753 2413 0.0545
754 1793 0.0532
755 1739 0.1455
755 2313 0.0269
755 2653 0.0962
756 1410 0.0896
756 3138 0.128
756 1537 0.1044
756 1451 0.0943
757 2070 0.2187
757 3119 0.0156
757 2631 0.1189
760 1101 0.0455
760 1337 0.0219
761 2538 0.0749
764 2291 0.0789
764 1091 0.0604
765 1340 0.0646
765 1964 0.1827
765 1494 0.0406
765 2286 0.1788
766 1586 0.0335
767 2963 0.0815
767 1388 0.055
768 2803 0.1782
768 784 0.0446
769 981 0.0307
769 2326 0.2083
770 1724 0.162
772 1556 0.1751
773 1974 0.0348
773 2977 0.3877
774 3046 0.0192
775 2125 0.0771
775 2199 0.071
775 2499 0.1076
775 1307 0.0261
775 2885 0.0154
775 2698 0.1045
776 3138 0.1243
777 1242 0.4771
777 1102 0.1708
778 2087 0.165
779 2868 0.1779
779 1009 0.0986
779 2244 0.2251
780 3063 0.0876
780 2422 0.1594
780 1354 0.0649
780 787 0.0632
781 2194 0.0764
781 1697 0.0466
781 2475 0.0717
782 2243 0.0263
783 1089 0.0509
784 1571 0.0744
785 2660 0.5954
785 1024 0.3017
785 2044 0.5525
785 1289 0.2659
785 2516 0.0992
786 2715 0.2393
786 2900 0.0794
787 1621 0.0889
788 2614 0.1829
790 2990 0.1234
792 2502 0.1713
792 3038 0.1603
793 1769 0.1553
793 1616 0.1177
794 2418 0.3113
794 854 0.0569
794 1474 0.0401
795 2422 0.217
795 891 0.0938
795 2950 0.137
795 1389 0.0815
796 2082 0.06
797 1334 0.0824
798 1068 0.1116
798 1241 0.1127
799 1049 0.1783
799 2873 0.3219
800 1773 0.2129
801 2325 0.0916
802 1176 0.1814
802 2914 0.0143
802 2610 0.1675
804 925 0.1793
804 1877 0.136
804 2464 0.1664
804 1280 0.1308
804 1891 0.0881
804 2978 0.0988
804 1945 0.3476
805 1393 0.14
805 1216 0.09
806 1891 0.204
806 3175 0.1078
807 1476 0.0932
807 969 0.0639
808 2174 0.2023
808 953 0.2135
810 2528 0.1238
810 2714 0.1153
810 2102 0.0872
811 2097 0.1897
812 2224 0.0709
812 2062 0.2989
812 914 0.0496
812 2975 0.3423
813 3062 0.1778
813 1614 0.0541
814 2092 0.1155
815 1258 0.1228
815 1669 0.1316
815 852 0.1702
815 1673 0.2462
816 2914 0.2636
816 2307 0.1701
816 1462 0.1147
817 3156 0.1384
817 2245 0.1118
817 1992 0.2606
817 1421 0.015
818 2270 0.0123
818 2675 0.0723
818 2868 0.098
818 2905 0.125
819 1516 0.2522
819 1920 0.2484
819 2197 0.0608
819 1341 0.0221
819 2397 0.0408
819 1594 0.1905
820 1548 0.1162
820 900 0.3556
820 2163 0.2411
820 1812 0.2657
820 1455 0.1355
821 1119 0.1746
821 3084 0.0392
822 1342 0.1356
822 1593 0.0459
822 1786 0.2382
822 2858 0.0266
822 2974 0.0816
822 2539 0.0133
823 2490 0.1641
823 2237 0.026
824 3032 0.064
825 2202 0.0451
825 2450 0.106
826 1571 0.0684
827 1683 0.2246
827 1279 0.0319
828 3131 0.1605
829 2710 0.1346
829 1633 0.1314
829 3096 0.0336
831 1701 0.0313
831 2201 0.0269
832 1753 0.5977
832 1224 0.153
832 2373 0.0776
832 2738 0.0349
832 2970 0.1969
833 2467 0.0884
833 2791 0.0678
834 1277 0.119
834 1575 0.0111
835 1566 0.099
835 1234 0.2601
835 994 0.1536
835 1538 0.4011
835 2892 0.0149
836 1071 0.0814
836 2176 0.0143
836 1707 0.1146
838 1163 0.177
838 945 0.2142
838 1635 0.0285
839 2950 0.1934
840 937 0.007
840 2493 0.1329
840 2317 0.1375
841 1745 0.0836
841 2824 0.1457
841 1352 0.0148
842 2348 0.1539
842 1298 0.0622
843 2248 0.1722
843 3013 0.0312
843 2481 0.1551
844 2942 0.0891
844 2822 0.2555
846 1066 0.4114
846 2424 0.2292
846 2630 0.1913
847 1342 0.0929
847 1582 0.0083
849 3174 0.1601
849 2737 0.1278
850 971 0.0092
850 1942 0.3738
851 2218 0.0749
851 3050 0.1173
851 1457 0.1472
851 2568 0.8164
852 1858 0.1217
852 1389 0.1267
853 2087 0.0363
853 2154 0.0229
853 1764 0.2308
853 1722 0.3547
854 2935 0.1524
854 3059 0.3922
854 3129 0.1346
854 1600 0.087
855 3150 0.07
855 2163 0.2501
855 2889 0.3666
855 2247 0.1023
855 991 0.0737
856 2089 0.0503
856 1967 0.2775
856 1819 0.0748
856 1182 0.0824
856 1476 0.1018
856 2972 0.1231
857 1814 0.1685
857 1756 0.2585
857 1954 0.037
858 1655 0.1578
860 1553 0.1168
861 2849 0.1567
861 1638 0.0866
862 2424 0.0745
862 3181 0.0794
863 1603 0.1999
863 1967 0.0104
863 1315 0.1994
863 2545 0.2229
863 3089 0.1035
864 1345 0.0597
864 2920 0.0418
864 1702 0.1982
864 1770 0.2124
865 2289 0.0209
865 2851 0.0961
865 1917 0.1282
866 1167 0.2622
866 2550 0.1258
867 1595 0.0822
867 1361 0.1356
867 1665 0.1828
868 3178 0.1051
869 2899 0.0297
869 2601 0.065
869 1616 0.204
870 1079 0.1022
870 1268 0.6489
871 1396 0.0514
872 1091 0.321
872 2204 0.085
872 3110 0.0775
872 1053 0.0651
873 1291 0.0314
873 1139 0.1022
877 2000 0.3297
877 1260 0.0893
877 2748 0.1132
877 2709 0.0867
878 2012 0.1691
879 2231 0.1202
879 3144 0.1772
879 1169 0.0069
879 1212 0.1481
879 2045 0.0602
880 985 0.3394
880 2687 0.2192
880 1589 0.3003
880 2209 0.1368
881 2530 0.1658
881 2848 0.2852
881 909 0.1051
882 2930 0.0624
882 1116 0.1412
883 2249 0.028
884 1641 0.1056
885 2771 0.1423
885 921 0.3121
886 1528 0.06
886 2445 0.0758
887 1728 0.0497
887 3081 0.2651
887 1608 0.0868
887 1765 0.1846
888 1750 0.2424
888 2446 0.0762
890 1139 0.1254
891 2419 0.1997
891 1747 0.1137
891 897 0.3052
891 2873 0.0388
891 2666 0.1902
891 2211 0.1504
891 2467 0.1447
892 1488 0.0655
893 2196 0.0213
893 2319 0.1821
893 1618 0.1715
894 2189 0.0826
894 921 0.0851
894 1294 0.0803
894 1666 0.1743
896 3116 0.1431
896 1100 0.1971
896 1202 0.0357
896 3165 0.0087
897 1588 0.1434
898 2591 0.3237
898 2669 0.261
898 2652 0.2032
899 1076 0.1052
900 1452 0.1762
900 1171 0.0633
900 2954 0.2292
900 1554 0.2065
901 2536 0.2447
901 2992 0.2614
902 2520 0.234
902 2494 0.0497
903 2583 0.1503
903 2480 0.0709
903 1254 0.3651
903 1970 0.229
904 2293 0.0926
904 2526 0.1212
905 2305 0.1168
906 1053 0.2702
906 1010 0.2018
906 3082 0.1231
907 1779 0.0675
908 2161 0.1423
908 1784 0.0362
909 1637 0.0405
909 1730 0.1515
910 2932 0.1398
910 2521 0.0568
911 2431 0.25
911 1165 0.2629
911 952 0.1983
911 1749 0.0549
912 1009 0.2845
912 2174 0.1434
913 2286 0.1817
913 1791 0.1537
913 3034 0.3202
914 1846 0.1445
915 1253 0.138
915 1399 0.2011
916 2318 0.1526
916 2281 0.1245
917 1658 0.0152
917 1817 0.3006
917 1495 0.2881
918 2383 0.0618
919 1147 0.1273
919 997 0.0684
919 1284 0.3407
919 1691 0.1433
919 1176 0.0889
921 2919 0.0695
921 1050 0.2045
921 1411 0.3451
921 1916 0.0256
922 3166 0.0992
922 1116 0.2204
923 2175 0.1082
923 3103 0.0243
924 976 0.1829
924 1341 0.2172
924 2559 0.7575
925 2900 0.1603
925 2455 0.2487
925 2424 0.1357
926 962 0.0094
927 972 0.3336
927 2106 0.0289
929 2687 0.1731
929 2085 0.3363
931 1599 0.1796
931 2291 0.1761
931 1857 0.0679
932 1626 0.1037
933 2935 0.0707
933 2722 0.0958
933 2012 0.0575
933 1788 0.0869
935 2202 0.3287
935 1484 0.0609
936 1846 0.0612
937 2421 0.1018
937 1545 0.1889
937 2996 0.0526
938 2972 0.2029
938 1228 0.0703
939 3013 0.1924
939 1016 0.0781
939 1966 0.0945
939 1672 0.1095
940 1091 0.1151
940 2069 0.0579
941 1825 0.1871
941 2847 0.2111
941 2013 0.2115
942 3132 0.2489
942 2899 0.0623
944 2513 0.1477
944 1461 0.1063
945 2772 0.0713
945 3089 0.2129
945 2577 0.0932
946 3127 0.029
946 2302 0.245
948 2489 0.1114
949 965 0.0766
949 1631 0.1254
950 1656 0.1188
950 3030 0.0943
950 2080 0.1481
950 1543 0.0701
950 1698 0.1858
952 1395 0.1871
953 1473 0.145
953 1017 0.0514
954 1415 0.1634
954 1681 0.0751
954 2086 0.0722
954 1468 0.2323
955 2027 0.1037
955 2084 0.2306
956 1990 0.1953
956 2646 0.0212
957 2733 0.1861
958 2496 0.152
959 2270 0.3306
959 3130 0.0885
959 1448 0.1754
959 2652 0.3946
960 3013 0.1805
961 1076 0.1007
962 1653 0.0788
963 1192 0.0597
963 1742 0.1257
963 2072 0.1863
963 2577 0.0334
963 2933 0.0658
963 3145 0.1076
964 1457 0.1116
964 3196 0.086
966 2632 0.3976
967 2232 0.0351
968 1735 0.3328
970 2410 0.3289
972 2776 0.0873
972 2816 0.3929
972 2121 0.0241
972 2001 0.2191
973 986 0.1311
973 1421 0.1581
975 2864 0.0453
977 2910 0.1056
978 2906 0.073
979 2713 0.0657
979 3184 0.1044
980 1101 0.0776
981 2876 0.0529
981 2930 0.0762
982 2546 0.0611
982 2365 0.0268
982 1300 0.229
982 1081 0.1071
982 2216 0.1678
983 1469 0.0554
983 1357 0.4007
984 3109 0.1575
984 2138 0.0332
985 1641 0.2197
986 2579 0.0385
986 2945 0.0497
986 2131 0.092
987 1566 0.0423
987 2742 0.109
987 1309 0.0543
988 2788 0.052
988 1563 0.0814
988 1897 0.1615
988 2559 0.0549
989 1386 0.1219
989 1027 0.4934
990 1679 0.0657
990 1935 0.1325
990 1991 0.025
991 1540 0.2706
992 2480 0.1394
992 2344 0.1888
992 1758 0.1933
993 2013 0.0333
994 3046 0.2598
994 1758 0.0703
994 2771 0.1622
994 2920 0.0588
995 1005 0.085
995 1182 0.0725
996 2004 0.2579
997 2424 0.0305
997 1712 0.0501
998 1645 0.0746
998 1873 0.2252
998 2229 0.2701
999 2652 0.0773
999 1234 0.1818
999 1599 0.1668
999 1574 0.2266
1000 2894 0.2283
1000 1650 0.156
1000 1323 0.0296
1001 1745 0.2924
1002 2684 0.2021
1003 1912 0.1757
1004 2856 0.2277
1004 2689 0.1941
1004 2435 0.1406
1004 3145 0.0882
1005 1740 0.0481
1005 2879 0.5345
1005 2603 0.0581
1005 2611 0.0501
1005 1755 0.1617
1006 1240 0.1188
1006 1142 0.202
1007 2402 0.1861
1007 2207 0.1402
1008 1229 0.117
1009 1476 0.0013
1009 1686 0.0693
1010 1087 0.2043
1010 2756 0.083
1011 1246 0.2859
1012 1034 0.1007
1013 2748 0.1706
1013 2281 0.1781
1014 3054 0.0657
1014 1070 0.0847
1014 2186 0.039
1015 1630 0.1157
1015 2334 0.1294
1016 1551 0.0747
1016 2385 0.2192
1016 1311 0.3383
1016 1686 0.1091
1017 3119 0.2721
1017 2532 0.0917
1018 2959 0.4473
1019 1298 0.0581
1019 1507 0.1317
1019 2874 0.1064
1021 1732 0.1516
1021 1476 0.1517
1022 1100 0.1239
1022 2779 0.072
1023 2755 0.0274
1023 2155 0.033
1023 2784 0.6812
1023 2623 0.0725
1024 2217 0.1025
1024 1332 0.0215
1024 2814 0.2934
1024 2487 0.0613
1025 2207 0.066
1025 2609 0.0841
1026 1770 0.1175
1026 2609 0.0254
1026 1634 0.2029
1026 1826 0.0241
1027 3102 0.0414
1027 3153 0.0629
1028 2962 0.0465
1029 2136 0.1676
1030 2064 0.1392
1030 2596 0.0762
1031 2357 0.0738
1031 3133 0.3174
1031 3059 0.1509
1031 2360 0.1634
1032 2924 0.2
1032 3114 0.1453
1033 2313 0.0838
1033 1430 0.0789
1033 1254 0.0867
1033 2408 0.1182
1033 3110 0.202
1034 3096 0.084
1034 1301 0.0884
1035 2607 0.305
1035 2692 0.1634
1035 2486 0.0335
1035 2842 0.0498
1035 1389 0.0636
1036 1996 0.1078
1036 2973 0.1176
1037 2914 0.2538
1037 2260 0.2121
1038 2990 0.1522
1038 2693 0.0677
1038 2793 0.0309
1039 2506 0.0204
1041 2900 0.0155
1042 2969 0.1276
1042 3105 0.0786
1044 1058 0.0833
1044 2532 0.0201
1045 2257 0.1108
1045 2160 0.0736
1045 2072 0.084
1045 2574 0.0634
1045 1902 0.0409
1045 2758 0.1311
1046 1061 0.2106
1047 3186 0.0451
1047 1591 0.1293
1048 2492 0.21
1049 2439 0.2099
1049 2464 0.0716
1050 1668 0.2702
1050 1421 0.0907
1050 2679 0.0389
1050 1642 0.0744
1050 1948 0.1548
1052 1267 0.2041
1053 2758 0.1899
1053 1226 0.1378
1053 2333 0.1063
1054 2830 0.2035
1054 1072 0.0027
1054 2520 0.0741
1055 2132 0.1937
1055 2918 0.1143
1055 2603 0.0514
1056 1352 0.0605
1056 1691 0.2398
1056 1368 0.0502
1058 1562 0.0837
1059 2498 0.1187
1059 1999 0.0584
1060 1441 0.1023
1060 1586 0.0973
1061 1134 0.2966
1061 1266 0.0637
1061 1096 0.3017
1061 2329 0.0507
1062 1984 0.1629
1062 2321 0.2633
1062 1193 0.0108
1062 1282 0.0544
1063 1980 0.0613
1063 2203 0.0791
1063 1174 0.0465
1063 2632 0.0411
1063 2500 0.0924
1063 2527 0.0461
1064 1097 0.0944
1064 2493 0.2183
1064 1814 0.0827
1066 1557 0.0373
1066 1604 0.0316
1066 1877 0.2612
1066 2525 0.0675
1069 1282 0.1778
1069 2854 0.1099
1070 1538 0.1271
1070 1631 0.048
1072 1938 0.0759
1073 1881 0.074
1073 3096 0.0348
1075 1282 0.1903
1075 3180 0.1092
1077 1186 0.0887
1077 1578 0.1278
1078 2904 0.1142
1078 1918 0.0141
1079 2882 0.092
1080 1839 0.1232
1081 1431 0.1496
1081 3153 0.2267
1081 2280 0.0869
1082 2083 0.1557
1082 1979 0.0262
1082 3115 0.0386
1083 2900 0.1224
1083 1363 0.0481
1084 3069 0.3822
1084 2441 0.1612
1085 3073 0.1675
1085 1719 0.1757
1086 2803 0.1831
1087 2670 0.3459
1088 2790 0.1434
1088 1177 0.0402
1088 1318 0.0195
1089 2969 0.0221
1089 2590 0.3182
1089 2431 0.0149
1090 2955 0.198
1090 1209 0.3859
1091 2955 0.0846
1091 2621 0.0344
1091 2802 0.2844
1092 1783 0.1177
1092 2332 0.023
1092 1552 0.1373
1092 2512 0.038
1093 1252 0.166
1094 2922 0.0789
1094 1694 0.3113
1094 1691 0.1584
1094 1179 0.1727
1094 2408 0.1487
1095 2903 0.0295
1095 1549 0.1098
1096 2220 0.1315
1097 3109 0.0916
1097 1615 0.0822
1099 1712 0.0881
1099 1198 0.1774
1099 1602 0.0717
1099 1331 0.1131
1099 2999 0.092
1100 3152 0.2019
1100 1273 0.2961
1101 1902 0.0155
1101 2104 0.396
1101 1590 0.1454
1101 1380 0.0829
1101 1418 0.0713
1102 1880 0.2661
1102 1367 0.4751
1102 1397 0.178
1103 2169 0.0681
1103 3041 0.156
1103 2884 0.1046
1104 2278 0.023
1104 2385 0.0338
1105 1423 0.3089
1105 1246 0.135
1106 1146 0.3846
1106 3144 0.0694
1107 2892 0.3462
1109 2090 0.3335
1109 2171 0.1304
1109 2257 0.1219
1110 1659 0.205
1111 1961 0.0148
1111 2094 0.1583
1111 1940 0.3741
1112 2229 0.0989
1112 2152 0.08
1113 1526 0.2074
1113 1745 0.2648
1114 1632 0.1555
1115 2111 0.0648
1116 1332 0.1593
1116 1808 0.1589
1117 2655 0.0486
1117 1745 0.2808
1118 1139 0.1119
1118 2261 0.0663
1119 2448 0.0767
1119 1235 0.032
1120 2831 0.2561
1121 3149 0.0317
1121 3068 0.1984
1122 2608 0.0872
1123 2498 0.2248
1123 1142 0.0525
1124 2080 0.0489
1124 1780 0.0521
1124 2908 0.0338
1127 2647 0.3249
1128 2968 0.0271
1128 1457 0.1809
1129 2821 0.258
1129 2517 0.1565
1129 2749 0.249
1130 1729 0.1168
1130 1759 0.2834
1132 1965 0.039
1133 2541 0.1615
1133 2529 0.18
1134 2180 0.046
1134 1817 0.159
1135 2956 0.0997
1135 2141 0.0242
1135 2410 0.0016
1136 2443 0.1255
1136 2567 0.3558
1137 1210 0.3927
1137 2603 0.1814
1137 2276 0.0639
1138 2961 0.0162
1139 1918 0.1387
1139 2888 0.1013
1140 2029 0.0967
1140 1701 0.4316
1140 2712 0.0666
1141 2163 0.1833
1142 1906 0.1041
1143 2813 0.0849
1143 1573 0.0092
1143 3099 0.3644
1143 2385 0.2807
1144 2337 0.1222
1145 1850 0.208
1145 2227 0.2034
1145 2237 0.0549
1146 2921 0.0912
1147 1317 0.0201
1147 3032 0.0212
1147 1173 0.1684
1147 1955 0.2563
1147 2445 0.2121
1148 1960 0.2099
1148 3089 0.1991
1149 2732 0.1663
1149 2007 0.0754
1151 3094 0.062
1151 3039 0.1351
1151 3055 0.1421
1152 1647 0.0949
1152 2359 0.0995
1152 1411 0.1158
1153 1647 0.3101
1153 3025 0.2634
1154 2438 0.0091
1155 2448 0.1314
1155 2788 0.5617
1156 2256 0.6386
1156 1944 0.0796
1157 2152 0.0574
1157 2758 0.1228
1158 2936 0.158
1160 1892 0.1215
1161 1894 0.1741
1161 2278 0.3951
1162 2909 0.2817
1162 2254 0.079
1162 2498 0.1063
1163 2406 0.0773
1164 2232 0.2371
1165 1701 0.0783
1165 1409 0.0629
1166 1246 0.0773
1169 1921 0.2884
1169 1422 0.1233
1169 2115 0.0853
1169 2030 0.0872
1170 1905 0.1827
1170 2427 0.0552
1170 2296 0.1979
1171 2366 0.0788
1172 3062 0.189
1172 1542 0.0247
1175 2370 0.0669
1176 2414 0.1287
1176 2104 0.1534
1176 2125 0.3368
1178 2072 0.0513
1179 1786 0.1633
1179 1448 0.1592
1179 2115 0.1762
1180 1713 0.0562
1181 2506 0.1934
1181 2379 0.1082
1182 2198 0.1213
1182 1801 0.0814
1184 2578 0.4159
1184 2234 0.3828
1185 2090 0.1746
1185 2366 0.0379
1186 1882 0.142
1186 3084 0.0744
1186 2610 0.1543
1188 1297 0.0782
1189 2548 0.0694
1190 2857 0.2285
1190 1596 0.0891
1190 3028 0.4172
1191 2579 0.0696
1192 2872 0.2479
1192 1602 0.2482
1193 1975 0.0887
1194 1657 0.2483
1195 2060 0.2115
1195 2702 0.2146
1196 2473 0.0815
1196 1264 0.1055
1197 2645 0.191
1197 1591 0.1746
1197 2537 0.3386
1197 1946 0.1702
1197 2657 0.1577
1197 2477 0.2119
1197 2589 0.1514
1198 2103 0.0456
1200 1223 0.0169
1201 2281 0.351
1201 2108 0.0951
1201 1783 0.0862
1201 2592 0.0594
1202 2465 0.1101
1202 2911 0.0491
1202 2387 0.2621
1202 1958 0.1875
1202 3078 0.3818
1203 3088 0.1459
1203 1548 0.0691
1203 1733 0.1413
1203 2842 0.0198
1203 1341 0.273
1204 2253 0.0594
1204 1261 0.0407
1204 1693 0.0578
1204 2081 0.2874
1205 1832 0.0161
1205 2829 0.0197
1205 1680 0.1035
1206 2914 0.1459
1206 2354 0.0082
1206 2753 0.0366
1206 2697 0.1127
1207 1887 0.0514
1208 2114 0.1939
1209 2731 0.0397
1209 2938 0.1476
1209 1697 0.0974
1209 2428 0.0357
1210 1494 0.2752
1211 1865 0.1876
1212 2064 0.0236
1212 1391 0.1964
1214 2233 0.0376
1215 2772 0.034
1216 2674 0.0856
1216 2552 0.0957
1216 1540 0.3353
1219 2905 0.125
1219 2232 0.0949
1220 3046 0.1326
1220 2357 0.1032
1221 1710 0.1039
1221 2295 0.1936
1222 2083 0.3194
1223 2836 0.0782
1223 2850 0.1039
1223 3042 0.2104
1224 2106 0.0839
1224 2036 0.159
1225 2949 0.2145
1225 3010 0.1108
1226 2850 0.0884
1226 3059 0.104
1226 2142 0.0768
1226 2927 0.002
1227 2262 0.0603
1227 1557 0.0378
1228 3112 0.1329
1229 1275 0.2125
1229 3047 0.3581
1230 2666 0.1592
1231 2016 0.3568
1231 2396 0.2171
1232 2957 0.0946
1232 1269 0.2303
1232 2746 0.0365
1233 1612 0.2177
1234 2646 0.1517
1234 1788 0.0565
1234 2760 0.0912
1235 2307 0.2129
1235 3034 0.09
1235 2203 0.1773
1236 1853 0.0857
1236 2924 0.2307
1236 2130 0.0474
1237 2085 0.1081
1238 3052 0.0618
1238 2106 0.0449
1239 2249 0.2599
1239 1498 0.0854
1241 2917 0.0286
1241 2216 0.1703
1242 2671 0.0941
1242 2061 0.1943
1243 2229 0.1192
1243 2239 0.2261
1244 1372 0.2363
1244 1949 0.0623
1245 2855 0.1339
1245 1682 0.0703
1245 1925 0.0636
1246 2478 0.3696
1246 2893 0.0435
1247 1748 0.1172
1247 3015 0.1438
1248 1434 0.1009
1248 1582 0.0765
1249 2169 0.2255
1249 2247 0.1194
1250 2879 0.1914
1250 2835 0.2127
1250 2067 0.0178
1251 2791 0.1763
1251 3054 0.2131
1251 1780 0.1439
1252 1350 0.1359
1252 2424 0.0752
1253 1272 0.0623
1255 1551 0.1372
1256 2394 0.0267
1256 1660 0.1394
1256 1596 0.0653
1256 1280 0.0359
1258 2815 0.0419
1258 1997 0.0477
1258 1303 0.0973
1258 1294 0.2511
1259 1648 0.1066
1259 1715 0.0932
1260 2380 0.1764
1261 2702 0.0924
1261 1451 0.135
1261 1844 0.1203
1262 1824 0.2925
1262 2171 0.0668
1263 2881 0.1447
1263 1837 0.142
1264 1385 0.0171
1264 2077 0.2921
1264 2283 0.1604
1264 3001 0.0968
1265 2701 0.0471
1267 1628 0.0671
1267 1823 0.0621
1268 3077 0.1437
1268 1937 0.1085
1269 2375 0.0497
1270 1665 0.1021
1272 2057 0.0231
1272 2811 0.21
1273 3161 0.1547
1274 2399 0.1974
1274 2345 0.0965
1274 2265 0.0923
1274 2431 0.0851
1275 1281 0.1505
1276 2478 0.0496
1276 2932 0.103
1277 1910 0.1293
1277 2804 0.1744
1278 1933 0.238
1278 2994 0.0625
1279 3116 0.1017
1280 3006 0.0652
1281 2027 0.1768
1281 1505 0.1152
1282 1585 0.2355
1282 1820 0.1296
1282 1870 0.3835
1283 1602 0.0735
1284 2185 0.0717
1284 1730 0.3195
1284 1692 0.3034
1285 2975 0.0349
1285 2593 0.0469
1288 1953 0.2256
1288 2607 0.1095
1291 2642 0.0451
1291 2124 0.2633
1292 3180 0.0163
1292 2255 0.1817
1292 1710 0.1307
1292 2650 0.0676
1293 1622 0.1307
1293 2803 0.0646
1293 2986 0.0406
1294 3193 0.215
1294 1967 0.1425
1295 2024 0.3008
1295 1639 0.1157
1295 1679 0.0587
1296 1768 0.0634
1296 2105 0.0232
1297 2371 0.2331
1297 1593 0.0264
1298 2976 0.0864
1299 2165 0.1393
1299 1654 0.2041
1299 2789 0.2019
1299 1793 0.1083
1299 1798 0.0821
1300 2670 0.1394
1300 2473 0.0853
1301 2346 0.1381
1301 2887 0.0703
1301 1692 0.2974
1302 2358 0.2124
1303 3156 0.0846
1303 3050 0.0968
1304 2196 0.025
1304 1565 0.0951
1304 2784 0.0621
1305 1444 0.1852
1305 2093 0.0649
1305 1625 0.0827
1305 2110 0.1193
1305 1919 0.2084
1306 1808 0.0225
1308 1967 0.1877
1309 2303 0.2458
1310 2357 0.3346
1311 1842 0.0421
1311 2504 0.0895
1313 1802 0.058
1314 2538 0.1467
1315 2702 0.1054
1316 2016 0.0853
1317 3172 0.0095
1318 2033 0.16
1318 2110 0.559
1318 1828 0.0227
1319 2479 0.0278
1319 3023 0.082
1319 2340 0.0976
1321 1998 0.1126
1322 2645 0.1509
1322 2196 0.1286
1323 1420 0.1737
1323 1571 0.1854
1324 1984 0.0971
1324 2729 0.1756
1327 1893 0.2431
1328 1894 0.1439
1328 1809 0.0378
1329 2586 0.0309
1330 1521 0.1768
1330 2137 0.0733
1331 1478 0.2777
1331 1746 0.1307
1332 2507 0.0825
1332 1833 0.2615
1332 2072 0.2244
1332 2085 0.2029
1333 1341 0.0513
1333 2220 0.2964
1333 1719 0.2175
1334 2219 0.2172
1335 2164 0.0904
1335 2553 0.3832
1336 1762 0.1864
1336 1917 0.0468
1337 1422 0.0845
1338 1357 0.0336
1338 1464 0.131
1339 2307 0.0967
1340 2865 0.1563
1340 2469 0.1686
1342 1729 0.2165
1342 2504 0.1272
1342 1541 0.1076
1342 2490 0.033
1342 2369 0.0765
1344 1719 0.0127
1344 1605 0.4493
1344 3048 0.0769
1345 2294 0.0839
1346 2783 0.2321
1346 2150 0.0737
1347 1374 0.0271
1347 3047 0.2016
1348 1832 0.1104
1350 2500 0.0359
1350 2584 0.0304
1350 2347 0.1111
1351 1967 0.0887
1351 1421 0.0729
1351 3048 0.2631
1352 2997 0.2781
1353 1440 0.219
1354 2005 0.0621
1355 2047 0.2238
1356 2508 0.2295
1356 2078 0.2884
1356 2482 0.0708
1356 1769 0.0259
1357 1907 0.0549
1359 1639 0.2486
1359 3169 0.0248
1360 2458 0.1821
1360 1379 0.1603
1361 2199 0.152
1362 3043 0.1461
1362 1604 0.013
1362 1477 0.2305
1363 2069 0.2006
1364 3195 0.0685
1364 2114 0.2914
1365 2135 0.0406
1365 2402 0.336
1366 1717 0.1724
1366 2056 0.1715
1367 2485 0.2289
1367 2113 0.0401
1367 2797 0.1175
1369 2229 0.1393
1369 1632 0.0588
1369 2577 0.0765
1370 1827 0.1071
1371 1868 0.3077
1372 2772 0.0641
1373 3055 0.1184
1374 1495 0.3049
1374 2851 0.2062
1375 1775 0.0579
1376 2546 0.1163
1377 2206 0.3713
1378 1591 0.1057
1378 1826 0.1097
1379 1404 0.3144
1380 1688 0.1026
1380 1990 0.0077
1380 1813 0.1925
1381 2323 0.036
1381 1496 0.229
1381 1580 0.3317
1383 2793 0.1054
1383 2045 0.0776
1384 1702 0.233
1384 2072 0.1006
1384 2443 0.1752
1385 2095 0.0934
1386 2631 0.1456
1387 1507 0.0673
1387 1620 0.2026
1387 2086 0.0624
1387 1481 0.1192
1387 1428 0.2752
1388 1758 0.1202
1388 2635 0.2743
1388 1606 0.2859
1388 1929 0.2218
1389 2203 0.0508
1390 2994 0.0388
1390 2141 0.431
1392 1484 0.0938
1394 2179 0.228
1395 1974 0.1737
1395 2941 0.1178
1396 3102 0.3154
1396 2602 0.3172
1397 1806 0.2593
1398 1474 0.3357
1398 1882 0.1606
1400 2268 0.1234
1400 2396 0.1042
1400 1862 0.193
1400 2997 0.1612
1401 1534 0.0491
1402 2715 0.0113
1404 1750 0.1549
1405 2410 0.3568
1406 1583 0.2006
1406 2701 0.028
1406 1534 0.0577
1407 2384 0.1838
1407 2004 0.1085
1407 2412 0.0566
1408 2104 0.0325
1408 2814 0.0885
1409 2229 0.0648
1411 2027 0.061
1411 1613 0.2444
1412 1459 0.0906
1413 3158 0.1143
1413 2370 0.2149
1414 1677 0.1532
1416 3010 0.1485
1416 1613 0.2119
1417 1697 0.1287
1417 3165 0.058
1418 2978 0.4075
1419 2036 0.288
1420 1728 0.1217
1420 2692 0.1352
1420 1835 0.1234
1422 2537 0.1206
1423 3151 0.0898
1423 1686 0.0775
1423 1447 0.1105
1423 1774 0.115
1424 2144 0.2236
1425 2609 0.2589
1425 2984 0.0183
1425 1735 0.0416
1428 3177 0.1382
1428 2261 0.0861
1429 3074 0.0694
1430 1480 0.1207
1431 1750 0.2452
1432 1755 0.1554
1432 1834 0.2406
1432 1812 0.14
1433 1463 0.1709
1433 1768 0.0455
1433 2915 0.196
1434 2667 0.1033
1434 1441 0.2611
1435 3171 0.0506
1437 2003 0.3607
1437 3179 0.1694
1438 1862 0.2991
1438 2942 0.0434
1438 2882 0.1319
1438 1871 0.0419
1440 1935 0.1176
1441 1877 0.0173
1441 1492 0.0549
1441 3090 0.0322
1442 1927 0.2902
1442 2477 0.4095
1442 1528 0.4446
1443 2794 0.3358
1445 1793 0.084
1445 2063 0.0109
1446 2240 0.1849
1446 1841 0.0964
1446 3167 0.0311
1446 1746 0.0232
1447 2366 0.1565
1449 2398 0.0905
1450 2123 0.1714
1450 3041 0.0442
1451 2126 0.0557
1452 1981 0.0578
1453 2375 0.1518
1454 2570 0.2944
1455 2062 0.0958
1455 2964 0.0709
1456 1874 0.0655
1456 2098 0.1388
1456 1690 0.3752
1456 2920 0.061
1456 1573 0.1712
1457 2710 0.0282
1457 2497 0.3099
1457 1655 0.0549
1457 1732 0.2842
1458 3012 0.0708
1458 3189 0.0643
1458 2393 0.0584
1458 2615 0.0275
1458 1516 0.0205
1459 3126 0.0524
1459 1941 0.1445
1459 2341 0.2493
1459 2700 0.1871
1460 3146 0.0616
1460 2376 0.1018
1461 1986 0.1468
1461 2774 0.0346
1461 3068 0.0241
1461 1626 0.3318
1462 2010 0.2507
1462 3104 0.0515
1463 2472 0.1619
1464 1965 0.075
1464 2897 0.1077
1464 2437 0.2098
1465 1821 0.079
1465 2734 0.0237
1468 2895 0.1109
1469 1541 0.2095
1469 1976 0.0915
1469 1851 0.1158
1469 2648 0.0919
1470 2108 0.0697
1470 2750 0.0409
1471 3074 0.2289
1472 2155 0.0651
1472 1480 0.0789
1472 1860 0.1634
1472 1740 0.213
1473 3163 0.0408
1473 2018 0.1152
1473 2007 0.0991
1474 3094 0.1025
1475 2499 0.0799
1476 2994 0.0825
1476 1515 0.0174
1478 3177 0.0497
1478 1954 0.1997
1478 2235 0.2264
1479 1805 0.008
1480 1790 0.1225
1481 2369 0.0927
1481 2962 0.3476
1481 1869 0.2883
1484 2161 0.1384
1484 1526 0.0583
1487 2229 0.1372
1488 2870 0.044
1489 1811 0.1183
1489 1965 0.0324
1490 3061 0.0523
1490 1875 0.4415
1491 3037 0.0805
1491 2142 0.1656
1491 2143 0.0919
1491 1642 0.0583
1493 2334 0.135
1493 2936 0.0791
1493 1727 0.1905
1495 2407 0.2693
1495 1749 0.1528
1496 2529 0.1552
1496 2321 0.0899
1497 2880 0.1984
1497 2669 0.1652
1497 1744 0.2581
1498 3167 0.0454
1499 2079 0.082
1499 2905 0.2657
1501 1661 0.1815
1501 3089 0.1633
1501 1982 0.1136
1503 2247 0.1326
1503 2230 0.2567
1504 2535 0.0512
1504 2242 0.2536
1505 1772 0.2788
1505 2550 0.1606
1506 2042 0.1121
1506 1755 0.1188
1506 2862 0.1688
1507 1993 0.1707
1507 1786 0.0989
1508 2698 0.5445
1508 1723 0.0753
1508 3073 0.084
1508 2973 0.1656
1508 2382 0.3347
1508 1795 0.0391
1509 2985 0.0226
1510 2073 0.3308
1510 1987 0.0954
1510 2565 0.094
1511 2818 0.4007
1513 2017 0.0675
1514 2140 0.1501
1516 2052 0.1338
1516 2635 0.0656
1516 1672 0.1152
1516 2611 0.0369
1516 3083 0.0036
1516 2424 0.2154
1517 2005 0.1173
1517 3091 0.183
1518 1789 0.0537
1518 1860 0.0392
1521 2654 0.0191
1521 2694 0.1037
1521 2446 0.1034
1522 2764 0.4386
1522 3150 0.0952
1523 2949 0.1281
1523 1633 0.1778
1523 2531 0.1283
1524 2351 0.0611
1524 2878 0.2797
1526 2519 0.0928
1526 1789 0.1978
1529 3051 0.2436
1529 1926 0.0675
1530 2049 0.3056
1530 1741 0.1779
1532 3081 0.0569
1532 3009 0.0507
1533 2705 0.0376
1533 2561 0.3033
1533 3191 0.0811
1533 1707 0.174
1533 2263 0.1406
1534 2294 0.0113
1536 1616 0.165
1537 3048 0.0536
1538 2397 0.111
1538 1789 0.2372
1539 2209 0.1517
1540 1698 0.107
1540 2415 0.2125
1541 2605 0.0701
1541 2065 0.1785
1542 1895 0.1473
1542 2198 0.2759
1542 2340 0.0964
1544 3137 0.0208
1544 2174 0.0899
1545 2927 0.2484
1546 2652 0.0357
1546 1681 0.1004
1546 3185 0.1593
1547 1842 0.0386
1547 2822 0.0646
1547 3013 0.1442
1548 2715 0.1008
1549 2223 0.0879
1549 2583 0.1623
1549 2732 0.1329
1550 2610 0.3451
1550 3058 0.0211
1551 1891 0.0653
1551 1937 0.0583
1553 2243 0.0345
1553 2123 0.085
1553 2228 0.1866
1554 2668 0.2041
1554 2313 0.0362
1554 3059 0.0512
1554 2336 0.2975
1555 2143 0.0664
1556 2921 0.1014
1557 2089 0.1224
1558 2714 0.0631
1559 3155 0.0694
1559 2143 0.2419
1559 1924 0.0557
1560 2461 0.0986
1561 2811 0.1875
1561 3033 0.1761
1562 2133 0.1932
1563 2976 0.2413
1564 2888 0.1322
1564 2835 0.0893
1565 3026 0.3146
1566 2780 0.2848
1566 1872 0.1814
1567 1660 0.1462
1567 2208 0.2536
1569 2336 0.0632
1569 2376 0.0835
1569 2587 0.1915
1569 1878 0.0304
1569 2745 0.1189
1569 3148 0.1098
1569 1822 0.3481
1569 2877 0.1624
1570 2852 0.1634
1571 1946 0.1776
1571 1685 0.0222
1571 3071 0.1063
1571 2232 0.1087
1571 3079 0.1761
1572 2109 0.4364
1572 2706 0.2849
1572 1791 0.2778
1573 2942 0.0227
1575 2743 0.1247
1576 2137 0.083
1576 1976 0.1063
1577 2366 0.0685
1577 2533 0.2242
1578 2223 0.4071
1578 1853 0.0405
1580 2265 0.0123
1580 1655 0.0931
1581 2889 0.1862
1581 1820 0.1511
1581 3159 0.1325
1581 1793 0.1767
1582 2319 0.0388
1582 2726 0.3086
1583 2798 0.2577
1585 1958 0.0889
1587 2204 0.0831
1587 1995 0.1993
1591 2526 0.1293
1591 2285 0.2557
1592 2178 0.0932
1593 2677 0.0138
1594 2373 0.1928
1594 2134 0.379
1594 1785 0.0224
1595 2236 0.0071
1595 2244 0.177
1595 2011 0.1265
1596 1772 0.2256
1596 1833 0.2008
1597 2727 0.0442
1597 2224 0.0502
1598 2217 0.064
1598 1811 0.0963
1599 2659 0.1714
1600 2848 0.0815
1600 2208 0.0908
1600 2345 0.3027
1601 2392 0.0809
1601 1700 0.0297
1602 1886 0.131
1603 2294 0.0878
1603 1771 0.1168
1604 1745 0.1951
1604 2568 0.1412
1605 2676 0.2764
1605 2572 0.1632
1605 2844 0.2858
1605 3008 0.2712
1605 2766 0.3242
1606 2786 0.0709
1607 2298 0.1057
1609 2522 0.1337
1609 1881 0.1137
1609 2241 0.1211
1609 3085 0.027
1610 2133 0.0215
1610 2039 0.0935
1610 2365 0.1021
1610 2137 0.2822
1611 2412 0.2362
1611 2530 0.1817
1612 2368 0.0581
1612 2937 0.1229
1612 1870 0.0106
1612 2634 0.0373
1612 2744 0.4318
1613 2990 0.047
1613 2305 0.2114
1614 2830 0.0822
1615 2501 0.0905
1615 3049 0.3534
1616 2921 0.0637
1616 2798 0.1973
1616 2079 0.3117
1617 1646 0.1527
1618 2783 0.1287
1619 2861 0.0734
1619 2899 0.3158
1619 1952 0.2037
1621 2675 0.0578
1622 1817 0.2186
1622 2619 0.2116
1623 2316 0.2016
1623 3133 0.6055
1623 2327 0.2298
1624 2596 0.0229
1624 2114 0.2676
1625 2891 0.0748
1626 2944 0.1878
1626 3090 0.1883
1627 1773 0.2065
1627 3190 0.3428
1627 2861 0.1872
1628 2036 0.1913
1628 2258 0.1619
1629 2310 0.069
1629 3111 0.1414
1629 1804 0.1696
1630 2099 0.043
1630 1758 0.0475
1630 1861 0.1826
1631 1955 0.2242
1632 2094 0.0916
1632 2544 0.1098
1632 1949 0.0421
1633 1804 0.112
1633 3086 0.0998
1634 2661 0.1045
1635 2208 0.0878
1635 2562 0.0838
1635 2756 0.0531
1635 2754 0.1134
1636 1802 0.516
1636 2819 0.1163
1638 1743 0.3452
1639 1908 0.101
1639 1774 0.2346
1639 1898 0.1937
1642 2407 0.1731
1642 2799 0.0989
1643 2216 0.1068
1644 1901 0.0318
1646 2604 0.0288
1646 2012 0.0758
1647 1886 0.1504
1648 2694 0.1077
1648 3088 0.0489
1648 2704 0.0974
1649 2549 0.2629
1654 2171 0.131
1654 1956 0.3095
1655 1697 0.1278
1655 2033 0.0605
1655 2600 0.1193
1656 3008 0.2719
1657 2598 0.091
1658 1810 0.056
1658 2023 0.0436
1659 1744 0.0797
1659 1745 0.0851
1659 2592 0.0437
1661 1801 0.1689
1663 2481 0.3083
1663 1734 0.0807
1663 2793 0.0161
1663 1886 0.1071
1663 1780 0.0832
1664 2888 0.1429
1666 3178 0.0169
1667 3018 0.125
1670 2297 0.1145
1672 2187 0.0767
1672 2121 0.1343
1672 2740 0.1539
1673 3122 0.1047
1673 2782 0.266
1674 2706 0.1779
1674 2339 0.2567
1675 2117 0.0514
1676 1869 0.1623
1676 1905 0.2395
1676 2170 0.0908
1677 2488 0.0785
1677 3024 0.2129
1678 2953 0.1709
1678 2562 0.183
1679 2647 0.0473
1680 2802 0.1207
1681 1750 0.1546
1682 2274 0.0568
1682 2661 0.0651
1683 2981 0.1065
1683 2643 0.1595
1684 2805 0.0583
1685 2220 0.0835
1687 2430 0.1204
1690 2204 0.1662
1690 2869 0.088
1691 3046 0.2076
1691 1877 0.1904
1692 3079 0.1302
1692 2911 0.0534
1693 2067 0.0655
1694 2806 0.1458
1695 2800 0.1268
1697 1758 0.1164
1697 2739 0.2256
1698 3190 0.1099
1698 3130 0.3231
1699 1781 0.1106
1699 2286 0.1214
1700 3115 0.0652
1702 3131 0.0337
1703 1997 0.0688
1706 2647 0.1878
1706 3044 0.0504
1706 3118 0.0327
1707 2465 0.0704
1709 2795 0.0554
1709 2161 0.1053
1710 2268 0.2013
1712 2111 0.1528
1713 3032 0.1059
1714 2820 0.1385
1715 2194 0.0883
1716 2779 0.0852
1717 3077 0.0667
1718 2751 0.2162
1720 2794 0.206
1721 2649 0.1691
1722 2156 0.0732
1722 3194 0.2629
1723 3029 0.0532
1723 2083 0.1708
1724 2403 0.1152
1725 2710 0.1969
1727 2267 0.0782
1727 2317 0.0351
1727 3114 0.0866
1728 2051 0.028
1728 1787 0.0495
1729 2438 0.0336
1730 2419 0.0411
1731 1809 0.0927
1731 2159 0.1697
1731 1846 0.0683
1732 2997 0.166
1734 3008 0.0901
1735 1766 0.0945
1735 2657 0.2316
1736 2074 0.4852
1737 2197 0.1572
1737 2229 0.2422
1737 2906 0.059
1738 2097 0.145
1739 3111 0.2018
1741 2933 0.1549
1743 1848 0.0796
1743 2860 0.0399
1744 2099 0.0576
1745 2380 0.0522
1745 2818 0.2183
1746 2584 0.1523
1746 2419 0.0403
1747 2231 0.1219
1747 2249 0.2195
1747 2236 0.0495
1748 1982 0.3469
1749 2513 0.0955
1749 2365 0.0338
1749 2282 0.1381
1750 2894 0.0236
1750 2645 0.2494
1751 2506 0.0592
1753 1993 0.1453
1753 2175 0.3605
1753 2999 0.4398
1754 3023 0.2955
1754 2482 0.0498
1754 1763 0.1459
1757 2348 0.0772
1758 2933 0.0988
1758 2328 0.0315
1759 2721 0.0106
1760 2815 0.2485
1761 2249 0.0795
1761 2524 0.0671
1761 2404 0.0758
1762 3018 0.2471
1763 2510 0.0205
1765 2415 0.1889
1765 2753 0.1324
1765 1919 0.1796
1765 3039 0.2838
1766 2460 0.1763
1766 2904 0.0312
1766 1868 0.294
1767 2029 0.175
1768 2480 0.2953
1768 2098 0.077
1768 2502 0.0431
1769 2095 0.2009
1769 3191 0.1707
1769 1799 0.0454
1771 2898 0.1591
1772 2201 0.0732
1772 2213 0.266
1772 2924 0.0674
1772 2860 0.1223
1773 2761 0.1896
1773 1996 0.0425
1773 2462 0.3694
1774 2945 0.266
1775 2280 0.0053
1776 1848 0.1215
1779 2917 0.0719
1780 1863 0.2355
1782 2594 0.0332
1782 2413 0.3804
1783 3037 0.1916
1784 2915 0.0706
1785 2404 0.1063
1785 2322 0.0535
1785 3188 0.0516
1786 1927 0.0361
1786 1963 0.1438
1788 3165 0.2204
1790 2060 0.0416
1792 2963 0.0325
1793 3128 0.1279
1793 1959 0.3942
1793 2892 0.0859
1793 2126 0.1889
1793 2439 0.1518
1795 2811 0.072
1796 2879 0.0763
1797 2718 0.1347
1797 2164 0.2522
1798 2535 0.0729
1798 2046 0.0439
1798 2181 0.1954
1799 2203 0.046
1799 2193 0.1428
1800 2531 0.0667
1800 2731 0.0835
1800 2071 0.0968
1800 2969 0.1559
1802 2555 0.2231
1803 2561 0.0286
1805 2525 0.0348
1805 2128 0.0459
1805 2549 0.0725
1806 2289 0.1794
1807 3198 0.2104
1807 2297 0.3369
1807 2201 0.4349
1807 2486 0.1622
1808 1956 0.077
1809 1840 0.0478
1809 3132 0.1294
1810 2395 0.1953
1810 2758 0.1066
1811 2511 0.0092
1811 2841 0.0214
1811 3144 0.1003
1813 2988 0.2216
1813 2901 0.1745
1815 2720 0.2029
1816 2372 0.0577
1816 3091 0.1318
1816 2673 0.2325
1816 2227 0.0719
1819 2401 0.1009
1819 2039 0.0335
1824 2850 0.0561
1824 2935 0.04
1824 3108 0.3293
1824 2109 0.3008
1825 2886 0.1549
1825 1923 0.2376
1828 2799 0.099
1828 2822 0.1313
1828 2957 0.1636
1829 2793 0.0611
1829 2799 0.0817
1829 2018 0.055
1830 2158 0.2045
1830 3088 0.1148
1832 2346 0.0682
1833 3184 0.1006
1834 2197 0.0128
1837 2145 0.2193
1837 2054 0.0273
1837 2732 0.0463
1838 1945 0.0684
1838 2843 0.094
1839 2637 0.0635
1839 2154 0.1378
1840 2184 0.0586
1840 2547 0.1287
1841 1934 0.2352
1841 2940 0.1228
1843 3145 0.05
1843 2000 0.1211
1844 2064 0.1021
1847 2843 0.0959
1847 2651 0.1311
1848 1962 0.0297
1848 2439 0.1526
1850 2928 0.0533
1851 2211 0.0443
1852 2767 0.0905
1852 2710 0.0941
1852 2286 0.1264
1853 2258 0.2308
1854 2777 0.1548
1854 2413 0.0485
1856 2269 0.254
1856 3070 0.162
1859 2660 0.07
1860 1964 0.0337
1860 3131 0.105
1860 2205 0.1154
1860 2043 0.0906
1861 2073 0.229
1861 2473 0.0682
1861 2321 0.1553
1862 2877 0.0519
1862 2549 0.0413
1864 3192 0.0506
1865 2104 0.1111
1865 2349 0.219
1866 2383 0.0659
1867 2463 0.1617
1868 2934 0.2124
1870 2898 0.246
1870 3105 0.1205
1870 3181 0.1936
1872 2475 0.0923
1875 1917 0.1084
1875 1912 0.0785
1876 2457 0.1011
1877 2277 0.1724
1877 2757 0.0878
1878 2480 0.0728
1878 2103 0.1299
1878 1955 0.1099
1882 2287 0.0713
1884 2526 0.2872
1885 2691 0.0489
1887 2335 0.229
1888 2364 0.0797
1888 1924 0.0089
1888 1974 0.097
1889 2772 0.2584
1889 2048 0.1285
1890 2461 0.3391
1890 2414 0.242
1892 3010 0.1322
1892 1913 0.3008
1894 2426 0.344
1896 2981 0.2672
1897 2343 0.4011
1898 2927 0.1324
1898 2773 0.0414
1899 2191 0.0891
1900 2208 0.2456
1902 2450 0.0204
1903 3016 0.4263
1904 3192 0.0598
1904 2731 0.2283
1905 2852 0.1606
1905 2683 0.1008
1906 2226 0.1651
1906 2649 0.1472
1909 2595 0.2084
1910 2584 0.0415
1911 2346 0.113
1912 3149 0.2242
1913 2543 0.079
1915 2316 0.2546
1916 2095 0.0414
1916 2134 0.0972
1918 2681 0.0902
1918 2384 0.0112
1919 2705 0.2597
1920 2818 0.0323
1920 2020 0.07
1920 2182 0.1943
1920 1922 0.0153
1920 2494 0.2296
1921 2100 0.2914
1921 2961 0.0771
1922 1925 0.0711
1923 2322 0.0468
1923 2595 0.1844
1924 2764 0.0621
1925 2836 0.1838
1927 2453 0.1893
1927 2542 0.2833
1928 1932 0.1435
1929 3043 0.3526
1929 2472 0.1158
1930 2094 0.2091
1931 2077 0.1311
1931 2479 0.3182
1931 2471 0.3793
1933 2722 0.1862
1933 2509 0.068
1933 2221 0.0655
1934 2612 0.1554
1934 2167 0.122
1939 2841 0.2397
1939 2043 0.0906
1941 2513 0.0145
1942 2021 0.0752
1942 2848 0.0191
1944 2058 0.085
1944 2021 0.4838
1945 3199 0.1231
1945 2150 0.0663
1946 2836 0.0489
1947 2311 0.1658
1949 2865 0.1992
1954 2885 0.0918
1954 2195 0.3147
1955 2530 0.1207
1955 3162 0.2079
1956 2052 0.1981
1956 3034 0.212
1956 3005 0.1034
1956 2816 0.0838
1957 2869 0.1035
1957 3145 0.1691
1959 2008 0.0524
1961 2813 0.1552
1961 2627 0.297
1961 2386 0.1365
1961 2348 0.178
1962 2881 0.1888
1963 3111 0.0542
1963 2187 0.1602
1963 3057 0.239
1964 2884 0.1764
1964 2532 0.157
1966 2848 0.2593
1970 2858 0.161
1970 2689 0.041
1971 3148 0.0751
1971 3065 0.2028
1971 2611 0.1526
1973 2894 0.0515
1974 2232 0.0393
1974 3198 0.09
1974 2699 0.098
1977 2670 0.1872
1978 3161 0.144
1981 3132 0.1596
1982 3143 0.1612
1983 2334 0.175
1983 2307 0.0579
1983 2632 0.1202
1984 2188 0.3594
1984 2074 0.048
1986 2598 0.011
1987 2118 0.2008
1987 2023 0.0232
1989 3182 0.0868
1989 2756 0.2373
1990 3113 0.237
1990 2946 0.0397
1990 2068 0.0237
1992 2035 0.1007
1994 2457 0.1265
1995 2106 0.3077
1996 2563 0.0876
1998 2549 0.0618
1998 2826 0.0699
1998 3158 0.0543
1999 2340 0.415
2001 2426 0.1683
2001 2304 0.1866
2002 2929 0.3912
2003 2986 0.1043
2005 2102 0.0483
2005 2290 0.1835
2005 2387 0.1037
2006 2589 0.1765
2007 2216 0.0972
2009 2072 0.2073
2009 2314 0.2537
2009 2619 0.1397
2010 2756 0.1532
2014 2616 0.0568
2014 2880 0.4096
2015 2145 0.323
2015 2192 0.0564
2015 3160 0.1878
2015 2348 0.1236
2016 2627 0.2305
2017 2595 0.0736
2017 2358 0.1685
2018 2701 0.1676
2019 2581 0.1129
2019 2426 0.0983
2020 2643 0.3498
2020 2815 0.1156
2020 2172 0.0641
2021 2449 0.0143
2021 3174 0.0554
2021 2690 0.3019
2022 2549 0.1919
2023 2401 0.1019
2023 3195 0.0793
2024 2106 0.0832
2024 2316 0.0164
2024 2824 0.2976
2025 2883 0.1171
2026 2341 0.2345
2027 2791 0.156
2027 2692 0.1406
2028 2938 0.2598
2029 3116 0.1696
2029 2120 0.2028
2030 2264 0.0416
2030 2144 0.3026
2031 2107 0.0381
2032 2431 0.1192
2034 2587 0.4571
2035 2838 0.1473
2035 2947 0.1928
2037 2245 0.0226
2038 3150 0.0767
2041 2169 0.0861
2041 2787 0.0476
2042 2272 0.1104
2045 2069 0.0989
2045 2938 0.3868
2046 2611 0.0603
2047 2290 0.1071
2047 2642 0.061
2047 3093 0.0827
2048 2228 0.161
2048 2867 0.0987
2049 2625 0.1907
2050 2933 0.0841
2051 2657 0.0929
2052 2130 0.0292
2053 3185 0.1806
2054 2087 0.0575
2054 2317 0.0546
2055 2832 0.1591
2056 2732 0.1771
2056 2438 0.1673
2056 2534 0.0586
2056 3065 0.0331
2059 2282 0.0299
2059 2270 0.3123
2059 3111 0.0933
2059 2963 0.1052
2060 2324 0.0766
2061 2323 0.2629
2063 2984 0.2344
2064 2828 0.0356
2064 2647 0.4219
2065 2079 0.1482
2065 3071 0.448
2066 3144 0.2379
2068 2665 0.1433
2070 3043 0.1605
2071 2232 0.0612
2072 2695 0.1815
2073 2777 0.1578
2073 3100 0.0503
2074 2769 0.0954
2075 3163 0.2571
2076 2440 0.1711
2078 2962 0.2832
2078 3071 0.165
2079 2745 0.1802
2079 3184 0.0348
2079 2488 0.0618
2080 2793 0.0489
2081 2172 0.1457
2082 2457 0.0502
2084 2225 0.0532
2084 2523 0.1101
2085 2724 0.1403
2085 2209 0.1713
2085 2531 0.2271
2086 2494 0.0434
2086 2924 0.1152
2086 3090 0.1557
2088 2697 0.1059
2089 2522 0.162
2089 2413 0.0572
2090 2261 0.0941
2090 2181 0.1657
2090 2932 0.0906
2090 2518 0.0803
2091 2348 0.2879
2094 2761 0.115
2095 2643 0.091
2095 3137 0.1136
2095 2669 0.353
2095 3118 0.2243
2095 2970 0.1374
2096 2344 0.1576
2096 2379 0.1147
2097 3021 0.0534
2097 2520 0.19
2098 2705 0.0345
2099 3033 0.1207
2099 3059 0.1775
2099 2300 0.1141
2100 2681 0.3921
2101 3090 0.0876
2102 3182 0.1293
2102 2591 0.2309
2103 2212 0.0758
2105 2339 0.0955
2106 2905 0.0635
2106 2110 0.4114
2106 2654 0.0248
2107 2561 0.1446
2109 2585 0.0574
2110 2529 0.0265
2111 3051 0.0747
2112 2968 0.0387
2115 2846 0.0716
2116 2542 0.1059
2119 2208 0.184
2119 2408 0.0624
2121 2729 0.0434
2121 2389 0.1199
2122 3105 0.0294
2125 2484 0.6034
2125 3021 0.2285
2128 3198 0.099
2129 2521 0.1043
2130 2193 0.194
2132 2179 0.0722
2132 2138 0.0417
2133 3032 0.1412
2133 2573 0.0182
2137 2431 0.2974
2137 2523 0.2561
2139 3049 0.2438
2141 2908 0.1415
2143 2863 0.1712
2143 2810 0.2874
2144 3085 0.2319
2144 2517 0.0347
2145 2656 0.0277
2146 2414 0.2077
2146 2863 0.2619
2148 3017 0.1314
2148 2767 0.0343
2148 3177 0.1468
2149 2653 0.0553
2152 3053 0.1596
2153 2578 0.0627
2153 3148 0.128
2153 3120 0.4932
2155 2888 0.1476
2156 2339 0.0869
2156 2539 0.3286
2156 2158 0.5273
2157 3019 0.0308
2160 2525 0.2001
2161 2971 0.0135
2163 2664 0.08
2164 3107 0.0303
2164 2965 0.0363
2164 3088 0.1148
2165 2184 0.0848
2169 2350 0.2808
2169 2769 0.147
2171 2734 0.1963
2172 2242 0.2458
2172 3054 0.1144
2175 2435 0.2238
2179 3058 0.1153
2180 2682 0.0526
2181 3145 0.1038
2181 3121 0.1406
2185 3001 0.0401
2186 2754 0.3412
2187 2289 0.0332
2188 2311 0.1416
2188 2628 0.0115
2188 2770 0.4495
2188 2190 0.0257
2190 2607 0.1138
2195 2441 0.0167
2196 2284 0.0113
2196 2351 0.185
2201 2533 0.0726
2201 2413 0.1304
2205 2755 0.1811
2206 2259 0.0308
2207 2879 0.0118
2208 2730 0.1327
2208 2404 0.0679
2210 2245 0.1485
2210 2487 0.0406
2210 3092 0.1231
2212 2553 0.0556
2213 3050 0.2173
2213 2785 0.0172
2213 2392 0.2142
2213 2363 0.0283
2216 3077 0.1979
2219 2458 0.0755
2219 2922 0.1088
2220 2231 0.0425
2222 2719 0.1182
2223 3186 0.1188
2224 2642 0.1174
2224 2632 0.1286
2225 2612 0.1638
2226 2958 0.1021
2227 3185 0.074
2228 2468 0.0532
2229 2504 0.0681
2229 2595 0.1072
2230 2550 0.1584
2230 2614 0.0271
2231 2275 0.1358
2231 2465 0.1683
2233 2870 0.1031
2236 2982 0.1368
2240 2375 0.0576
2241 2489 0.3251
2244 2700 0.0903
2244 2714 0.031
2246 2913 0.1077
2246 2723 0.1879
2249 2988 0.2555
2250 2317 0.0183
2251 2395 0.1078
2253 2337 0.025
2253 2638 0.0556
2253 3151 0.0979
2254 2705 0.1054
2255 2393 0.2493
2255 2382 0.1317
2257 3154 0.1037
2258 2342 0.0973
2261 2710 0.269
2263 2967 0.0306
2264 3056 0.078
2264 2781 0.0364
2265 2544 0.0392
2266 2304 0.0229
2274 2869 0.0471
2274 2471 0.0354
2278 3042 0.4328
2278 2716 0.3341
2278 2498 0.2955
2279 2630 0.4838
2280 3134 0.1487
2281 2439 0.0928
2281 3003 0.122
2284 3017 0.0608
2286 2347 0.0868
2286 2864 0.0921
2287 2600 0.081
2288 2946 0.2007
2288 2570 0.2631
2289 2772 0.1336
2290 2635 0.0205
2291 3070 0.2213
2292 2400 0.3269
2293 2444 0.1485
2294 2614 0.1022
2295 2503 0.1041
2298 2925 0.1947
2299 3184 0.1176
2300 2898 0.0795
2302 3039 0.1898
2302 2765 0.1682
2303 2340 0.1434
2304 3126 0.0788
2304 2826 0.116
2306 2900 0.0641
2306 2762 0.0692
2308 2490 0.0557
2310 2722 0.0872
2314 2737 0.2123
2317 3073 0.1796
2317 2338 0.3083
2320 2541 0.2097
2321 3091 0.24
2321 2958 0.0157
2322 2852 0.1016
2322 2367 0.0154
2323 2743 0.1142
2323 2742 0.0674
2325 3122 0.0887
2327 2682 0.0744
2327 2385 0.1205
2328 3072 0.0455
2330 2509 0.1102
2330 3181 0.2954
2331 2743 0.1386
2332 2947 0.2231
2333 2988 0.185
2334 3152 0.268
2338 2456 0.1972
2338 2430 0.0547
2340 2799 0.0785
2340 2898 0.0628
2341 2381 0.1194
2349 3100 0.109
2349 2453 0.0891
2350 3058 0.1593
2350 2533 0.214
2351 2624 0.1733
2352 2670 0.0434
2352 2509 0.0601
2355 2831 0.1265
2356 2530 0.1776
2357 2382 0.0828
2358 2764 0.052
2358 3024 0.1362
2358 2407 0.0641
2358 2909 0.051
2358 3029 0.3426
2361 2542 0.0435
2362 2943 0.0399
2365 2624 0.0909
2367 2562 0.0603
2368 2394 0.0258
2368 2933 0.097
2368 3186 0.137
2371 2441 0.0528
2374 2536 0.195
2377 3027 0.2348
2379 2804 0.1201
2380 2636 0.0889
2380 2510 0.0298
2381 2982 0.163
2381 2872 0.175
2381 2964 0.2685
2383 2501 0.1862
2384 2639 0.2209
2387 2772 0.1848
2393 3005 0.1299
2396 2416 0.1622
2400 2697 0.0389
2400 3170 0.0518
2402 2906 0.1256
2403 2709 0.1406
2404 2994 0.4418
2404 2516 0.0815
2404 2446 0.2854
2404 2756 0.009
2406 2519 0.1049
2407 2686 0.1503
2407 2630 0.289
2409 2895 0.1489
2409 2478 0.2341
2411 3067 0.055
2411 2430 0.244
2413 2441 0.2671
2414 2613 0.08
2420 2679 0.1727
2422 2548 0.0949
2428 2585 0.12
2429 2518 0.027
2430 2982 0.0858
2432 2728 0.0463
2436 2634 0.0426
2437 2854 0.0561
2438 2458 0.0852
2439 3055 0.2028
2439 3081 0.1198
2442 2552 0.5308
2443 2975 0.1332
2445 3085 0.1096
2448 2854 0.0633
2450 2958 0.0378
2450 2641 0.0329
2451 2580 0.2577
2451 2782 0.0453
2451 2600 0.0524
2452 2667 0.1135
2456 2580 0.0643
2456 3140 0.2527
2457 2787 0.1979
2460 2964 0.0884
2462 2944 0.1603
2463 2808 0.1741
2466 2978 0.1261
2466 3189 0.1908
2468 2580 0.1024
2468 3002 0.0868
2473 3192 0.1612
2474 3195 0.1278
2475 2790 0.1126
2476 3102 0.1931
2477 2897 0.2213
2479 3178 0.0947
2479 2859 0.0898
2479 2928 0.0338
2481 3186 0.1755
2485 2726 0.0068
2488 3122 0.098
2492 2949 0.0104
2494 2987 0.1124
2496 2752 0.0836
2497 2600 0.2056
2497 2635 0.0245
2497 2640 0.1062
2497 2979 0.1582
2501 3044 0.0585
2502 2857 0.1492
2502 2783 0.0331
2502 2522 0.0216
2503 2845 0.1161
2506 2676 0.3354
2507 2511 0.0582
2508 2585 0.0878
2509 2871 0.097
2511 2837 0.2934
2513 2876 0.0463
2514 2914 0.1131
2514 2871 0.1438
2515 2556 0.0714
2516 2962 0.0955
2519 3143 0.0456
2519 2778 0.0425
2521 2701 0.0777
2524 2676 0.0965
2526 2702 0.2037
2526 2745 0.1683
2526 3164 0.1779
2528 3037 0.0846
2528 3100 0.2617
2529 2866 0.0767
2529 2780 0.1373
2532 3116 0.0573
2538 2721 0.2592
2538 2611 0.1303
2539 2739 0.1522
2543 2844 0.1185
2545 3139 0.2368
2548 3089 0.4049
2550 2947 0.1142
2551 2883 0.2298
2553 2753 0.0341
2553 2814 0.1592
2554 3111 0.1122
2556 2867 0.0825
2558 2598 0.0561
2559 2872 0.0615
2559 2977 0.0508
2561 2712 0.262
2562 2788 0.159
2562 2654 0.2053
2563 3162 0.1527
2563 2701 0.0959
2564 2872 0.1756
2565 2913 0.1348
2568 2727 0.237
2569 2641 0.094
2570 2758 0.0483
2570 2939 0.1877
2573 2714 0.0679
2573 3035 0.2111
2576 3078 0.0661
2576 3171 0.0432
2577 2964 0.064
2577 2954 0.0652
2577 2727 0.0321
2578 2894 0.0767
2581 3080 0.1012
2581 2720 0.1993
2583 3143 0.0471
2587 2908 0.0462
2592 3032 0.2174
2598 3163 0.508
2601 2970 0.0186
2603 2628 0.062
2604 3069 0.2829
2604 2861 0.09
2607 2824 0.0358
2608 3102 0.1575
2608 3183 0.1055
2611 3152 0.323
2611 2775 0.5491
2611 3085 0.0867
2612 2870 0.0113
2613 2884 0.0241
2614 2831 0.0682
2616 2813 0.1171
2617 2995 0.0161
2617 3061 0.0837
2620 2991 0.1128
2620 2868 0.1873
2621 3085 0.0375
2622 2657 0.1938
2622 2893 0.108
2625 2974 0.0444
2626 2966 0.0412
2626 2725 0.0265
2628 3038 0.0714
2629 2831 0.139
2629 3022 0.2239
2635 3063 0.1574
2636 3032 0.2405
2637 2686 0.123
2638 2772 0.1138
2640 2746 0.0357
2641 2712 0.0538
2642 3118 0.3115
2642 2677 0.1301
2643 2855 0.4057
2646 3107 0.2958
2646 2884 0.0668
2646 3185 0.1153
2658 2887 0.2948
2659 2966 0.1055
2661 2867 0.1508
2663 2867 0.2622
2665 2814 0.0554
2668 3166 0.0128
2676 2982 0.0609
2678 2962 0.2481
2679 2945 0.0399
2679 3160 0.0901
2682 2785 0.0287
2687 3081 0.1368
2689 2778 0.0515
2690 2999 0.0409
2693 2825 0.1382
2694 2714 0.0513
2694 2827 0.1639
2698 2699 0.0344
2699 3076 0.1667
2703 2802 0.1428
2703 2897 0.0727
2703 3169 0.086
2707 3003 0.0421
2709 3015 0.0914
2712 3052 0.0696
2716 2962 0.3494
2716 2948 0.1005
2718 2875 0.0264
2720 3037 0.0687
2722 2727 0.0779
2722 3129 0.194
2724 3088 0.0654
2724 3175 0.0186
2726 2861 0.0288
2727 2868 0.3516
2728 3027 0.0379
2730 2836 0.0986
2733 3055 0.0803
2735 2927 0.1648
2736 2779 0.1605
2737 2810 0.0534
2738 2761 0.0892
2742 2759 0.0385
2744 3072 0.1377
2746 2750 0.1423
2746 2895 0.0442
2753 2774 0.0391
2760 3117 0.0392
2760 2895 0.0891
2762 3023 0.4062
2762 3145 0.0494
2764 3036 0.2079
2768 2878 0.0889
2773 2793 0.0096
2775 3188 0.0261
2776 3120 0.1853
2782 3035 0.1431
2784 3173 0.0782
2786 3157 0.0443
2787 2873 0.0162
2790 2938 0.1118
2790 2859 0.1328
2790 3055 0.3192
2791 2814 0.0706
2804 2999 0.107
2805 2853 0.1098
2811 2827 0.0906
2812 2868 0.0577
2819 2849 0.1015
2819 2933 0.1241
2823 3000 0.1078
2823 2937 0.0249
2824 2869 0.1962
2830 2886 0.3406
2839 2959 0.037
2841 2928 0.1487
2847 3160 0.2504
2848 3034 0.0817
2858 3034 0.082
2864 3151 0.0813
2865 3066 0.1809
2875 3117 0.3754
2876 3000 0.2086
2879 3177 0.2981
2880 3065 0.3102
2883 2934 0.17
2883 3195 0.1081
2885 2919 0.3436
2885 3052 0.0689
2886 3014 0.2493
2891 3179 0.051
2898 3126 0.0298
2902 3129 0.1411
2909 2962 0.2045
2913 2955 0.2015
2916 3050 0.1421
2922 3010 0.1757
2926 3160 0.1929
2937 2991 0.0762
2938 3097 0.5651
2944 3046 0.0542
2946 3129 0.1318
2950 2957 0.156
2953 3081 0.0522
2953 3197 0.0372
2972 3107 0.1819
2974 3070 0.2348
2982 3053 0.0209
2983 3025 0.1161
2987 3103 0.0401
2996 3071 0.2945
2997 3108 0.0283
2997 3022 0.1115
3019 3065 0.071
3028 3193 0.1462
3029 3105 0.5746
3042 3096 0.2399
3065 3066 0.0664
3075 3131 0.4172
3078 3152 0.3343
3087 3171 0.3109
3088 3161 0.0854
3093 3120 0.0716
3099 3138 0.0771
3101 3182 0.0105
3138 3174 0.0109
