3200 4800 num_nodes_f_dist 3200
0 1311 0.0765
0 2925 0.1599
0 1345 0.0775
0 604 0.2189
0 2700 0.0997
1 1085 0.3884
1 2934 0.1798
1 1330 0.1015
2 698 0.1397
2 1108 0.048
2 1198 0.0724
2 3069 0.3403
3 2560 0.0449
3 2494 0.1303
3 899 0.0459
3 2966 0.0286
3 96 0.1836
4 1230 0.0894
4 1836 0.0352
4 2082 0.267
5 2544 0.088
5 3069 0.0532
5 2918 0.0496
5 792 0.3671
6 539 0.0689
6 1661 0.1342
6 1729 0.1311
6 2990 0.0942
6 653 0.1005
7 2832 0.0806
7 1914 0.0454
7 1777 0.1248
7 3136 0.0244
8 376 0.0939
8 1619 0.0115
8 1147 0.0651
8 2624 0.0204
9 2922 0.0669
9 1250 0.0809
9 2621 0.1604
9 1139 0.2568
10 930 0.0233
10 489 0.0281
10 1001 0.1147
10 1772 0.1519
10 2172 0.3582
11 1609 0.1254
11 1737 0.1002
11 2511 0.0732
12 1988 0.0665
12 346 0.0907
12 1480 0.3309
12 1241 0.0567
12 2234 0.1221
14 2762 0.1185
14 2515 0.2064
14 1052 0.0042
14 2009 0.0496
15 2704 0.0853
15 1319 0.1489
15 400 0.1014
16 1003 0.137
16 686 0.0951
16 3128 0.132
17 1409 0.0985
17 3152 0.0483
17 2876 0.1361
17 2017 0.0909
18 342 0.3205
19 3074 0.0833
20 1974 0.2087
20 3106 0.1755
21 1164 0.2939
22 968 0.0081
22 2639 0.1149
22 1732 0.3797
22 1162 0.0661
23 2328 0.0871
24 321 0.1012
24 1808 0.0537
25 2237 0.1634
25 2835 0.3173
25 124 0.0319
25 571 0.1663
26 1037 0.1718
26 879 0.2643
26 352 0.1828
26 1250 0.0794
27 3007 0.0566
27 999 0.2185
27 3144 0.0075
28 368 0.1605
28 1178 0.103
28 953 0.076
29 315 0.0666
29 748 0.0754
30 452 0.2065
30 185 0.0254
30 1987 0.0735
30 2541 0.1456
31 1416 0.0599
31 2394 0.2382
31 1725 0.0423
31 535 0.2563
31 3054 0.2443
32 2307 0.0232
32 2950 0.0649
32 1577 0.0607
33 2593 0.0598
33 2267 0.2061
33 2600 0.1149
33 3091 0.2199
34 2973 0.1878
34 564 0.0485
34 2222 0.2971
34 1362 0.0583
34 2549 0.191
34 2726 0.1262
34 2990 0.0804
34 523 0.1468
35 1752 0.0234
35 1382 0.1212
36 1036 0.0676
36 968 0.4552
36 706 0.1038
36 592 0.0583
36 1141 0.0304
37 2579 0.2113
37 1641 0.1975
37 3147 0.1976
38 1350 0.0116
38 2816 0.1911
38 2437 0.1572
39 717 0.2145
40 2315 0.0681
40 654 0.2007
41 2985 0.3241
42 638 0.1331
42 89 0.1168
43 468 0.1319
43 1233 0.1089
44 933 0.0415
44 1012 0.0834
45 521 0.236
45 2082 0.0702
45 1064 0.0886
46 1314 0.0967
46 1965 0.2985
46 751 0.0377
47 2600 0.1613
47 2733 0.0468
47 279 0.1712
47 2834 0.2863
47 1775 0.0421
48 742 0.0561
48 2443 0.141
48 672 0.1918
49 2760 0.0347
49 1896 0.3625
50 3146 0.2112
50 1803 0.0796
51 401 0.0765
51 1961 0.0417
51 2999 0.0632
52 698 0.0263
52 1413 0.2233
53 1780 0.1015
53 205 0.2624
53 976 0.0427
54 251 0.1439
54 3006 0.1373
55 2451 0.1565
55 1051 0.3098
55 878 0.0415
56 1418 0.0821
56 466 0.0142
56 1369 0.2431
56 3115 0.0676
57 3153 0.3301
57 73 0.0737
57 1970 0.1723
58 1037 0.1967
58 827 0.1156
58 884 0.1241
58 1593 0.5755
59 1783 0.1153
59 897 0.1177
59 346 0.3351
59 1319 0.2997
60 1398 0.1979
60 2520 0.2181
61 2794 0.0441
61 70 0.0927
61 2064 0.0405
61 399 0.059
61 1690 0.0644
62 1185 0.1238
64 2754 0.5621
64 1115 0.1725
64 355 0.0564
64 3052 0.0222
65 2429 0.1252
65 2355 0.1248
65 403 0.3255
66 157 0.0617
67 1936 0.0868
67 968 0.0309
68 1657 0.2645
68 1202 0.0095
69 2830 0.0525
69 865 0.0678
70 1650 0.1281
70 2998 0.0614
70 2096 0.0254
70 615 0.3255
70 2914 0.1764
71 1394 0.1244
71 664 0.0675
71 2005 0.0641
71 200 0.0718
71 2214 0.3545
71 824 0.1577
72 1915 0.1006
72 630 0.2275
73 2865 0.034
74 2915 0.2699
74 1612 0.1541
74 2634 0.1254
74 2722 0.1913
74 1360 0.1968
75 2470 0.6795
75 1003 0.2631
76 2859 0.0917
76 2209 0.1954
76 515 0.0566
76 2664 0.1994
77 413 0.2467
78 2807 0.1379
78 3101 0.2141
78 2209 0.148
78 2497 0.1184
79 1499 0.0254
79 2353 0.0318
79 1205 0.0972
79 2898 0.1266
79 2568 0.1558
80 1978 0.0405
80 2672 0.0983
81 744 0.1692
81 164 0.2043
81 2400 0.1627
81 1905 0.476
81 1224 0.0519
81 2471 0.2629
81 1834 0.0761
83 3081 0.1424
83 471 0.361
83 1208 0.0738
84 831 0.0612
84 2856 0.0744
84 1906 0.0118
86 1528 0.2718
87 2095 0.2838
87 124 0.033
87 2557 0.2275
87 2012 0.1273
87 3165 0.1413
87 1448 0.0931
87 3164 0.2879
87 2434 0.1954
88 2653 0.0497
88 2806 0.0892
89 814 0.0179
89 517 0.0962
89 1545 0.2147
89 3029 0.2986
89 3178 0.0812
90 3197 0.0904
90 382 0.0141
90 2324 0.178
91 2611 0.1373
91 2703 0.4186
91 494 0.116
91 2854 0.0062
91 254 0.1612
92 1646 0.1185
92 1528 0.0223
93 2372 0.1397
94 596 0.0294
94 841 0.0678
94 386 0.0186
94 1132 0.1068
94 2303 0.1612
94 1783 0.1082
94 2571 0.0979
96 2755 0.1377
96 2561 0.0983
96 3181 0.1627
96 3070 0.1551
96 207 0.1109
96 2711 0.2853
96 1381 0.0679
96 1318 0.0835
96 2788 0.0366
97 944 0.0881
97 1654 0.1255
97 3193 0.0764
97 1651 0.0023
97 297 0.1722
98 1527 0.1081
98 1238 0.0979
99 417 0.0247
99 3081 0.085
99 2590 0.1879
100 2132 0.0675
100 310 0.2251
101 431 0.2305
101 120 0.0649
102 709 0.3191
102 1752 0.0604
103 276 0.0122
103 3194 0.1867
103 1292 0.0981
104 181 0.1268
104 2645 0.0685
104 1961 0.135
104 1032 0.0818
104 283 0.0425
104 1760 0.0359
104 1567 0.1051
104 649 0.1097
104 2045 0.2751
105 1524 0.3406
105 752 0.082
106 2837 0.5272
106 2667 0.1276
107 2923 0.1181
107 1355 0.1699
108 2707 0.463
108 2680 0.1397
109 3046 0.1054
109 3076 0.2462
109 1827 0.4485
109 1445 0.0416
109 135 0.0824
110 459 0.3785
110 2152 0.6732
110 1931 0.2206
111 2240 0.2518
111 2131 0.0492
112 147 0.0201
112 1885 0.0288
112 1369 0.0303
112 823 0.3196
112 811 0.184
112 1470 0.1712
112 2844 0.3091
113 1053 0.0411
113 726 0.3961
114 427 0.1706
114 1747 0.2665
114 1041 0.2494
114 1085 0.0394
114 1671 0.0737
116 1823 0.0789
116 1060 0.1197
116 178 0.1213
116 2491 0.2684
117 1209 0.2061
117 2739 0.1726
117 2468 0.1592
117 881 0.1813
118 810 0.2293
118 910 0.0357
118 3080 0.0678
120 2437 0.1728
120 2042 0.0549
120 1086 0.081
121 620 0.0669
121 1051 0.6156
122 1248 0.1281
123 1222 0.0603
123 1315 0.031
124 567 0.034
124 1411 0.1537
124 634 0.0365
124 2618 0.0672
124 173 0.0582
124 2885 0.0124
125 2465 0.3138
125 1515 0.2511
125 1877 0.2741
125 1522 0.0553
125 1926 0.4441
126 1263 0.2178
126 1987 0.0306
126 2467 0.1361
126 801 0.2025
127 1437 0.0764
127 1096 0.0573
127 2345 0.1398
128 2900 0.0648
128 2590 0.0725
128 1603 0.2066
128 1570 0.2912
128 497 0.0301
128 2644 0.0661
128 1794 0.1395
129 2756 0.0656
129 1622 0.0775
129 564 0.0977
129 1904 0.2265
129 1777 0.314
130 232 0.0758
130 2769 0.1344
130 2726 0.1999
130 3037 0.0252
130 2270 0.0918
130 2693 0.0954
131 2951 0.0174
131 684 0.0745
132 315 0.0648
132 2132 0.0716
132 463 0.0588
132 2959 0.2402
132 2002 0.0471
132 2204 0.0325
133 2328 0.3654
133 185 0.1859
134 777 0.08
134 2354 0.0735
134 486 0.1759
134 2833 0.0171
135 382 0.1064
136 1195 0.1204
137 1036 0.1175
137 895 0.1239
138 1865 0.119
138 1271 0.0373
138 1169 0.1073
138 1605 0.0298
138 3040 0.1399
138 2458 0.0634
139 1501 0.1234
139 2567 0.0237
140 1329 0.0204
141 471 0.1072
141 3088 0.0958
141 3108 0.1237
143 1618 0.1969
144 3126 0.0591
145 618 0.0901
145 2309 0.0758
146 2380 0.0912
146 1248 0.0728
146 563 0.2375
146 160 0.023
146 3055 0.1626
147 2023 0.3234
147 803 0.0918
148 620 0.0997
148 2877 0.058
148 1250 0.037
148 547 0.0359
148 1617 0.0448
149 2638 0.189
149 1998 0.1789
149 2960 0.0944
149 1549 0.0994
149 2461 0.2217
151 1355 0.0633
151 1350 0.07
152 189 0.2052
152 2327 0.2005
153 2654 0.2242
153 1368 0.0823
153 847 0.6439
153 634 0.3689
153 262 0.1591
154 2660 0.0895
154 1496 0.0311
154 1997 0.062
155 2220 0.1022
156 1280 0.0357
156 648 0.3287
156 2061 0.2829
158 1369 0.0884
158 2973 0.1108
159 1367 0.0936
159 3116 0.0633
159 2343 0.0177
160 2374 0.2267
160 2852 0.1089
160 2807 0.051
161 1429 0.0749
161 1112 0.0781
162 980 0.2573
162 1763 0.2445
163 2732 0.1152
163 274 0.401
163 2044 0.16
164 844 0.1217
164 3137 0.1861
164 2050 0.4624
166 427 0.1316
167 2987 0.0934
167 954 0.2973
167 1130 0.0281
169 2367 0.2092
170 1621 0.1454
170 246 0.0641
171 1960 0.1088
171 1759 0.07
171 2976 0.0696
171 254 0.016
172 1376 0.1717
172 1996 0.0691
173 3133 0.2043
173 593 0.036
174 2264 0.2281
174 1677 0.4055
174 1198 0.2697
175 2690 0.0581
175 278 0.2312
175 3178 0.0753
175 636 0.2002
176 1015 0.1669
176 2963 0.0776
177 1281 0.0749
177 843 0.0683
178 572 0.0636
178 1582 0.477
178 2428 0.0547
179 244 0.0763
179 1922 0.0384
179 3039 0.3125
179 1340 0.3807
180 2046 0.0423
180 344 0.0063
180 475 0.2372
181 1433 0.0555
181 1583 0.0995
181 227 0.3486
181 795 0.0269
181 2037 0.1509
181 1053 0.0755
182 2897 0.1505
182 885 0.0417
182 446 0.0545
183 727 0.1822
183 1453 0.3931
184 2513 0.0186
184 1351 0.0476
184 651 0.3457
184 2018 0.0439
185 2570 0.2102
186 426 0.2042
186 2409 0.321
186 2172 0.0803
186 2620 0.0216
187 3030 0.0685
187 1046 0.0839
187 3197 0.1306
187 1959 0.1616
187 1785 0.0774
187 2384 0.1544
187 2814 0.0849
188 1502 0.1664
189 443 0.009
189 2645 0.0932
189 1901 0.079
190 1195 0.085
191 1378 0.1122
191 2853 0.1851
191 848 0.1343
191 2910 0.2702
191 1750 0.3339
192 2278 0.039
192 346 0.0637
192 284 0.226
192 2946 0.0562
193 994 0.0923
193 857 0.1055
193 2103 0.0837
193 605 0.0436
194 2947 0.022
194 1255 0.158
194 2664 0.1677
194 3148 0.1449
194 1429 0.1386
194 2764 0.2738
195 3016 0.1745
195 560 0.0202
195 950 0.3014
195 850 0.0896
195 1923 0.1219
195 2312 0.2514
196 2886 0.031
196 2372 0.0934
196 2584 0.3618
196 1874 0.2743
196 2403 0.0755
198 817 0.0522
198 2202 0.0904
198 552 0.3162
199 1717 0.1037
199 1194 0.0978
199 384 0.0391
199 1854 0.14
199 3194 0.0295
200 1118 0.2099
200 419 0.0188
200 926 0.1648
200 1154 0.0532
200 2203 0.1206
201 2438 0.09
201 402 0.1305
201 2895 0.09
202 454 0.0973
202 1793 0.0072
202 2533 0.148
202 1805 0.1099
203 1906 0.0965
203 1483 0.1056
203 689 0.1232
203 1960 0.1691
203 1350 0.1068
204 2502 0.0262
205 340 0.3119
205 561 0.149
205 491 0.083
205 1128 0.2337
206 1981 0.1736
206 223 0.2168
207 2712 0.1591
208 1279 0.1724
208 2634 0.2082
209 1712 0.1319
209 2896 0.1495
209 228 0.2909
209 2007 0.2826
209 1251 0.1024
209 503 0.2744
209 2985 0.1962
209 1902 0.3783
209 1072 0.0443
210 1249 0.1652
210 1498 0.0477
210 1546 0.0375
211 2570 0.1921
211 3119 0.2052
211 2637 0.1339
211 2995 0.0359
212 558 0.0625
212 2377 0.2774
212 754 0.0256
213 1720 0.089
213 1803 0.0809
214 906 0.0176
214 1800 0.0729
215 715 0.147
216 2342 0.2045
216 497 0.0701
216 421 0.1025
216 2030 0.0173
217 2523 0.23
217 1570 0.1556
217 2295 0.0253
218 1038 0.1875
218 1057 0.205
219 2089 0.2317
219 2629 0.0789
220 1586 0.2029
220 1823 0.21
221 552 0.095
221 1606 0.0187
221 2030 0.0516
221 1185 0.058
222 869 0.067
222 2841 0.0306
223 1717 0.0313
223 2974 0.0297
223 2972 0.0879
223 1225 0.0962
224 1530 0.3736
224 1849 0.0412
224 1433 0.0932
225 2181 0.0424
225 1412 0.3178
225 2247 0.0276
225 816 0.1204
226 2506 0.1439
226 988 0.2684
226 1522 0.0363
227 2273 0.0974
228 3076 0.1796
228 2400 0.0615
228 2695 0.1045
229 659 0.1589
231 375 0.049
231 1203 0.1215
232 2746 0.2392
232 573 0.0217
232 3127 0.125
233 334 0.1695
233 1646 0.1094
233 2340 0.0338
233 765 0.0665
233 2950 0.0778
235 1116 0.013
236 380 0.1173
237 922 0.1308
239 1282 0.4074
240 434 0.1057
240 1233 0.057
240 2355 0.3316
240 2303 0.4439
240 1775 0.0959
241 2390 0.1042
241 1056 0.1812
241 1824 0.2097
242 1801 0.0778
242 1943 0.0255
242 805 0.0707
243 2593 0.0941
243 1250 0.0212
243 1004 0.2991
243 1636 0.2688
244 2909 0.2322
244 1124 0.0123
244 1846 0.1509
245 1849 0.1794
245 1881 0.1622
245 272 0.167
246 2404 0.1353
246 3081 0.1506
247 1732 0.083
247 2220 0.0608
247 2224 0.0879
248 806 0.0993
248 1440 0.0971
249 1687 0.0661
249 2288 0.0161
249 2290 0.031
249 769 0.0836
250 1136 0.1157
251 2455 0.2029
251 2374 0.3105
251 2676 0.0317
251 3115 0.0411
251 2270 0.0491
252 589 0.0555
252 1616 0.0238
252 1955 0.0586
253 2298 0.0244
253 2459 0.1539
254 2237 0.115
254 602 0.0224
255 630 0.0131
255 2263 0.4024
255 1726 0.0906
256 2880 0.2703
257 1093 0.1672
258 726 0.0193
258 501 0.2488
259 1475 0.0511
259 3017 0.1013
260 1216 0.1562
260 2633 0.0153
260 1180 0.1923
262 404 0.0223
262 2885 0.0436
262 3084 0.0689
262 1398 0.0957
263 727 0.2343
263 3129 0.2186
263 2741 0.0379
263 1122 0.0815
263 1335 0.0973
263 2779 0.2432
263 465 0.02
264 1972 0.0482
264 1890 0.2578
264 2917 0.1041
265 2953 0.1592
265 1168 0.2367
265 761 0.407
265 1712 0.08
265 2034 0.0696
266 3097 0.2526
267 830 0.1398
267 1599 0.1285
267 1310 0.0497
268 2696 0.1897
268 2083 0.0655
269 2724 0.243
269 1836 0.0171
269 2531 0.1343
270 1768 0.0381
271 2177 0.0249
271 1277 0.1045
272 1260 0.0617
273 1707 0.1578
273 573 0.1989
273 2510 0.1374
273 588 0.0956
274 2855 0.0807
275 2331 0.6765
276 2330 0.0835
276 993 0.0636
276 1557 0.1695
277 2471 0.0789
277 578 0.1369
278 2296 0.0619
279 1706 0.1021
279 3187 0.0151
279 1432 0.2186
280 288 0.1943
280 2746 0.1635
280 1117 0.0468
280 1599 0.2019
280 1560 0.1991
280 2719 0.6154
281 1964 0.23
281 518 0.0387
282 1794 0.0906
282 2327 0.1271
282 787 0.1144
283 3195 0.0986
283 886 0.2542
283 1724 0.0871
284 2018 0.0451
285 1490 0.1309
285 2970 0.256
285 2947 0.139
285 2148 0.134
287 2379 0.1326
287 541 0.1048
288 1261 0.0883
288 1395 0.061
288 2075 0.0542
288 2922 0.1261
289 698 0.0134
289 2389 0.123
290 1898 0.0152
290 350 0.11
290 554 0.1001
290 418 0.0763
290 2589 0.0205
290 739 0.1249
290 1873 0.0202
291 393 0.1659
291 2828 0.1013
292 389 0.1901
293 2066 0.0723
293 617 0.0985
293 2884 0.0838
294 1804 0.1596
294 2208 0.0538
294 2753 0.1682
294 1877 0.2457
294 1865 0.0794
295 686 0.0487
296 2200 0.0511
296 562 0.0181
296 2882 0.3909
296 1164 0.0882
296 1384 0.0763
296 1294 0.0463
296 325 0.0833
297 2747 0.0604
297 303 0.1763
297 1915 0.3262
297 2941 0.117
297 708 0.0994
297 797 0.1818
297 805 0.0794
298 1434 0.0863
298 1188 0.28
298 2155 0.1397
299 944 0.1443
299 1355 0.0745
300 2897 0.101
300 2038 0.0336
300 569 0.2226
301 1027 0.154
301 2946 0.0903
301 1276 0.136
301 2462 0.21
301 1242 0.0335
302 2513 0.2075
302 2691 0.0473
302 2706 0.1308
303 1233 0.0408
303 1538 0.0917
304 1642 0.1118
304 1183 0.0195
304 872 0.0399
304 1279 0.0939
305 501 0.0768
305 1261 0.1422
305 2408 0.1123
306 2202 0.0723
306 2364 0.2101
306 2746 0.122
306 819 0.0685
306 2797 0.2822
306 2886 0.0358
307 1228 0.2053
307 508 0.3369
307 565 0.0905
307 598 0.1943
308 1398 0.0323
309 2575 0.2483
309 2645 0.1689
309 1949 0.0304
310 2537 0.0538
311 498 0.0226
311 1050 0.0212
312 2083 0.0129
312 480 0.0669
313 897 0.073
313 2311 0.1093
313 488 0.0749
314 1239 0.3456
314 2827 0.1906
314 2187 0.2177
314 1656 0.2938
314 1468 0.1782
315 1471 0.1296
315 1009 0.0746
316 1370 0.0413
316 717 0.0982
316 422 0.1585
316 1427 0.1323
317 2017 0.1971
317 1584 0.0941
318 1708 0.1473
319 620 0.1459
319 3007 0.0983
320 913 0.1168
320 1617 0.2991
320 2086 0.1473
320 2235 0.2014
321 692 0.1509
322 648 0.06
322 2378 0.0733
322 1715 0.0324
323 2818 0.3443
323 689 0.0988
324 3169 0.0777
324 2775 0.2037
325 2253 0.2613
326 2512 0.0609
326 889 0.0413
326 3146 0.0934
327 1660 0.0783
327 1618 0.4117
327 2874 0.0661
327 2093 0.2161
327 2177 0.1269
327 1285 0.1683
327 1828 0.079
327 2237 0.0875
327 1189 0.0788
328 3022 0.135
328 1760 0.28
328 519 0.3152
329 2421 0.1691
329 503 0.4235
329 1333 0.3179
329 1169 0.0748
330 2924 0.3329
330 2376 0.1946
330 2942 0.0285
332 2486 0.122
332 2291 0.4309
332 977 0.1063
332 2967 0.1312
332 809 0.1295
332 411 0.2287
333 3119 0.1362
333 1379 0.0581
333 1129 0.131
334 2951 0.0304
335 1500 0.1371
336 2642 0.0687
336 1521 0.1652
336 438 0.0479
336 691 0.103
337 653 0.1833
337 2932 0.1811
338 1324 0.0087
339 471 0.0665
339 3120 0.2012
340 2482 0.1755
340 883 0.046
341 2651 0.134
341 2545 0.0398
342 1938 0.1375
343 1869 0.1393
343 1585 0.1589
343 1460 0.406
343 1263 0.0364
344 2761 0.0065
344 1705 0.0856
344 2614 0.1625
345 2399 0.0538
345 794 0.2204
345 2863 0.2123
345 3025 0.0359
346 790 0.0569
347 1478 0.1013
347 1791 0.0247
347 1717 0.0661
348 1562 0.1441
348 2906 0.0209
348 2086 0.082
351 1144 0.1248
351 1720 0.0321
351 2727 0.1203
352 2790 0.1241
352 507 0.0199
352 1433 0.1512
352 608 0.2211
353 2491 0.2365
353 3063 0.4884
354 2215 0.2249
354 2040 0.1291
355 1668 0.034
355 771 0.2613
356 2978 0.0921
357 1361 0.0486
358 380 0.2575
358 1842 0.0986
358 544 0.137
359 986 0.1429
359 1952 0.1451
359 1548 0.1938
359 391 0.0945
361 1991 0.0854
361 2852 0.068
361 2707 0.324
362 991 0.0408
362 3090 0.1685
362 2906 0.1554
362 1964 0.0692
363 663 0.0868
364 1852 0.0451
364 2156 0.1406
364 2471 0.1023
365 1261 0.0803
365 1403 0.0829
365 936 0.0699
365 2974 0.4231
366 1271 0.2987
366 2716 0.3615
366 958 0.0709
367 2966 0.1498
367 2412 0.0974
367 2123 0.277
367 3145 0.1351
367 2930 0.0509
367 2022 0.2888
367 2772 0.1409
367 690 0.1059
367 912 0.0649
368 3115 0.0473
369 1862 0.0292
369 764 0.0915
370 2408 0.0635
370 2149 0.1083
370 2925 0.1799
370 975 0.0942
370 2588 0.299
370 1244 0.1171
372 3048 0.1105
372 654 0.2627
372 2239 0.1842
372 1557 0.1162
372 1305 0.19
373 563 0.0706
373 2028 0.1076
373 1430 0.0911
374 537 0.1544
374 2491 0.0345
376 2743 0.068
377 3124 0.2011
377 884 0.1331
377 1630 0.2539
377 961 0.2863
377 1741 0.6399
377 2652 0.0854
377 1037 0.1717
378 3018 0.0021
378 577 0.3209
378 889 0.0599
380 2082 0.4491
380 852 0.1581
380 2278 0.184
380 756 0.0479
380 1325 0.3349
380 431 0.0693
381 1990 0.1683
382 2706 0.3693
382 2309 0.3468
383 2887 0.0999
383 2733 0.0555
384 742 0.1504
384 758 0.218
384 2853 0.1561
384 2880 0.015
385 1775 0.0779
385 2831 0.095
385 1684 0.2393
385 1978 0.1565
385 966 0.1619
385 1390 0.0963
386 726 0.0278
386 1821 0.0918
387 1010 0.0353
387 1604 0.0867
388 3037 0.0692
389 2041 0.0744
389 3180 0.0256
389 637 0.0971
390 2928 0.1272
390 778 0.0727
390 2754 0.1091
391 1925 0.0577
392 699 0.0613
392 1096 0.1335
392 1573 0.1822
392 3034 0.1669
393 1735 0.0599
393 2823 0.1858
393 735 0.166
393 1529 0.4313
394 1777 0.1423
394 3112 0.0997
394 2162 0.27
395 1724 0.302
395 1945 0.0618
395 1785 0.0667
396 1384 0.2025
396 949 0.31
396 893 0.0541
397 1664 0.2109
397 2813 0.2738
398 2482 0.1572
398 929 0.0954
399 1273 0.3049
400 2871 0.1348
401 2498 0.1064
402 2935 0.2141
402 3029 0.0667
402 3081 0.1318
402 1356 0.1503
402 2376 0.0429
403 1861 0.1804
403 2995 0.1212
404 1949 0.3479
405 1059 0.0674
406 2303 0.0248
406 2641 0.0345
406 2974 0.068
406 785 0.0697
407 651 0.3479
407 1038 0.641
408 417 0.0438
408 3123 0.1315
409 1936 0.0738
409 2547 0.0071
410 2280 0.2631
411 1597 0.0359
411 2412 0.0652
411 1519 0.3222
412 1838 0.145
413 1492 0.0973
413 2779 0.2556
413 2044 0.1271
413 2498 0.275
413 2206 0.079
414 1688 0.3203
414 2114 0.0747
414 2534 0.0711
414 2302 0.1185
414 1770 0.0359
415 1862 0.0436
415 2145 0.1167
415 2185 0.137
416 833 0.1168
418 3121 0.2036
418 1133 0.154
418 471 0.1073
418 2481 0.0481
419 1772 0.0597
419 2090 0.1757
419 3031 0.0984
420 2051 0.1025
420 577 0.2081
420 1733 0.2821
420 1279 0.0896
421 777 0.3498
421 669 0.0339
421 1283 0.128
422 1350 0.0668
422 1363 0.0596
422 2061 0.1068
422 1906 0.0802
423 996 0.0214
423 2148 0.1559
423 1370 0.1651
424 1117 0.0289
424 1276 0.1274
425 2696 0.0839
425 2567 0.19
426 609 0.0379
426 2151 0.019
427 2641 0.1884
427 822 0.2204
427 2736 0.1466
427 3074 0.0357
427 756 0.1393
427 1996 0.0907
429 1007 0.1192
429 1225 0.772
429 1452 0.0444
429 1586 0.11
430 890 0.2017
430 1253 0.0466
430 2197 0.0356
430 1088 0.2356
430 2841 0.0778
431 620 0.1673
431 2821 0.0653
431 2545 0.21
431 2963 0.0837
432 1021 0.2172
434 2738 0.3311
434 1515 0.1414
434 999 0.0342
434 1867 0.3213
434 1445 0.1505
434 1149 0.2436
434 3054 0.0336
435 2795 0.1238
435 1585 0.1126
435 2282 0.118
436 1284 0.054
436 1314 0.1145
436 472 0.1785
437 2333 0.1392
438 1472 0.2545
438 1410 0.0968
438 931 0.0455
440 1126 0.0766
440 805 0.1108
440 861 0.0604
441 1165 0.0592
441 2422 0.0732
442 2642 0.179
442 3110 0.082
443 1010 0.2133
443 575 0.1115
443 3155 0.1184
443 1021 0.1514
444 3115 0.1207
445 2609 0.1116
446 2063 0.1774
446 2708 0.1707
447 2908 0.2836
448 1131 0.4685
449 2070 0.1052
449 845 0.212
450 649 0.0828
450 2189 0.0236
450 2358 0.1082
451 1604 0.109
451 3102 0.1461
452 2991 0.0693
453 1135 0.0417
453 1358 0.4714
453 3114 0.0166
454 2445 0.0632
454 887 0.0629
455 656 0.2512
455 2140 0.3067
455 2760 0.3261
455 1697 0.019
455 793 0.0466
456 794 0.2048
456 1530 0.2772
457 1584 0.0204
458 2626 0.0318
458 1496 0.0469
459 639 0.0254
459 767 0.2298
462 1991 0.0735
462 2155 0.1561
462 2121 0.2063
462 1771 0.037
462 1593 0.0649
463 1171 0.0279
463 1580 0.2402
463 1241 0.0939
463 903 0.0942
464 3166 0.0806
464 2364 0.1295
464 1330 0.2109
465 3124 0.1239
465 2935 0.2135
466 1525 0.2205
466 1319 0.0384
466 2831 0.1431
467 2424 0.0659
467 1162 0.0626
467 1226 0.2841
467 2061 0.095
467 3136 0.0588
469 526 0.0388
469 1164 0.12
470 3027 0.1507
470 877 0.0294
471 848 0.1522
471 3198 0.1652
471 1381 0.0427
471 2563 0.0617
471 1031 0.1131
472 930 0.1821
472 2764 0.1183
474 787 0.1161
474 1472 0.0121
474 1404 0.1947
474 2910 0.1696
474 1734 0.2813
474 1945 0.0339
475 688 0.0721
475 752 0.0615
475 1410 0.2645
476 1384 0.1162
476 1456 0.0989
476 1326 0.0225
477 2212 0.1681
477 2976 0.0639
477 1709 0.1154
478 2031 0.0682
478 1104 0.0556
478 2664 0.1648
478 2281 0.0725
479 1772 0.066
479 2307 0.0621
479 2260 0.2004
479 1443 0.301
479 1340 0.0356
481 2158 0.0426
481 1549 0.5263
481 2891 0.0577
481 1878 0.0443
483 1510 0.0873
483 2662 0.1226
483 713 0.1848
483 1785 0.1792
483 2640 0.1794
483 1613 0.0889
484 996 0.13
484 939 0.0915
484 1308 0.0429
484 1761 0.0718
485 2126 0.08
485 525 0.0431
485 2695 0.0451
485 1862 0.1294
485 1897 0.1758
485 1431 0.0714
486 1773 0.0216
486 1633 0.2744
486 1572 0.2025
486 2809 0.0767
487 1323 0.034
487 1846 0.1844
488 1090 0.0519
488 1530 0.245
489 1866 0.1073
489 3017 0.3204
489 3012 0.0476
490 2899 0.3179
490 1759 0.1198
491 1045 0.034
491 1309 0.336
491 3153 0.0974
491 2993 0.2287
493 1176 0.0231
494 2704 0.0703
494 2377 0.1146
496 1339 0.0319
496 1912 0.0306
497 813 0.0884
498 1618 0.1338
498 1041 0.5942
498 1516 0.1564
498 2530 0.3696
499 2606 0.0808
499 1156 0.1855
499 2457 0.1826
499 2473 0.0632
499 1255 0.1207
499 2746 0.0692
500 2048 0.2642
503 3067 0.2807
503 1504 0.2283
504 2676 0.0961
505 2388 0.2554
506 1092 0.085
506 2327 0.1217
507 2051 0.0478
507 783 0.1069
508 708 0.07
508 2957 0.0309
508 2369 0.2652
508 806 0.1195
509 2233 0.1157
509 2093 0.0491
509 1086 0.0735
509 986 0.1006
510 3103 0.4046
510 2167 0.0908
511 1292 0.0657
512 2109 0.1696
512 1652 0.1309
512 2754 0.1028
512 3022 0.3638
513 2804 0.0705
513 652 0.067
514 763 0.0707
514 2341 0.2137
514 2186 0.4335
514 1390 0.0549
514 1660 0.0841
515 2222 0.0671
515 3155 0.4709
515 1916 0.0131
516 2091 0.0334
516 1705 0.3564
516 2657 0.133
516 632 0.2139
518 1749 0.1444
519 2584 0.104
519 853 0.0485
520 1552 0.042
520 2964 0.2309
520 2976 0.1439
521 2154 0.0091
522 1834 0.0914
522 1317 0.0764
523 1047 0.103
523 1437 0.0257
523 2542 0.0973
524 2794 0.0836
524 2867 0.1365
525 2298 0.0834
525 894 0.245
526 1213 0.2379
526 2486 0.5533
526 1306 0.0803
526 584 0.0887
527 3162 0.0525
527 2062 0.1335
528 2194 0.1823
528 1473 0.0911
529 2657 0.1114
529 1284 0.0696
529 1545 0.16
529 1902 0.0888
529 2661 0.4562
529 1852 0.0061
530 1883 0.357
530 2574 0.2056
530 2625 0.0625
530 931 0.1106
531 1550 0.0662
531 3023 0.2064
532 775 0.2769
532 570 0.1385
533 2045 0.121
533 1275 0.2051
533 954 0.2305
533 2592 0.0598
534 1630 0.2963
534 3126 0.215
534 3144 0.0377
535 685 0.1287
536 2249 0.1872
536 1518 0.1016
536 1271 0.0797
537 1735 0.3231
537 1128 0.0126
537 570 0.2837
537 1554 0.0855
537 2557 0.4021
538 3034 0.2362
538 641 0.0672
539 660 0.1946
539 2334 0.1264
539 616 0.0183
539 2604 0.1404
539 1836 0.1517
540 2352 0.3202
540 2805 0.064
540 2705 0.1952
541 2600 0.0216
541 2179 0.0949
542 2524 0.1287
542 1269 0.0662
542 1325 0.0783
543 1314 0.0544
543 1969 0.2101
543 2192 0.1542
543 3192 0.0732
544 1819 0.1989
545 2510 0.0232
546 2658 0.0302
546 1864 0.1317
546 1222 0.0697
547 860 0.2006
548 1888 0.1492
548 2873 0.0125
549 2155 0.0696
549 865 0.1688
550 1169 0.1174
550 1201 0.1288
551 1728 0.0899
552 643 0.0741
553 1773 0.1712
553 1014 0.0039
554 574 0.01
555 1439 0.0522
555 2434 0.1087
556 1021 0.0889
557 2809 0.1137
557 742 0.0214
557 831 0.0688
558 1791 0.078
558 796 0.0764
558 2502 0.0761
559 711 0.1708
559 1088 0.03
559 2899 0.1644
559 2488 0.3344
561 2792 0.1634
561 3049 0.2047
561 655 0.0699
562 819 0.2153
562 2628 0.1015
562 943 0.0703
562 1209 0.2762
562 2151 0.175
563 2879 0.1495
563 1012 0.0647
563 599 0.0451
563 725 0.3502
563 2212 0.0758
564 1268 0.0778
564 1770 0.0321
565 2642 0.0747
565 1181 0.3343
565 1658 0.0384
565 1634 0.0663
565 1661 0.0209
565 2239 0.2448
565 2583 0.2265
566 1021 0.0141
566 1124 0.2038
566 1372 0.1168
567 2684 0.0881
568 746 0.321
568 2710 0.2101
569 891 0.0969
569 2985 0.1227
570 1502 0.0445
571 2288 0.0396
571 3179 0.1588
571 855 0.1829
572 1897 0.1845
572 1220 0.0533
573 976 0.0534
573 2925 0.0527
573 2693 0.0433
573 1002 0.073
574 2896 0.229
574 2578 0.0272
574 1985 0.009
574 2847 0.2518
575 2285 0.0349
575 1880 0.0815
575 890 0.0954
575 1283 0.1361
575 3080 0.475
575 2727 0.1233
576 1023 0.1665
576 2986 0.0723
578 2335 0.2472
579 1872 0.0789
579 1721 0.0015
579 1866 0.0514
579 1284 0.0932
579 2787 0.0936
580 845 0.2766
580 1203 0.0366
580 2062 0.0815
581 1213 0.3944
582 836 0.0632
582 726 0.7698
583 1244 0.0523
584 1442 0.1155
585 3155 0.0177
585 2673 0.0844
585 2438 0.1397
586 1965 0.1228
587 2823 0.2187
587 1371 0.1833
587 794 0.1754
587 2903 0.2436
588 1751 0.0595
588 2049 0.1884
589 1343 0.0413
589 2545 0.1784
589 1536 0.0892
589 1590 0.0278
591 2449 0.22
592 1911 0.1578
592 2875 0.2146
592 883 0.0637
592 1860 0.1604
593 2522 0.3312
593 1548 0.1044
593 1049 0.2843
593 2244 0.1995
594 2934 0.0978
594 1864 0.2298
595 3185 0.2007
596 2478 0.4061
597 1830 0.0826
599 2551 0.3855
599 774 0.0085
599 2398 0.1429
600 2233 0.195
600 1924 0.222
600 3067 0.4087
600 1954 0.0192
600 2778 0.1845
600 1327 0.3214
601 1750 0.0826
601 956 0.1342
602 1493 0.0368
603 2233 0.0371
603 2718 0.0454
603 1459 0.2377
604 1210 0.0992
604 1561 0.1265
605 1981 0.2882
605 2650 0.3447
605 1633 0.0579
606 781 0.2399
606 848 0.3631
608 763 0.3265
608 2305 0.0508
608 907 0.0202
608 2200 0.2831
609 1609 0.009
610 2181 0.0448
611 844 0.2883
611 1470 0.3246
611 709 0.0101
612 2172 0.0131
612 2616 0.0189
612 2730 0.1863
612 3186 0.0527
613 2458 0.2296
613 2477 0.0559
613 2139 0.0396
613 1869 0.0696
613 2185 0.211
613 1258 0.0561
614 1151 0.0837
614 2159 0.1411
614 3033 0.0555
614 1100 0.3912
616 1473 0.2256
616 869 0.1878
616 2561 0.0416
616 2588 0.0237
616 2863 0.0599
617 1463 0.1039
617 1443 0.057
618 766 0.0448
618 1605 0.1324
618 1057 0.088
619 973 0.1392
619 2243 0.1612
619 1861 0.1168
620 646 0.1513
620 2475 0.1564
622 1837 0.0774
622 1810 0.1093
623 1667 0.187
623 2674 0.1672
624 1871 0.0253
624 1755 0.1529
624 2243 0.0705
624 2396 0.0764
625 2516 0.2398
626 2380 0.1931
626 3190 0.1051
628 2889 0.0907
628 1735 0.1687
628 731 0.048
628 2557 0.0325
629 1104 0.238
630 987 0.3141
630 1018 0.2054
631 892 0.1322
631 2972 0.0643
632 2059 0.1599
632 3171 0.2417
633 1284 0.0477
633 926 0.3021
633 1854 0.0644
634 1748 0.2008
634 1879 0.1583
634 839 0.1198
634 1184 0.0727
634 2683 0.1385
635 1075 0.201
635 2299 0.1088
636 779 0.1742
636 2385 0.3132
636 999 0.086
637 1275 0.1511
637 2724 0.2205
638 2917 0.0617
640 948 0.0897
640 697 0.1578
640 1080 0.0107
642 3123 0.0717
642 1677 0.0972
642 2783 0.1005
643 3009 0.0315
643 747 0.0202
643 2676 0.2138
644 2409 0.03
644 2538 0.105
645 694 0.3049
645 855 0.0994
645 895 0.0952
645 2092 0.05
646 2876 0.145
647 1363 0.152
647 3155 0.0482
647 1048 0.062
648 2790 0.0435
648 1072 0.0816
648 1108 0.2018
649 1898 0.036
649 3099 0.1581
651 2810 0.1049
651 1074 0.0745
652 2076 0.2054
653 1887 0.13
654 2188 0.0609
655 3186 0.2186
655 2926 0.1557
655 949 0.0465
655 901 0.151
656 1398 0.2557
656 2023 0.043
656 1939 0.0937
656 3142 0.1011
657 1540 0.1626
657 934 0.2952
658 2843 0.0982
658 2267 0.3215
658 2074 0.1946
659 729 0.1915
660 1825 0.3134
660 2876 0.1146
661 2977 0.2282
661 1796 0.0142
661 2166 0.3021
662 2092 0.0818
662 1455 0.3149
662 944 0.0425
663 1501 0.0197
663 1128 0.0688
663 2665 0.0377
663 1553 0.2853
664 2485 0.0847
664 1194 0.0596
665 2045 0.1429
665 744 0.1202
665 1826 0.1763
665 1597 0.2544
666 2749 0.0374
666 1778 0.6147
667 2092 0.2878
667 891 0.0088
667 881 0.7478
670 2360 0.2452
670 877 0.1103
671 1318 0.0789
671 1690 0.1287
671 2380 0.0459
672 1190 0.1729
673 2295 0.2421
673 2851 0.0363
673 2042 0.1751
673 2071 0.2355
674 1556 0.0215
675 2827 0.1586
676 3194 0.0362
677 2605 0.199
678 1428 0.1724
678 2384 0.0407
678 938 0.0735
679 1341 0.073
679 1255 0.1043
680 2524 0.3331
680 1567 0.1403
680 1109 0.0323
680 822 0.021
681 2038 0.1896
683 1539 0.2033
684 1436 0.1697
684 746 0.1014
684 3109 0.115
685 3004 0.0267
686 2194 0.0544
686 1593 0.0354
687 2737 0.2994
688 2219 0.0468
688 2709 0.0469
688 3108 0.1445
689 2006 0.1464
691 2216 0.0788
691 1228 0.0922
692 3014 0.2146
692 2219 0.0527
693 1861 0.0815
694 1853 0.0234
695 1407 0.0417
695 1943 0.154
695 2029 0.1207
695 1873 0.2536
696 2214 0.2609
696 1198 0.3138
697 1824 0.2066
697 2998 0.1554
697 1678 0.0825
698 2207 0.1912
698 2699 0.0717
699 2839 0.2833
699 2697 0.0133
699 1475 0.074
699 2103 0.2205
700 1478 0.0216
700 1321 0.1631
701 1401 0.4005
701 2801 0.2245
702 2982 0.1359
703 1548 0.1306
703 1892 0.2496
704 1021 0.0535
704 1283 0.234
704 1707 0.1737
705 1505 0.2267
706 1797 0.061
707 1667 0.0757
707 1610 0.1544
707 2619 0.1212
707 973 0.1116
708 1020 0.1978
709 1611 0.0992
710 2318 0.1508
710 1545 0.0338
711 3111 0.0565
711 3125 0.048
711 2284 0.1516
711 1624 0.0438
711 1579 0.2008
712 1673 0.1572
712 907 0.0311
714 1099 0.0193
714 2581 0.0247
715 1056 0.218
715 1851 0.1071
715 1925 0.0316
717 1041 0.1691
717 2585 0.1051
718 1261 0.0329
719 1767 0.1252
720 1895 0.1049
720 2557 0.1783
720 2968 0.0143
720 2426 0.2945
721 1458 0.1035
721 1258 0.0309
721 1242 0.0265
722 2050 0.1639
723 1331 0.1875
723 2787 0.0258
723 746 0.0496
725 1636 0.1584
725 1640 0.0996
725 2313 0.1913
726 967 0.0318
726 814 0.1254
726 911 0.1479
726 1457 0.2462
726 2121 0.0628
727 2392 0.0281
728 3121 0.2962
728 1054 0.1407
729 2015 0.236
729 2354 0.2586
730 1176 0.0857
731 3062 0.181
732 1652 0.1662
733 933 0.0533
734 3133 0.2544
735 2294 0.3126
735 2767 0.128
736 2659 0.1749
736 1619 0.1276
736 1830 0.3281
737 1355 0.0207
737 2141 0.0865
738 3087 0.1399
738 2748 0.0342
739 1609 0.0135
739 2696 0.2584
739 839 0.1334
740 1147 0.1387
740 1497 0.5436
740 2180 0.046
742 1522 0.0794
743 1207 0.0134
743 1994 0.1234
744 1825 0.0971
744 2788 0.2962
745 3152 0.1979
745 1084 0.1184
745 2962 0.0279
746 2486 0.0334
747 2343 0.1148
747 2031 0.0538
748 2115 0.1069
748 2867 0.1849
748 1844 0.0495
748 2275 0.1001
749 1632 0.2694
749 769 0.0863
749 2617 0.0843
749 1207 0.0907
749 982 0.1057
751 926 0.0767
751 1418 0.167
751 2966 0.0549
751 2585 0.0611
752 2142 0.3111
752 2001 0.0725
752 2402 0.1026
753 815 0.0144
753 1222 0.1397
754 1830 0.2255
754 3063 0.0372
754 879 0.0419
755 2547 0.162
756 1412 0.097
756 783 0.1723
756 961 0.1068
757 1118 0.3641
757 3096 0.1331
758 774 0.0862
758 2399 0.0556
759 1458 0.1134
760 1386 0.101
761 901 0.408
761 2140 0.266
761 1740 0.2354
761 2822 0.1435
762 1934 0.0461
762 1558 0.026
762 2680 0.283
762 819 0.0634
763 1289 0.1174
763 2229 0.1401
764 2194 0.2833
764 1086 0.0777
765 2834 0.126
765 2115 0.0289
765 2885 0.0307
766 3133 0.2805
766 1113 0.1157
767 1685 0.1883
767 2965 0.0827
767 818 0.0468
768 1009 0.2186
769 1649 0.1026
769 2609 0.0849
769 851 0.1188
769 1016 0.0965
769 1891 0.0698
769 2009 0.1078
770 1732 0.0892
770 2861 0.1921
771 2977 0.0432
772 1146 0.146
772 2939 0.1837
773 2466 0.1149
774 3098 0.0928
774 1938 0.1255
775 1630 0.0711
776 3081 0.1228
776 2173 0.0348
776 2798 0.1748
779 1538 0.0307
779 2191 0.2018
780 2334 0.1452
780 3067 0.0554
781 2379 0.0519
782 2079 0.0377
782 1480 0.2012
782 2462 0.055
782 1620 0.1831
782 3144 0.0325
782 2826 0.1013
783 3050 0.3594
784 2376 0.0926
784 1328 0.083
784 2422 0.1195
785 2878 0.1218
785 1769 0.2055
785 1212 0.0141
786 3093 0.0373
786 2352 0.132
786 1242 0.2821
786 2186 0.1592
787 1920 0.0681
787 3111 0.0487
787 2292 0.1872
789 1557 0.1013
789 1839 0.0774
789 2094 0.1388
789 1462 0.1418
790 1772 0.0942
790 3004 0.2146
790 2799 0.0569
791 1121 0.0773
791 1901 0.0376
792 2871 0.369
793 2694 0.2037
794 884 0.0869
794 2561 0.1046
794 2398 0.1355
794 2172 0.1181
794 1483 0.1144
795 2551 0.3533
795 1576 0.39
795 2929 0.0724
795 1180 0.085
796 1603 0.1157
796 2426 0.1092
797 930 0.1716
797 819 0.199
798 2009 0.0394
798 839 0.0151
799 1559 0.205
799 1085 0.0645
799 1304 0.2066
800 2879 0.0725
801 3114 0.1077
802 2822 0.1083
802 1270 0.039
802 1787 0.1681
803 1863 0.0333
803 2121 0.1041
804 2217 0.1448
805 2667 0.028
805 1245 0.0271
805 1636 0.1562
806 3035 0.1317
807 3015 0.2073
807 1615 0.0807
809 919 0.0796
811 2772 0.1422
811 1900 0.011
811 2037 0.1076
811 1181 0.0779
811 984 0.1977
812 3175 0.227
812 1014 0.0696
812 2571 0.1675
813 1945 0.0213
814 1909 0.2847
814 2578 0.1633
815 2321 0.1931
816 2241 0.0191
817 1123 0.0213
817 2515 0.0819
817 1059 0.1096
817 1043 0.1921
818 927 0.0644
818 1608 0.0751
819 2643 0.0923
819 2274 0.1127
819 1447 0.0983
819 1730 0.0735
820 2227 0.0478
820 3125 0.1442
820 2021 0.1097
821 2351 0.0462
821 2454 0.3241
821 2045 0.2755
821 2079 0.1736
822 2890 0.1661
823 1760 0.0286
823 1663 0.0523
823 1667 0.3387
823 2296 0.1265
823 959 0.1003
824 1319 0.0729
825 2280 0.0233
826 1218 0.2882
826 3064 0.0588
826 2215 0.1209
827 1295 0.3717
827 869 0.0567
827 2692 0.1687
827 1588 0.1981
828 2439 0.0114
828 1461 0.1876
828 1052 0.0433
829 1974 0.2395
829 1147 0.0727
830 2944 0.1633
830 1038 0.0826
830 1095 0.1342
830 1070 0.1039
831 930 0.0328
831 2519 0.1141
831 2628 0.1011
831 1429 0.09
832 2830 0.0087
832 1680 0.0587
833 913 0.1326
833 2406 0.1012
834 2810 0.0873
836 2460 0.1276
837 2770 0.3336
837 2069 0.2629
838 2094 0.1844
838 2616 0.1254
838 3141 0.0641
839 3113 0.1236
839 1157 0.1991
840 2597 0.3158
840 2791 0.1836
840 979 0.0196
841 2025 0.1262
842 2553 0.0596
842 1083 0.1335
842 2941 0.1119
842 1766 0.0219
843 2263 0.0399
843 3089 0.0364
844 2362 0.298
844 2566 0.1154
844 1041 0.0773
844 1579 0.1875
845 992 0.1028
845 905 0.1707
846 2151 0.0651
846 948 0.2052
847 1680 0.2835
847 1531 0.0839
848 2735 0.2316
848 1220 0.1873
848 1171 0.0256
849 1260 0.1824
849 2026 0.2162
849 1469 0.0594
849 2926 0.1602
850 1252 0.2795
850 1745 0.3796
851 2002 0.1727
851 2405 0.1277
852 2411 0.3348
852 2769 0.0768
852 2622 0.0685
853 2294 0.1441
853 2590 0.0721
854 2585 0.1067
854 2799 0.1676
854 1564 0.0222
855 1206 0.094
856 876 0.2153
858 2400 0.1106
858 2886 0.1558
858 1579 0.2682
858 1617 0.0133
859 2386 0.1481
859 3184 0.0406
860 2985 0.04
860 1683 0.1027
860 874 0.1631
861 2568 0.1242
861 1854 0.056
861 2760 0.4151
862 1002 0.2251
862 2594 0.0659
862 2366 0.076
864 1775 0.1079
864 1402 0.1296
864 2609 0.0125
864 2463 0.3063
864 3041 0.0626
866 1052 0.1231
867 1910 0.0402
867 2983 0.084
867 1610 0.0378
867 2643 0.127
868 2837 0.082
868 1459 0.2163
869 2485 0.1184
869 3030 0.2086
870 1556 0.0744
870 1814 0.1528
871 3033 0.1781
871 2953 0.0243
872 2638 0.0969
872 1426 0.0388
873 2455 0.1142
873 1842 0.0387
873 1443 0.2901
873 1732 0.029
874 2063 0.0534
874 2473 0.1027
875 1493 0.1085
875 1917 0.0678
876 1499 0.0835
876 1106 0.2224
878 1714 0.1312
878 3091 0.0836
878 1728 0.1788
880 2805 0.0655
880 1700 0.1803
881 2565 0.0316
881 1166 0.0702
881 1574 0.1497
881 2374 0.3512
882 1580 0.0405
884 2619 0.0396
884 2736 0.1173
884 2932 0.0637
885 1430 0.0583
885 1769 0.1986
885 1370 0.0676
886 2987 0.1847
886 1428 0.0834
886 2686 0.2236
886 3105 0.2271
887 1738 0.0365
887 1453 0.1011
887 888 0.0739
888 2304 0.1135
889 2669 0.0244
889 1621 0.0495
889 2761 0.0485
889 2186 0.1456
889 1900 0.1037
889 3153 0.6949
890 2882 0.0224
890 2112 0.0608
891 2348 0.5144
891 1781 0.0122
891 2995 0.0689
892 2021 0.0103
892 2435 0.1369
893 2217 0.1559
893 2434 0.0482
894 1177 0.0295
895 1143 0.0344
897 2404 0.115
897 2985 0.1326
897 1359 0.0521
897 2586 0.1249
898 3173 0.1969
899 1650 0.3692
899 1277 0.0454
901 2944 0.0694
901 1992 0.1028
902 2451 0.0204
903 1436 0.0817
903 1420 0.083
903 1816 0.0754
903 3091 0.2635
903 2023 0.1879
904 2339 0.1391
905 1145 0.1389
905 1909 0.0959
905 1313 0.1839
906 994 0.238
906 1240 0.1054
906 1068 0.3283
906 2461 0.1067
907 1632 0.1541
908 2698 0.2962
908 958 0.0568
908 2249 0.1978
909 3008 0.131
909 2274 0.0636
909 1131 0.0866
910 3147 0.3604
910 2900 0.1688
912 3109 0.0957
912 1838 0.1777
913 2594 0.2298
913 2763 0.2049
917 985 0.1535
917 920 0.1836
918 2262 0.1567
918 1754 0.3162
919 3163 0.7128
919 1274 0.1595
919 3071 0.126
919 2948 0.1715
920 2683 0.2068
921 2972 0.081
921 2558 0.0206
921 1516 0.0981
921 1666 0.3153
922 2756 0.1525
922 1999 0.1554
923 1936 0.0993
923 1888 0.407
923 1536 0.1401
924 3052 0.0321
924 1893 0.0392
924 3110 0.1083
924 1561 0.2274
925 1284 0.0935
926 1890 0.2564
927 1748 0.2553
928 2423 0.032
928 1732 0.151
928 1568 0.1196
928 1897 0.0359
928 1045 0.3561
929 1212 0.0231
929 2068 0.1785
932 1616 0.2614
932 2666 0.0785
933 1323 0.0122
933 1033 0.2528
934 2556 0.1046
934 2932 0.231
935 2533 0.2779
936 2315 0.3692
936 1821 0.1558
936 2539 0.0833
937 2055 0.3252
937 1236 0.135
937 2998 0.1452
938 1723 0.1986
939 1069 0.1597
940 2040 0.1077
940 1184 0.0471
941 1371 0.0516
943 960 0.0247
943 997 0.29
944 2465 0.3129
944 2259 0.1071
947 1644 0.045
948 2081 0.1141
948 3074 0.2486
948 2779 0.178
949 1599 0.2143
949 2443 0.2784
949 1103 0.1761
949 2880 0.2066
949 1781 0.0103
950 2140 0.0635
950 1892 0.201
951 992 0.1203
952 1010 0.3902
952 1718 0.0804
952 1800 0.0493
953 2332 0.2377
953 1239 0.1572
953 2556 0.0658
953 1938 0.0923
953 1322 0.0521
954 3064 0.1363
954 2180 0.0971
955 1100 0.1057
955 2253 0.0648
955 2408 0.004
957 1948 0.0591
958 2542 0.0341
959 2991 0.1791
959 1347 0.0825
960 1655 0.1975
960 1011 0.2106
960 1315 0.0674
960 1647 0.3828
961 1666 0.0743
961 2873 0.2551
962 2083 0.1558
963 998 0.02
963 999 0.1546
964 2539 0.0915
964 1332 0.4536
964 2865 0.1227
964 1135 0.035
965 1129 0.0699
966 2611 0.1198
966 1291 0.1733
967 1244 0.5623
968 2784 0.1538
968 2512 0.1833
969 1312 0.0527
969 3109 0.1063
969 2695 0.0867
970 2633 0.4847
970 2743 0.2149
971 2058 0.0411
971 1887 0.1889
971 1798 0.2059
971 2566 0.247
972 3022 0.0092
973 2776 0.1016
973 1445 0.2323
973 2916 0.1094
973 1621 0.2616
974 1920 0.0948
974 1696 0.0111
974 2697 0.2146
975 1918 0.0491
975 1750 0.1172
976 1835 0.2074
976 1146 0.4373
977 1265 0.0823
979 2833 0.1399
979 2876 0.0932
979 2905 0.048
980 3090 0.3273
980 2868 0.1037
980 1820 0.2287
981 2398 0.2531
981 2006 0.2429
981 2441 0.0346
981 1098 0.3196
982 1717 0.1771
983 2897 0.1137
983 2817 0.0748
983 3079 0.2912
983 2726 0.0263
984 2843 0.0648
984 3110 0.1717
985 1383 0.1134
985 2107 0.0596
985 2525 0.2271
986 2043 0.1671
986 3156 0.0655
987 2360 0.1008
987 2799 0.0582
988 1317 0.0625
988 2737 0.271
989 1944 0.0845
990 1481 0.0782
990 1153 0.0739
990 1865 0.1296
990 2009 0.0657
991 2208 0.0832
991 1939 0.1036
991 1692 0.0099
991 2450 0.1581
991 2445 0.2204
992 3132 0.095
993 1167 0.1402
993 1813 0.1891
993 2729 0.1236
994 1985 0.3769
995 1115 0.3181
996 2697 0.1092
996 1487 0.098
996 2021 0.2227
997 1615 0.3762
997 3009 0.1122
998 3059 0.1279
998 2596 0.1164
998 2056 0.1469
999 3058 0.292
1001 2189 0.0481
1002 1884 0.1425
1002 2767 0.0439
1002 1124 0.1284
1003 2973 0.2779
1003 2217 0.1459
1003 2960 0.5036
1005 2630 0.1795
1005 2657 0.1912
1006 2803 0.309
1006 1168 0.1617
1006 2984 0.073
1006 1793 0.3652
1006 1558 0.2896
1007 2886 0.1018
1007 1204 0.0761
1008 2717 0.0139
1008 2751 0.0778
1008 2613 0.2026
1008 1179 0.0406
1008 1044 0.1314
1010 2318 0.0796
1010 3122 0.0417
1011 3030 0.2207
1012 1910 0.0232
1014 2721 0.083
1014 2814 0.0532
1014 3097 0.2113
1014 2433 0.2973
1014 2585 0.1635
1015 1794 0.0499
1016 1370 0.1127
1016 2945 0.2935
1016 3076 0.1935
1017 1686 0.0502
1017 3051 0.0891
1017 1251 0.0223
1017 1898 0.2401
1018 2930 0.0783
1019 2920 0.1626
1019 2696 0.1295
1021 2866 0.0815
1021 1550 0.177
1022 2591 0.2281
1023 2172 0.0459
1023 1028 0.0359
1023 2675 0.0379
1024 1476 0.1039
1024 2058 0.1755
1024 2169 0.393
1025 1811 0.0671
1025 2317 0.0274
1026 3151 0.4424
1026 1245 0.129
1026 2203 0.3571
1027 2431 0.3344
1027 3125 0.0233
1028 1357 0.0955
1028 1364 0.1916
1028 2252 0.0619
1028 1947 0.135
1029 2888 0.2716
1029 2009 0.1469
1030 2481 0.0431
1030 1436 0.1191
1030 2071 0.2662
1032 1074 0.1624
1032 1937 0.0337
1032 2191 0.054
1034 1084 0.0217
1034 2661 0.1229
1034 2406 0.2127
1034 2423 0.0667
1035 2847 0.2572
1035 2442 0.1036
1035 2981 0.1449
1036 2751 0.0362
1038 1324 0.0648
1038 3120 0.0522
1039 1658 0.2065
1039 2103 0.1284
1039 2580 0.1845
1039 2384 0.1041
1039 1054 0.0834
1040 1297 0.112
1040 2759 0.1867
1040 2993 0.1392
1040 2062 0.0543
1041 2920 0.0804
1041 1240 0.2003
1041 2719 0.2411
1041 1986 0.0875
1042 2519 0.0495
1042 2168 0.1706
1043 1698 0.3194
1043 1160 0.0758
1043 3099 0.186
1043 2733 0.0847
1043 1432 0.2772
1044 2258 0.1965
1044 2968 0.1409
1044 1636 0.0927
1045 2764 0.0216
1045 2679 0.7249
1045 1158 0.2713
1045 3134 0.192
1046 1689 0.0215
1046 1387 0.2004
1047 2186 0.0332
1047 1413 0.1252
1048 2966 0.1186
1048 1205 0.0966
1050 2694 0.0381
1050 2562 0.0176
1050 2151 0.0175
1050 2200 0.1365
1051 1473 0.132
1052 1090 0.3173
1052 2855 0.1041
1052 1282 0.3109
1052 2099 0.1355
1052 1907 0.0554
1053 2106 0.148
1055 1504 0.1011
1055 2618 0.0245
1055 1589 0.1347
1056 1282 0.167
1057 2611 0.0436
1058 2201 0.1929
1059 2374 0.1408
1059 2600 0.0963
1059 2067 0.0253
1059 3016 0.2607
1060 2412 0.4631
1061 1396 0.1425
1061 3058 0.1074
1062 2246 0.1048
1063 2481 0.0935
1064 2086 0.3151
1065 2129 0.1459
1065 2689 0.1118
1066 1073 0.1455
1066 1386 0.1244
1067 1273 0.2181
1068 2613 0.2498
1068 2144 0.1067
1069 2020 0.2986
1070 2139 0.1703
1070 2348 0.0707
1071 1364 0.0908
1071 2726 0.012
1071 2330 0.1836
1072 2482 0.0789
1072 2770 0.094
1072 2518 0.2027
1072 1876 0.0393
1073 1190 0.093
1074 2331 0.039
1074 1643 0.2087
1075 3040 0.5293
1075 3053 0.0129
1076 2007 0.0769
1076 2347 0.0845
1076 1458 0.4073
1077 2141 0.1579
1077 1757 0.257
1077 2307 0.0338
1078 2758 0.239
1079 1691 0.086
1080 1869 0.1043
1080 2512 0.0909
1081 3095 0.1262
1081 1280 0.2244
1081 1204 0.0931
1081 1737 0.0907
1082 2766 0.0212
1082 2829 0.098
1083 2926 0.0348
1084 3128 0.1398
1084 3170 0.3559
1084 2056 0.2543
1084 2909 0.1269
1086 2147 0.255
1087 1204 0.1958
1087 1587 0.1224
1088 1629 0.0735
1088 2796 0.1755
1088 1431 0.0577
1088 2313 0.0234
1089 2544 0.0672
1089 2286 0.0403
1090 1796 0.0354
1090 1199 0.0347
1091 3155 0.189
1091 3109 0.1373
1091 1449 0.092
1092 2705 0.0818
1093 2059 0.0913
1093 2933 0.2119
1094 1621 0.2028
1095 2531 0.0803
1095 2517 0.1403
1097 2199 0.0575
1097 2386 0.0662
1098 2056 0.0643
1098 3166 0.1181
1098 1938 0.0573
1098 2520 0.1036
1098 2385 0.1099
1098 1771 0.018
1099 2480 0.1412
1099 2627 0.2512
1099 1822 0.0793
1100 1651 0.1308
1101 1535 0.0756
1102 2857 0.2804
1103 1783 0.2137
1103 2565 0.2046
1104 2541 0.2138
1104 2197 0.09
1105 2038 0.2131
1105 1502 0.1896
1106 3174 0.1715
1106 1824 0.0087
1106 1611 0.0996
1106 1935 0.0404
1107 2181 0.0196
1107 2512 0.0766
1107 1243 0.3143
1108 2811 0.1016
1108 2454 0.1058
1110 1648 0.2425
1111 2772 0.1095
1111 2638 0.0176
1111 1189 0.2011
1112 1142 0.1334
1112 3123 0.0973
1112 2613 0.112
1113 3189 0.1457
1113 1277 0.2108
1114 1367 0.1281
1114 2985 0.0214
1115 1165 0.1033
1115 2439 0.0575
1115 3155 0.2299
1115 2212 0.2254
1115 2993 0.023
1115 2858 0.1581
1115 2558 0.3095
1115 2225 0.3809
1115 2469 0.0931
1117 2108 0.3248
1117 2790 0.0753
1118 1336 0.0833
1118 2441 0.1711
1118 2604 0.2825
1118 2651 0.0454
1118 2031 0.1463
1119 2491 0.0441
1121 1611 0.1703
1121 2148 0.1101
1121 1511 0.0967
1122 1976 0.1452
1122 2847 0.1365
1126 2072 0.0703
1126 2903 0.0305
1127 1433 0.044
1128 1958 0.184
1128 1489 0.2002
1129 1496 0.0293
1129 2245 0.0562
1129 3096 0.4128
1129 1876 0.1184
1130 2785 0.0609
1130 1246 0.0855
1130 2903 0.1302
1132 2193 0.2133
1132 2227 0.5717
1132 1707 0.0848
1132 1265 0.1342
1132 1950 0.0572
1133 1593 0.2329
1133 1908 0.1129
1133 2544 0.1367
1133 1978 0.1107
1134 1730 0.2094
1134 2923 0.0691
1134 2276 0.1433
1135 2123 0.1424
1135 1906 0.0941
1135 1517 0.0256
1135 1954 0.1501
1136 2244 0.1063
1137 1335 0.0932
1138 2463 0.0495
1138 1465 0.0519
1139 2480 0.0753
1140 2617 0.1177
1141 2155 0.1204
1142 3107 0.2136
1142 2810 0.0693
1142 1775 0.0539
1143 2007 0.1661
1143 1831 0.0758
1143 2127 0.0903
1143 1256 0.069
1143 1997 0.0494
1144 1797 0.1036
1144 1551 0.2035
1145 1735 0.1087
1146 2002 0.1434
1146 2029 0.0674
1146 2505 0.2364
1147 2563 0.2021
1147 1746 0.0699
1148 1877 0.2484
1148 1718 0.0125
1149 2949 0.2289
1149 1188 0.0312
1149 2069 0.0401
1151 2048 0.2101
1151 1709 0.23
1151 2481 0.3335
1152 1389 0.1911
1152 2181 0.0549
1153 1618 0.0839
1153 2989 0.0518
1154 1469 0.1303
1155 1172 0.4231
1155 3169 0.3005
1156 1636 0.1169
1157 2283 0.161
1157 2374 0.0305
1157 2176 0.0652
1157 2601 0.1088
1157 1925 0.1923
1158 2808 0.1408
1158 2353 0.239
1159 2086 0.0894
1159 2199 0.2481
1160 1313 0.598
1160 2089 0.3522
1161 1624 0.0812
1162 1584 0.0975
1162 2352 0.0625
1163 2998 0.0891
1163 1719 0.2858
1163 1841 0.1194
1163 2446 0.1078
1164 1648 0.2518
1165 2216 0.0389
1165 1699 0.0561
1165 2474 0.1872
1165 2763 0.2623
1165 2955 0.2195
1165 1772 0.1871
1166 1792 0.1288
1167 3088 0.0489
1167 2431 0.1473
1168 2823 0.1889
1168 1414 0.1171
1169 1792 0.1057
1169 3180 0.0324
1170 1956 0.1099
1171 2699 0.09
1171 1308 0.2433
1171 2166 0.0997
1171 3030 0.0453
1172 2701 0.0519
1173 1197 0.1382
1173 2895 0.2509
1173 2864 0.0791
1173 1678 0.3406
1174 2180 0.3721
1174 1606 0.0883
1174 2306 0.0874
1175 2146 0.1397
1175 1452 0.0472
1176 2423 0.0791
1176 2553 0.1322
1177 1377 0.1913
1177 2891 0.0042
1178 1711 0.0145
1178 2065 0.0979
1178 1636 0.0384
1180 3091 0.2289
1180 1241 0.1404
1180 2250 0.176
1180 2264 0.2951
1180 1893 0.1661
1180 2778 0.0807
1184 3112 0.0669
1184 1941 0.0181
1185 1650 0.0932
1185 2890 0.0356
1185 2182 0.0995
1186 2827 0.0337
1187 2022 0.0838
1187 1573 0.0031
1188 1414 0.0504
1188 1190 0.395
1190 1464 0.0959
1190 2347 0.1729
1191 1854 0.0449
1191 2457 0.1503
1192 2209 0.1599
1192 1227 0.1915
1194 2178 0.1425
1194 1999 0.3057
1194 2798 0.0916
1195 1810 0.0969
1195 2578 0.0846
1195 2762 0.0823
1195 2417 0.0651
1195 2453 0.1446
1196 1521 0.3013
1196 1679 0.1078
1196 2456 0.1505
1197 2805 0.2072
1198 3000 0.1065
1198 2994 0.1507
1198 2761 0.206
1200 2202 0.0756
1201 1384 0.362
1201 3092 0.0499
1202 1823 0.0638
1205 1464 0.0483
1205 2394 0.4191
1205 2177 0.225
1206 3139 0.0607
1206 2361 0.0346
1206 1388 0.0342
1206 2715 0.1697
1207 2767 0.3288
1207 2827 0.015
1208 2714 0.2464
1208 2282 0.1135
1208 2618 0.2196
1208 1868 0.1735
1209 2647 0.0464
1209 1838 0.1973
1209 1780 0.1502
1210 2502 0.0822
1211 1653 0.0222
1211 2281 0.0286
1212 2845 0.1149
1213 2499 0.2511
1214 2844 0.2807
1214 1875 0.2153
1215 1616 0.0567
1215 2879 0.173
1216 1793 0.1379
1217 1742 0.0842
1218 2700 0.0612
1218 1264 0.084
1218 2845 0.1313
1219 1500 0.1519
1220 2376 0.2645
1220 1983 0.1623
1221 1291 0.3379
1222 2426 0.0699
1222 2237 0.0884
1222 1254 0.0849
1222 2149 0.1285
1224 3028 0.1904
1224 1429 0.1403
1225 1284 0.1119
1225 2192 0.1092
1225 2313 0.117
1225 2649 0.0808
1225 2964 0.0489
1225 3164 0.059
1226 2525 0.4297
1226 1258 0.0952
1227 2366 0.1189
1229 3095 0.1168
1229 2045 0.0328
1229 1561 0.1602
1229 1732 0.0686
1230 3128 0.1816
1230 1642 0.076
1230 2258 0.1616
1230 2923 0.0975
1231 3178 0.0238
1231 2105 0.0796
1233 3173 0.1688
1233 1983 0.0837
1234 2125 0.0918
1235 2149 0.0738
1235 1777 0.0272
1235 1759 0.1703
1236 2442 0.0694
1237 2792 0.0715
1237 2835 0.0359
1237 1746 0.2751
1238 2522 0.0288
1238 2989 0.1326
1239 2961 0.1598
1239 1598 0.1563
1240 1337 0.0687
1241 2021 0.1437
1241 1367 0.2546
1241 1657 0.0026
1242 2892 0.0482
1242 1424 0.0734
1242 1388 0.0317
1244 1488 0.122
1245 1366 0.1145
1245 3019 0.0608
1246 2312 0.0723
1246 1957 0.2252
1247 2874 0.155
1247 2327 0.0338
1248 1518 0.184
1248 2609 0.209
1248 2563 0.2772
1249 2084 0.1747
1250 1399 0.1457
1250 3169 0.1618
1251 3198 0.2033
1251 2666 0.2846
1251 2203 0.1262
1251 1745 0.0866
1252 2963 0.0747
1252 1608 0.1018
1253 2675 0.1104
1255 1777 0.2196
1256 2864 0.3295
1256 2587 0.0337
1257 2393 0.1997
1257 3069 0.1552
1259 2725 0.382
1260 1767 0.1166
1260 2303 0.2335
1261 3014 0.1643
1262 2743 0.0631
1262 1524 0.161
1262 2403 0.6081
1262 1653 0.0727
1262 2859 0.1575
1263 2040 0.0563
1263 1505 0.0813
1263 1790 0.1864
1264 1359 0.0696
1265 2306 0.3065
1265 2833 0.1881
1265 2828 0.2325
1266 2814 0.2669
1266 3144 0.0481
1266 3199 0.068
1266 1560 0.2718
1267 1965 0.0383
1267 1383 0.3526
1267 2119 0.1363
1267 2028 0.1614
1268 1859 0.3149
1268 1671 0.0967
1269 2812 0.2039
1269 1342 0.3766
1269 1552 0.0419
1269 3086 0.0056
1270 1554 0.0381
1271 2368 0.0572
1271 2257 0.2325
1271 3105 0.0579
1272 2623 0.0942
1272 2299 0.0488
1272 1972 0.287
1274 1396 0.1742
1274 2986 0.043
1274 2732 0.1857
1274 1491 0.2245
1274 2814 0.0771
1277 2993 0.15
1278 2647 0.3285
1278 3187 0.2201
1278 2985 0.1325
1279 2714 0.0582
1279 1700 0.0839
1280 1798 0.1506
1281 1902 0.0855
1281 1758 0.1203
1282 3133 0.0182
1283 2858 0.1572
1283 3185 0.0345
1283 3085 0.1242
1284 2745 0.1107
1284 2753 0.1328
1284 2118 0.1188
1286 2278 0.2576
1286 1981 0.0225
1288 1392 0.1067
1290 2571 0.361
1292 2054 0.1878
1293 1796 0.0495
1295 2815 0.0389
1296 1810 0.0692
1296 2755 0.3102
1297 2230 0.1887
1297 2478 0.1428
1297 2027 0.0947
1298 1412 0.0092
1298 3036 0.135
1298 1793 0.0347
1301 2064 0.217
1301 1662 0.545
1302 2419 0.1322
1302 2662 0.1589
1303 1746 0.2526
1304 1556 0.0491
1304 1458 0.0594
1304 1917 0.1347
1306 2184 0.1579
1306 3058 0.0706
1307 2927 0.1748
1308 2858 0.0681
1308 2605 0.1866
1311 2822 0.022
1311 2833 0.0394
1312 2998 0.1524
1312 2686 0.0123
1312 3088 0.0705
1313 2582 0.1009
1314 2447 0.0656
1314 2025 0.014
1315 1695 0.0338
1317 2881 0.1692
1317 2130 0.0367
1317 2533 0.1363
1317 2497 0.0261
1317 2601 0.1602
1318 2821 0.1116
1318 1535 0.0628
1320 1611 0.1162
1321 1484 0.3939
1322 1897 0.1623
1323 1373 0.2158
1324 1674 0.0995
1324 2395 0.0094
1325 1696 0.066
1325 1612 0.4962
1326 2270 0.168
1326 1542 0.067
1326 2455 0.238
1326 2216 0.0766
1327 1759 0.1905
1327 3015 0.0148
1327 3116 0.1129
1328 2871 0.1197
1328 2437 0.1335
1328 2905 0.2701
1328 1904 0.1106
1329 2865 0.1483
1329 2550 0.0269
1329 1789 0.0482
1330 1621 0.2467
1331 2711 0.1162
1331 1424 0.2459
1331 2608 0.2377
1332 3175 0.2154
1332 2105 0.2201
1333 1929 0.0727
1333 2318 0.1808
1333 2759 0.3032
1334 2745 0.035
1336 2361 0.0125
1336 1605 0.0483
1337 1760 0.1924
1342 1604 0.1417
1342 2781 0.0728
1343 3000 0.1277
1346 2115 0.0769
1346 2278 0.0572
1346 3000 0.0525
1347 1464 0.0802
1348 2599 0.1651
1349 2789 0.217
1350 2889 0.0251
1350 2233 0.2269
1351 1904 0.1712
1351 1897 0.0307
1352 2831 0.0262
1353 2254 0.3829
1353 2022 0.0573
1353 3168 0.044
1354 2921 0.0997
1354 1433 0.0865
1354 1924 0.2399
1357 1802 0.3084
1358 2870 0.1094
1358 1467 0.1158
1358 2945 0.1916
1359 2512 0.1214
1361 2856 0.1287
1361 1825 0.3939
1362 2543 0.0831
1362 3048 0.0933
1363 2996 0.047
1364 2149 0.0843
1366 1760 0.1903
1366 2568 0.2891
1366 1532 0.2237
1367 2442 0.0797
1367 2818 0.2725
1369 2730 0.0267
1370 2525 0.1243
1371 1881 0.1058
1371 2422 0.1644
1371 2048 0.1
1371 2182 0.2205
1372 2518 0.0318
1372 2394 0.2956
1373 1914 0.0489
1374 1432 0.1208
1374 2757 0.1774
1375 1622 0.0925
1375 2618 0.0645
1376 2659 0.2328
1376 2603 0.1955
1376 2366 0.1932
1377 3011 0.1968
1378 2799 0.0362
1378 2230 0.1554
1378 2527 0.1578
1379 1552 0.2125
1379 2849 0.3198
1379 1607 0.0547
1379 1773 0.0614
1380 2242 0.1621
1381 2001 0.0611
1381 1891 0.0427
1381 2281 0.0641
1381 2627 0.2085
1382 2141 0.1179
1382 1855 0.5791
1382 1666 0.0724
1383 1881 0.154
1384 1396 0.2507
1384 2864 0.2859
1388 2271 0.1547
1390 1770 0.1287
1390 1848 0.1947
1391 1666 0.062
1391 1487 0.0197
1392 2811 0.1697
1393 2399 0.1195
1394 1777 0.0786
1395 1764 0.0485
1395 2352 0.6958
1396 2653 0.2764
1397 2646 0.1093
1397 2044 0.3693
1400 2086 0.0891
1400 2136 0.1457
1401 3069 0.1814
1401 2038 0.2594
1401 1914 0.3628
1402 3004 0.186
1402 2855 0.1555
1403 2950 0.0399
1403 2931 0.0581
1404 2721 0.1132
1405 2312 0.1202
1405 1713 0.0241
1406 2766 0.1346
1406 2102 0.2255
1406 2300 0.0376
1406 1990 0.0407
1407 1868 0.0513
1407 2443 0.2468
1407 2305 0.1366
1408 2165 0.3386
1408 2070 0.1432
1408 2078 0.03
1410 2204 0.0526
1411 2533 0.1032
1412 3086 0.222
1413 2816 0.0663
1413 2678 0.0601
1414 2560 0.1723
1414 2486 0.2742
1415 1754 0.2411
1415 2630 0.139
1416 1568 0.2115
1416 2722 0.0114
1416 3059 0.2124
1418 2481 0.0462
1420 2684 0.2208
1420 2337 0.3117
1420 2064 0.0309
1420 2787 0.1001
1421 2883 0.1645
1421 1560 0.19
1421 1969 0.0709
1422 1601 0.0917
1422 1475 0.1483
1423 3088 0.0216
1423 1973 0.0432
1423 1958 0.2938
1423 2840 0.053
1424 2570 0.056
1424 2043 0.0664
1425 2494 0.1118
1425 1594 0.0473
1427 2039 0.1014
1428 2274 0.1145
1428 2414 0.1135
1429 1812 0.08
1430 1702 0.3449
1431 2754 0.1243
1432 1642 0.1183
1433 2691 0.1104
1434 1689 0.1795
1435 1671 0.2781
1436 1888 0.1922
1436 2283 0.2004
1436 1633 0.1778
1437 2601 0.015
1439 3030 0.1422
1439 1704 0.495
1439 2020 0.2072
1440 2269 0.0994
1440 3181 0.0454
1441 2293 0.1125
1441 1909 0.1012
1441 1851 0.6168
1441 2729 0.1147
1442 2885 0.0966
1444 2142 0.0381
1444 2681 0.324
1446 2757 0.0505
1446 3074 0.0962
1446 2271 0.192
1446 2355 0.1551
1447 3114 0.0545
1448 1597 0.165
1449 1482 0.1723
1449 2111 0.12
1449 1805 0.0773
1449 2256 0.148
1450 2263 0.0456
1451 2593 0.0596
1452 2653 0.1201
1453 1864 0.1642
1454 3128 0.0301
1454 2143 0.3717
1455 2599 0.0484
1458 2041 0.1126
1459 1875 0.1107
1459 1912 0.1182
1459 2470 0.1897
1460 1466 0.1213
1461 2828 0.0682
1461 1678 0.0965
1462 2873 0.2951
1464 1495 0.3251
1465 3096 0.0776
1465 1864 0.0166
1465 2801 0.1834
1466 1968 0.2927
1466 2853 0.07
1467 1950 0.1663
1467 1946 0.089
1468 3130 0.0459
1468 1891 0.0734
1470 1957 0.156
1470 1646 0.2638
1471 2008 0.0866
1472 2766 0.1743
1472 1821 0.033
1473 2104 0.0831
1473 2014 0.1637
1473 2274 0.0198
1473 2501 0.0401
1473 2859 0.1549
1474 2242 0.021
1475 1484 0.2549
1475 2181 0.1043
1476 2271 0.1866
1477 2375 0.0738
1478 2491 0.035
1479 2090 0.3103
1480 2499 0.034
1481 1719 0.0903
1481 3029 0.1924
1481 1487 0.2496
1481 2522 0.2901
1481 3186 0.023
1482 1844 0.0913
1483 3052 0.0838
1483 2921 0.3903
1483 2707 0.1104
1483 1540 0.0368
1484 2849 0.0432
1485 1873 0.1764
1485 2281 0.1593
1485 2415 0.1407
1488 2604 0.1026
1488 2793 0.0647
1490 2903 0.0572
1491 1904 0.4163
1491 2430 0.1299
1491 2062 0.0616
1493 1712 0.1139
1494 2278 0.0607
1494 2410 0.103
1494 1500 0.0188
1494 1708 0.0866
1495 2137 0.0876
1495 2338 0.1061
1495 1722 0.0854
1496 2506 0.2821
1497 1663 0.1431
1497 2871 0.0969
1497 1744 0.1238
1499 2969 0.0862
1499 2819 0.0304
1499 3103 0.1659
1499 2064 0.0674
1500 2844 0.019
1501 2096 0.0729
1501 2500 0.0953
1502 2657 0.1871
1502 1849 0.3508
1503 2347 0.0458
1503 2170 0.3686
1505 2454 0.094
1505 2337 0.1732
1506 2346 0.1008
1506 2419 0.1273
1506 2110 0.078
1506 2550 0.1677
1507 2564 0.088
1507 1640 0.0122
1507 2397 0.1129
1509 2816 0.1677
1510 2681 0.0833
1510 2173 0.1301
1511 1917 0.1239
1511 2827 0.0413
1511 3068 0.082
1513 2478 0.0232
1513 2560 0.0585
1514 2186 0.0757
1515 1638 0.0865
1516 2124 0.3019
1516 2351 0.0338
1517 2116 0.0216
1517 2675 0.1882
1517 2629 0.1136
1517 3033 0.0412
1517 2885 0.0702
1517 2198 0.1519
1518 2846 0.0756
1518 2285 0.3058
1518 1970 0.0567
1518 1976 0.1292
1518 2885 0.0178
1518 1660 0.1738
1519 2386 0.0869
1520 1744 0.4732
1521 2015 0.0137
1521 2679 0.2992
1523 2085 0.0864
1523 1841 0.4869
1524 3183 0.047
1524 1543 0.1442
1524 2160 0.166
1525 2486 0.1786
1525 1543 0.1089
1526 2654 0.1209
1526 2432 0.0455
1526 1660 0.0154
1526 1876 0.1426
1527 3011 0.2645
1527 3174 0.1149
1529 2341 0.053
1529 1960 0.167
1529 1973 0.2585
1530 2782 0.1024
1530 2707 0.1613
1531 2779 0.3013
1531 2193 0.1336
1531 2367 0.2231
1533 2965 0.2913
1534 1669 0.0602
1535 1963 0.0416
1535 2210 0.1034
1538 3158 0.0689
1538 1607 0.0962
1539 1646 0.1003
1539 3080 0.095
1541 2974 0.262
1542 1943 0.0555
1543 3197 0.15
1547 3099 0.2137
1548 1639 0.254
1548 3106 0.1527
1548 2631 0.0333
1549 1798 0.2345
1551 2440 0.1158
1552 3175 0.1238
1553 2766 0.2688
1553 1693 0.0261
1553 2557 0.1195
1555 1801 0.0023
1555 2027 0.1211
1556 1944 0.1793
1556 2700 0.191
1557 1899 0.1377
1558 1935 0.0391
1558 3031 0.2261
1558 2814 0.0586
1559 3082 0.3021
1559 1599 0.121
1560 1775 0.2327
1560 1754 0.0287
1562 1892 0.2124
1562 2703 0.115
1563 1903 0.0334
1563 1751 0.0786
1563 2677 0.1414
1565 2542 0.0074
1565 2554 0.0135
1566 2731 0.0933
1566 2203 0.0814
1566 2308 0.0223
1568 2825 0.1368
1568 1675 0.1011
1569 3017 0.2345
1569 2663 0.0671
1570 2428 0.0986
1570 2998 0.0279
1572 2969 0.0159
1573 1774 0.1154
1574 2251 0.12
1575 1674 0.2069
1575 2623 0.1336
1576 2529 0.2622
1577 1944 0.116
1579 2414 0.0578
1579 1645 0.3214
1579 2096 0.0495
1579 2977 0.3165
1579 2527 0.1612
1580 2004 0.0416
1581 1686 0.1264
1581 1996 0.0383
1582 1980 0.0228
1582 3117 0.0466
1582 1785 0.2046
1582 2930 0.0773
1582 1802 0.7486
1584 2703 0.272
1587 1703 0.0871
1587 1805 0.1279
1587 2198 0.1837
1588 2560 0.1383
1589 2492 0.1697
1590 2667 0.2517
1591 1675 0.165
1592 3036 0.2637
1593 2403 0.1828
1593 2869 0.0792
1594 2773 0.3437
1595 2982 0.125
1595 3162 0.0983
1596 1772 0.0223
1596 2248 0.114
1597 2435 0.0731
1597 2411 0.0264
1599 3038 0.2682
1599 3066 0.2257
1599 2206 0.0158
1599 1766 0.1381
1600 2047 0.0951
1601 2625 0.2866
1602 2442 0.2327
1602 1786 0.1338
1602 3198 0.093
1602 3147 0.085
1602 1993 0.1462
1604 2932 0.3766
1604 1617 0.1303
1604 2657 0.1078
1604 2401 0.1009
1605 2146 0.141
1606 1727 0.2981
1607 2431 0.0512
1607 2428 0.1489
1607 1887 0.1987
1608 2686 0.1475
1608 1846 0.0224
1609 3199 0.1126
1609 2122 0.4042
1609 2931 0.0488
1609 2556 0.0569
1609 2484 0.0009
1611 2961 0.1278
1611 1743 0.0097
1611 3082 0.1123
1611 3180 0.0358
1611 2906 0.195
1612 1981 0.0514
1613 2939 0.0671
1613 2274 0.0629
1614 3075 0.074
1616 2545 0.0227
1617 3194 0.1558
1618 1982 0.0471
1618 2428 0.0739
1619 2526 0.0568
1621 1684 0.1285
1624 1943 0.113
1624 2592 0.0665
1625 2571 0.0929
1625 2372 0.0798
1626 2879 0.1237
1626 3062 0.1235
1628 2908 0.2703
1628 2747 0.0301
1629 3083 0.1372
1629 2183 0.1076
1629 2712 0.1657
1631 1990 0.1261
1631 2804 0.0901
1631 2552 0.3572
1633 2142 0.1336
1633 1697 0.0514
1636 3041 0.0539
1636 2452 0.2366
1637 3088 0.186
1638 3052 0.1655
1639 2539 0.1202
1639 2933 0.0762
1640 2956 0.0937
1640 2130 0.0976
1641 2426 0.3651
1641 1891 0.3744
1641 1645 0.2665
1641 2066 0.1033
1642 1960 0.067
1642 2969 0.1661
1643 2832 0.3033
1644 2852 0.1216
1644 2094 0.135
1645 2546 0.1268
1645 1850 0.2517
1645 2784 0.0835
1646 2079 0.0491
1646 2031 0.1036
1647 1966 0.0547
1647 3006 0.1357
1648 1962 0.0727
1649 2296 0.0673
1650 1771 0.0616
1651 2161 0.0487
1651 3014 0.2132
1652 1959 0.0618
1655 1686 0.1332
1655 2548 0.4038
1656 3073 0.1953
1656 2999 0.0481
1658 2336 0.0991
1658 2796 0.0582
1658 2378 0.1946
1659 2158 0.1185
1662 1959 0.2056
1662 2224 0.3492
1663 3003 0.0765
1663 1867 0.1294
1664 2947 0.0234
1664 2989 0.0794
1664 2539 0.1249
1665 2408 0.2478
1668 2704 0.1318
1669 2264 0.1555
1670 2016 0.268
1671 1745 0.2004
1672 2076 0.168
1673 1804 0.1928
1673 2335 0.0174
1673 1972 0.125
1673 2549 0.0358
1674 3155 0.0343
1676 1734 0.1215
1677 3135 0.0867
1677 2281 0.0777
1679 3109 0.1376
1680 2464 0.0553
1681 2150 0.4566
1682 2610 0.0529
1682 1734 0.2251
1682 1877 0.0304
1682 2037 0.0549
1683 1749 0.1724
1686 1799 0.1589
1686 1843 0.1217
1687 1796 0.032
1688 2889 0.0238
1688 2612 0.1442
1688 2542 0.0417
1689 2449 0.1048
1689 2579 0.1945
1690 1701 0.2021
1690 3120 0.0481
1691 1725 0.0508
1691 2464 0.0175
1691 2530 0.3755
1691 2357 0.1257
1692 3050 0.0931
1692 1989 0.3817
1692 2200 0.0763
1695 2524 0.1366
1696 1912 0.023
1696 2520 0.0305
1697 1794 0.1025
1697 2744 0.2582
1698 3008 0.3112
1698 2533 0.0434
1699 2403 0.0449
1699 2209 0.0769
1703 2307 0.2805
1703 2019 0.1016
1704 2407 0.2009
1704 1936 0.0561
1704 1983 0.1343
1705 2041 0.1142
1705 1711 0.033
1705 2189 0.0902
1706 3054 0.0981
1707 1955 0.0651
1708 2772 0.4898
1709 2597 0.0512
1709 2046 0.1852
1710 1966 0.0623
1710 2233 0.7637
1711 2674 0.146
1711 1865 0.0655
1712 1732 0.091
1713 2130 0.0479
1715 2896 0.2881
1715 3135 0.0925
1715 2257 0.1303
1716 2981 0.1788
1716 2627 0.0339
1716 2241 0.1322
1717 1927 0.1837
1717 3066 0.0223
1719 2675 0.2056
1719 2253 0.0659
1720 3071 0.127
1721 1788 0.0577
1722 2673 0.1045
1722 3193 0.205
1722 2310 0.1466
1724 3137 0.0243
1724 2509 0.0577
1724 2584 0.1034
1724 2322 0.0949
1724 2870 0.2436
1726 2838 0.2699
1726 1912 0.1038
1728 2170 0.1135
1729 2554 0.0696
1730 2616 0.2181
1731 2133 0.1496
1732 2803 0.1539
1732 2674 0.1028
1733 3059 0.1422
1733 1890 0.4516
1734 2553 0.1383
1735 2153 0.3311
1735 2893 0.0706
1735 2016 0.0359
1736 2431 0.0389
1736 2693 0.0537
1736 3017 0.2494
1736 2354 0.4764
1737 1844 0.0904
1738 2276 0.2232
1738 1747 0.1503
1738 3133 0.2122
1739 2354 0.1639
1740 2433 0.156
1741 2767 0.0938
1741 3127 0.1738
1743 1776 0.2352
1743 2438 0.1324
1744 2011 0.1146
1745 1898 0.0847
1746 2619 0.0258
1746 3071 0.073
1747 2977 0.0466
1748 3126 0.0887
1748 2599 0.0366
1751 2849 0.0358
1751 2030 0.1116
1753 2519 0.0012
1753 2329 0.1961
1754 2936 0.0284
1755 1783 0.1101
1756 2637 0.0464
1757 2037 0.2145
1757 3051 0.043
1757 2904 0.2129
1760 1816 0.0275
1760 1983 0.2306
1760 2785 0.0224
1763 2896 0.0606
1763 2115 0.2383
1763 2754 0.1207
1764 2615 0.4368
1764 2744 0.0544
1764 2073 0.087
1765 2838 0.2522
1766 1970 0.0785
1767 1938 0.0973
1769 2334 0.1166
1770 1906 0.1063
1772 2200 0.0562
1772 2244 0.2451
1773 1873 0.3452
1774 2889 0.031
1774 1954 0.0328
1774 2412 0.274
1774 2794 0.2776
1774 2227 0.2671
1777 2900 0.2263
1777 2533 0.2884
1779 1974 0.1509
1779 2246 0.0685
1779 2277 0.0867
1779 2960 0.1153
1780 3015 0.2903
1781 3186 0.1077
1781 2305 0.067
1782 1842 0.2597
1785 2301 0.2333
1785 2227 0.2113
1787 2669 0.098
1788 2842 0.0077
1789 2049 0.0279
1790 2733 0.1688
1790 2659 0.0537
1790 2950 0.1855
1791 1802 0.2371
1792 2516 0.1456
1794 2707 0.0243
1796 2957 0.3617
1798 2250 0.2518
1799 2533 0.1847
1801 1863 0.0761
1804 2568 0.0458
1805 3165 0.0283
1807 2944 0.2486
1808 2282 0.0421
1809 1827 0.0302
1810 2942 0.2653
1811 2057 0.091
1813 2311 0.1316
1813 2009 0.1751
1813 2143 0.0504
1813 2866 0.1389
1814 2522 0.2804
1814 2131 0.3181
1817 2976 0.293
1818 2957 0.19
1819 2952 0.0711
1820 3046 0.0668
1820 2161 0.0757
1821 2924 0.0341
1821 2846 0.2444
1821 2018 0.0508
1822 2228 0.1495
1822 1950 0.1237
1822 2003 0.1388
1822 3096 0.071
1823 2777 0.0455
1823 2861 0.0166
1823 2843 0.3551
1826 2303 0.0913
1827 2999 0.1921
1830 3089 0.1813
1831 2566 0.1335
1831 2875 0.1711
1833 1861 0.1439
1833 2309 0.2328
1834 1956 0.0681
1834 2785 0.0201
1834 2864 0.1694
1836 2612 0.0774
1837 2258 0.1827
1838 2121 0.1144
1839 1927 0.0671
1840 2270 0.2499
1840 2537 0.0339
1840 2343 0.1483
1842 2046 0.3119
1842 2620 0.0865
1844 2946 0.1116
1846 2847 0.1573
1846 2309 0.1289
1847 2043 0.204
1848 2422 0.1647
1848 3124 0.023
1850 3113 0.0881
1851 2276 0.1096
1852 2290 0.1996
1853 2524 0.039
1854 2149 0.1862
1854 2878 0.0738
1856 2634 0.2051
1857 2601 0.0523
1857 1964 0.0851
1857 2331 0.0957
1857 3038 0.0364
1858 2191 0.1188
1858 2794 0.0774
1859 2624 0.1272
1859 2896 0.0691
1859 2391 0.0306
1859 1907 0.0626
1860 2433 0.0257
1862 2710 0.2211
1862 2391 0.0724
1863 2358 0.088
1864 2130 0.2937
1865 2757 0.1597
1867 2268 0.1081
1868 2279 0.0812
1868 1937 0.0576
1869 2477 0.0693
1870 1993 0.2723
1871 2916 0.1447
1872 2588 0.2665
1873 2464 0.1452
1874 2299 0.0359
1874 2897 0.4108
1874 2496 0.1538
1876 3065 0.0292
1876 2017 0.1412
1877 2273 0.3417
1878 2307 0.209
1878 2670 0.1469
1878 2909 0.0887
1879 3018 0.0656
1880 2972 0.2517
1881 2256 0.0432
1882 2309 0.0709
1882 2301 0.0736
1883 3040 0.031
1884 2886 0.0351
1884 2384 0.0791
1884 2673 0.0743
1884 2117 0.0991
1885 2017 0.2227
1886 2112 0.1219
1887 2159 0.1401
1887 2153 0.0341
1887 2441 0.0922
1888 2880 0.2297
1889 2682 0.0827
1889 2158 0.2739
1889 2232 0.0884
1889 1903 0.1814
1889 2581 0.159
1890 2449 0.1153
1890 2681 0.0493
1891 2534 0.1341
1892 2659 0.0441
1892 2169 0.2458
1893 2600 0.0773
1895 3019 0.216
1897 1990 0.3452
1900 2812 0.2405
1902 2742 0.018
1902 1925 0.1994
1902 2683 0.1263
1903 2690 0.3535
1904 2783 0.1953
1905 1943 0.0455
1905 2180 0.2174
1906 3123 0.0869
1908 2805 0.0706
1908 2778 0.0927
1908 2847 0.0756
1909 2662 0.0535
1909 1928 0.034
1910 2666 0.1323
1912 2209 0.0784
1913 2919 0.0833
1913 3034 0.0792
1914 2404 0.151
1915 3120 0.1522
1915 1951 0.0488
1916 2041 0.1384
1916 2772 0.1828
1917 2632 0.1218
1918 2339 0.1324
1918 3065 0.3163
1918 2130 0.1401
1918 2488 0.019
1919 2138 0.079
1919 2700 0.0725
1920 2612 0.0993
1921 2652 0.0533
1921 1995 0.0101
1921 2809 0.0666
1922 2348 0.1369
1923 2168 0.2459
1924 2943 0.1508
1924 2175 0.0329
1926 3183 0.0502
1926 2145 0.3231
1926 2801 0.0263
1926 2743 0.0939
1926 2329 0.1675
1927 2851 0.1894
1927 2211 0.1265
1927 2642 0.0771
1930 2565 0.4091
1931 2450 0.0429
1931 2719 0.074
1931 2464 0.1044
1934 2306 0.1633
1934 2433 0.0321
1934 2541 0.0159
1935 2653 0.0387
1935 2750 0.0554
1936 3041 0.1748
1936 2646 0.074
1937 3142 0.1852
1938 2509 0.1233
1938 2362 0.1789
1939 2405 0.1545
1940 3139 0.0479
1940 2256 0.5322
1940 2632 0.1127
1940 2928 0.2705
1942 2518 0.047
1944 2052 0.2424
1945 2136 0.4426
1946 2210 0.334
1946 2109 0.0796
1947 2446 0.0498
1948 2490 0.0123
1948 2355 0.0936
1949 2738 0.0347
1950 2206 0.1924
1950 2195 0.0595
1951 2316 0.0585
1951 2644 0.044
1951 2651 0.0891
1952 2247 0.3601
1952 2627 0.0165
1953 2977 0.0497
1953 2237 0.0911
1954 2243 0.1791
1954 2583 0.1891
1956 2947 0.1244
1957 2016 0.1142
1958 2796 0.4792
1961 2029 0.3172
1962 2893 0.0305
1963 2433 0.1042
1964 3133 0.2062
1965 2716 0.1357
1966 2354 0.0616
1966 2808 0.1228
1967 3039 0.127
1969 2791 0.0854
1969 1978 0.1068
1970 2587 0.0163
1970 2184 0.0578
1975 2145 0.0635
1975 2275 0.1255
1976 2772 0.1858
1976 2852 0.0348
1977 2869 0.1178
1978 2926 0.3597
1978 1986 0.1293
1979 2818 0.0503
1981 2824 0.2551
1982 2988 0.0914
1983 2155 0.0707
1984 2519 0.1422
1986 2763 0.1416
1986 2749 0.0522
1987 2710 0.2529
1988 3072 0.0692
1988 2255 0.2896
1989 2974 0.2758
1989 2325 0.2038
1989 2235 0.0388
1989 2544 0.0332
1991 3110 0.0085
1991 2522 0.5739
1992 2777 0.1881
1992 2702 0.139
1993 2176 0.1073
1993 3176 0.0778
1994 2108 0.1729
1994 2065 0.1959
1995 2967 0.2887
1996 2603 0.0327
1996 2307 0.0246
1998 2875 0.038
1998 2879 0.1356
1999 3089 0.0586
2000 2456 0.2113
2001 2935 0.0822
2002 2443 0.0759
2004 2025 0.106
2004 3135 0.2113
2004 2898 0.0452
2004 2440 0.1351
2006 2506 0.1406
2006 2537 0.2916
2006 2871 0.1124
2008 3092 0.0969
2008 3031 0.132
2008 2970 0.067
2009 2769 0.1507
2010 3071 0.1011
2010 2885 0.0407
2011 2384 0.1373
2013 2062 0.2377
2014 2484 0.1637
2015 2786 0.1241
2015 2965 0.1761
2016 2095 0.1052
2017 2435 0.0498
2017 2069 0.0098
2017 3108 0.0187
2018 2129 0.3448
2018 3184 0.054
2019 2204 0.027
2020 3022 0.2473
2020 2281 0.1105
2021 2613 0.1759
2022 2770 0.2046
2023 2163 0.0497
2024 2293 0.0509
2024 2773 0.1343
2025 2765 0.2933
2025 2030 0.0747
2026 2345 0.0205
2028 2667 0.0179
2029 2435 0.0293
2029 2116 0.1765
2030 2722 0.2073
2030 2163 0.6044
2031 2232 0.1279
2031 2372 0.096
2031 2786 0.1811
2032 2169 0.0785
2032 2782 0.2114
2034 2301 0.1803
2035 2531 0.3523
2037 2241 0.0886
2037 2976 0.1591
2037 3094 0.038
2039 2890 0.5356
2040 2051 0.1848
2041 2788 0.5661
2043 2451 0.1423
2044 2580 0.0551
2044 2882 0.1198
2044 2872 0.0511
2044 2311 0.1635
2047 2163 0.0457
2048 2784 0.0806
2048 3090 0.114
2050 2252 0.1351
2050 2624 0.3196
2051 3131 0.0929
2052 2822 0.2051
2053 2928 0.3127
2054 2216 0.3386
2054 2090 0.1276
2055 2926 0.3253
2056 2849 0.2023
2056 2826 0.0191
2056 3160 0.2244
2056 3145 0.358
2057 3085 0.0568
2058 2437 0.1413
2058 3047 0.113
2059 2541 0.037
2059 2975 0.2253
2060 2176 0.0189
2060 3169 0.1157
2062 2589 0.1774
2063 2723 0.3682
2064 2607 0.3105
2064 2648 0.107
2065 2302 0.3109
2066 2993 0.0872
2067 2575 0.1158
2067 2632 0.1281
2068 2538 0.054
2071 2485 0.1475
2073 3097 0.0197
2073 3073 0.3259
2075 2213 0.159
2077 2148 0.2038
2077 2763 0.0673
2077 2648 0.1157
2078 2120 0.0144
2078 2186 0.0983
2078 2395 0.1437
2079 2297 0.306
2079 3052 0.2257
2079 2569 0.0257
2080 2884 0.2953
2080 2569 0.0963
2081 2633 0.0495
2085 2494 0.1437
2085 2807 0.0721
2088 2577 0.263
2090 2206 0.1769
2091 2994 0.0857
2091 2300 0.036
2094 2705 0.1794
2095 2157 0.2711
2095 2652 0.1807
2097 2964 0.0543
2097 2938 0.1618
2097 2390 0.0832
2098 2254 0.0194
2099 3171 0.169
2101 2563 0.3161
2104 3175 0.114
2105 2190 0.066
2105 2329 0.0782
2106 2567 0.0612
2107 2336 0.1316
2107 2574 0.1025
2107 2438 0.2106
2111 3087 0.1228
2111 2926 0.0484
2111 3059 0.0654
2112 2171 0.111
2113 2305 0.0605
2115 2392 0.0694
2117 2659 0.1046
2119 2152 0.131
2120 3130 0.1051
2122 2395 0.0992
2123 2182 0.0483
2124 3131 0.2291
2124 2389 0.0378
2126 2850 0.3419
2126 2584 0.0134
2127 2158 0.103
2129 2961 0.0829
2135 2556 0.0854
2138 3111 0.0744
2139 3089 0.0725
2140 2991 0.0013
2140 2238 0.0738
2141 2670 0.2651
2141 2793 0.0947
2141 3096 0.0306
2142 2362 0.0439
2142 3116 0.1859
2143 2806 0.1307
2143 2407 0.1467
2143 2619 0.4158
2144 2914 0.2133
2145 2929 0.1048
2146 3053 0.0106
2148 2905 0.0802
2150 2381 0.0164
2150 2614 0.1612
2151 3124 0.0291
2152 3062 0.1277
2153 2351 0.1297
2153 2728 0.2649
2155 2375 0.3648
2156 2897 0.1301
2157 2675 0.0345
2158 2456 0.1217
2158 3152 0.053
2159 2512 0.1058
2160 3134 0.0326
2160 2700 0.0994
2160 2300 0.0506
2160 2544 0.0533
2163 2553 0.0922
2164 2792 0.1015
2165 2906 0.1644
2165 2590 0.1001
2167 2370 0.1151
2169 2534 0.2627
2170 2952 0.0305
2170 2849 0.0572
2172 2662 0.0099
2172 2370 0.2847
2175 3141 0.119
2175 2895 0.1301
2176 3148 0.0829
2176 2948 0.4365
2176 2305 0.1396
2177 2903 0.0547
2177 2250 0.0484
2179 2621 0.047
2179 3006 0.1852
2179 3161 0.2477
2182 2544 0.3369
2182 3055 0.0161
2182 2460 0.1278
2183 2740 0.0784
2183 3121 0.0551
2184 2714 0.2593
2184 3195 0.0696
2184 2561 0.1921
2186 2845 0.0795
2186 2678 0.0766
2188 2481 0.122
2189 2930 0.0722
2189 3011 0.1941
2189 2739 0.1601
2190 2277 0.1084
2191 2678 0.2109
2192 2843 0.0871
2193 2628 0.0454
2193 2294 0.1675
2194 2399 0.2642
2194 2317 0.0151
2198 3165 0.2985
2202 2834 0.0521
2202 2783 0.3133
2203 2981 0.1241
2203 2965 0.0909
2205 2912 0.0844
2205 3131 0.0845
2205 2257 0.066
2207 2764 0.0329
2210 2278 0.2326
2211 3034 0.1123
2212 2872 0.1536
2212 2884 0.0688
2215 3095 0.2516
2215 2588 0.1074
2218 3175 0.0626
2218 2817 0.1981
2218 3164 0.1956
2219 2759 0.0327
2220 3163 0.047
2224 3022 0.1077
2224 2940 0.1636
2226 2469 0.1242
2229 3085 0.1611
2232 2856 0.0703
2233 2419 0.1284
2236 2940 0.2615
2236 2802 0.0917
2238 3131 0.0214
2239 3185 0.0587
2240 2863 0.3032
2241 3001 0.1977
2241 2822 0.309
2252 3180 0.0348
2252 3092 0.1927
2255 2592 0.0664
2256 3163 0.2465
2257 2513 0.1576
2257 3055 0.1277
2257 2992 0.0834
2259 3079 0.1043
2260 2497 0.1973
2260 3198 0.0852
2264 2891 0.0578
2265 3116 0.2333
2265 2650 0.0663
2266 2637 0.0025
2266 2906 0.0222
2269 2497 0.1138
2271 2674 0.0636
2272 2319 0.1553
2273 2888 0.0353
2274 3034 0.1856
2274 3154 0.1677
2275 2408 0.0416
2278 2483 0.1798
2279 2949 0.189
2281 2318 0.0412
2282 2908 0.0888
2282 2763 0.0744
2283 2964 0.0431
2284 3141 0.2141
2284 2851 0.145
2285 2627 0.1002
2285 2686 0.112
2285 2787 0.2695
2285 2878 0.5172
2286 3137 0.0407
2293 2762 0.0756
2293 2450 0.1396
2293 2498 0.2604
2294 2675 0.3374
2296 2981 0.0391
2297 3155 0.1446
2297 2585 0.2597
2298 2837 0.3412
2302 2943 0.2811
2303 3049 0.1227
2303 2497 0.2397
2304 2517 0.0621
2306 2319 0.0957
2308 3149 0.3425
2309 2984 0.2515
2314 2915 0.1611
2317 2333 0.0364
2318 3107 0.1486
2320 2778 0.0464
2320 2491 0.1764
2320 2630 0.5039
2320 3134 0.0937
2320 2892 0.1265
2324 2915 0.1837
2325 2973 0.113
2326 2508 0.1817
2326 2741 0.0173
2326 2410 0.2909
2327 2449 0.0761
2327 2698 0.104
2327 2651 0.132
2330 3011 0.0988
2331 2483 0.0857
2332 2599 0.2244
2332 2900 0.1062
2333 2581 0.0725
2334 2605 0.2471
2336 2467 0.3423
2338 2460 0.0407
2341 2973 0.1102
2341 3176 0.0978
2341 3181 0.1738
2343 2587 0.0736
2343 3008 0.4349
2343 2834 0.1363
2348 2985 0.2216
2348 2991 0.0854
2351 2542 0.2122
2352 2674 0.1292
2355 2616 0.1934
2355 2814 0.4726
2356 2710 0.0437
2356 2948 0.0972
2358 2981 0.163
2360 2721 0.2984
2360 2911 0.1286
2362 2697 0.0475
2362 2677 0.2142
2362 2616 0.2417
2363 2438 0.0692
2367 2756 0.0838
2367 2634 0.2443
2368 3057 0.0291
2371 3064 0.0353
2373 2389 0.1044
2373 2972 0.0284
2375 2465 0.0565
2375 2544 0.0511
2378 3105 0.1789
2378 2589 0.1717
2379 2826 0.0067
2380 2422 0.1201
2381 3022 0.2651
2382 3178 0.1168
2382 2871 0.1283
2383 2669 0.0459
2383 2886 0.2087
2384 2993 0.0717
2386 3017 0.3542
2389 2770 0.0701
2391 3147 0.2106
2392 2751 0.0901
2392 2650 0.1684
2395 3162 0.0742
2396 2784 0.0787
2398 2484 0.0135
2400 2935 0.186
2401 3048 0.0356
2401 2639 0.1856
2407 2448 0.1707
2408 2734 0.1756
2409 2593 0.0349
2410 2721 0.0322
2411 2755 0.0746
2411 2536 0.1223
2413 2567 0.2335
2413 2542 0.096
2415 2818 0.019
2420 2857 0.0606
2421 2581 0.1312
2421 2461 0.1106
2422 2569 0.0608
2422 2566 0.0743
2423 3091 0.3736
2423 2784 0.0908
2423 3035 0.0666
2424 2948 0.0983
2425 2432 0.1524
2427 2453 0.1751
2432 2658 0.1501
2432 3125 0.3941
2434 2730 0.0273
2434 2440 0.1362
2437 2587 0.0379
2440 2878 0.1237
2441 3090 0.0441
2441 2866 0.0453
2442 2975 0.0886
2442 2677 0.0892
2443 2562 0.1979
2444 2819 0.2603
2445 2969 0.25
2447 2545 0.1363
2451 2736 0.0902
2453 2940 0.0628
2453 3123 0.1923
2454 2652 0.0709
2456 2603 0.0597
2457 2526 0.0962
2458 2610 0.1334
2458 2677 0.1431
2459 2992 0.1421
2459 2477 0.068
2459 3155 0.0954
2460 2642 0.0943
2462 3024 0.0898
2466 2535 0.0156
2469 3153 0.0598
2470 3081 0.1046
2471 2642 0.4498
2475 2977 0.0566
2476 2647 0.0655
2476 2954 0.0802
2477 2975 0.0752
2478 3137 0.0579
2478 2737 0.165
2484 2661 0.1583
2484 2667 0.0358
2485 2964 0.0848
2487 2602 0.0918
2487 2974 0.1004
2489 2744 0.042
2489 3186 0.0676
2491 2741 0.0693
2492 2577 0.0247
2493 3186 0.116
2494 2643 0.093
2494 3101 0.3668
2496 3154 0.2316
2499 2768 0.0503
2500 2910 0.095
2500 2733 0.1239
2501 2982 0.0765
2502 2946 0.0551
2502 2696 0.0934
2502 2958 0.0686
2503 3047 0.0347
2504 3144 0.0565
2507 3034 0.133
2508 2779 0.1954
2508 2783 0.0547
2509 3168 0.1173
2510 3013 0.0544
2512 2668 0.0396
2512 3144 0.0791
2513 2803 0.1128
2515 2939 0.0333
2515 2971 0.0598
2515 2811 0.0659
2519 3093 0.032
2520 2571 0.075
2520 2790 0.0445
2521 2678 0.1141
2521 2760 0.0574
2521 2930 0.1519
2522 2668 0.2871
2522 2876 0.054
2522 2569 0.0529
2527 3184 0.055
2529 2764 0.1239
2532 2699 0.1745
2532 2882 0.1617
2532 2934 0.0468
2532 2625 0.1099
2533 2963 0.0466
2535 2951 0.0938
2535 2899 0.1068
2536 2649 0.0877
2540 3000 0.0275
2544 2710 0.1484
2545 2998 0.2704
2547 2603 0.5091
2549 2609 0.6113
2550 2652 0.0451
2551 2938 0.2541
2552 2802 0.2653
2555 2906 0.4182
2555 2766 0.2293
2555 3048 0.3438
2556 2644 0.0575
2560 2947 0.1047
2560 2693 0.0655
2560 2990 0.0205
2562 3065 0.1391
2564 3061 0.0456
2565 2690 0.1332
2571 2633 0.312
2572 2703 0.1175
2572 3054 0.0694
2573 2908 0.467
2574 2880 0.1282
2574 3082 0.0687
2578 3079 0.2212
2579 3145 0.1176
2585 2923 0.0626
2586 3050 0.1552
2587 3061 0.0664
2589 2885 0.0854
2590 2841 0.0528
2591 2980 0.2112
2594 2611 0.0674
2596 3076 0.176
2597 2973 0.2782
2597 2632 0.1545
2597 3010 0.0718
2597 3120 0.0911
2599 2692 0.0734
2599 2878 0.0813
2600 2898 0.1781
2601 2759 0.126
2602 3034 0.04
2604 2842 0.2236
2606 3140 0.2848
2612 2963 0.1601
2614 3019 0.1354
2614 2762 0.0553
2615 3190 0.0757
2615 2627 0.3035
2619 2756 0.0478
2620 2869 0.5081
2621 2725 0.1105
2624 2893 0.1388
2625 3130 0.2231
2632 2676 0.0251
2635 2698 0.0392
2635 3111 0.0884
2641 2807 0.4383
2642 3197 0.1325
2644 2728 0.1227
2645 3087 0.037
2647 2995 0.1081
2648 2880 0.1563
2652 3048 0.0252
2655 3146 0.05
2657 2956 0.1445
2657 2805 0.391
2659 2722 0.1321
2659 3004 0.0418
2660 2690 0.0799
2670 2784 0.2319
2674 3059 0.2054
2675 2790 0.1958
2677 3165 0.0527
2678 2901 0.0975
2679 3182 0.253
2680 2799 0.1523
2683 2939 0.105
2684 3032 0.1175
2692 3131 0.0594
2696 2702 0.1199
2697 3054 0.084
2698 2713 0.1075
2699 2847 0.4893
2704 2798 0.3019
2705 2920 0.2502
2707 2731 0.1764
2707 2863 0.2976
2711 3082 0.0685
2714 3069 0.0506
2715 2857 0.0989
2715 3190 0.5058
2717 2742 0.0884
2720 2748 0.1248
2723 2779 0.043
2724 2845 0.0368
2725 2790 0.1813
2731 2906 0.1295
2735 2951 0.0493
2738 3142 0.0301
2738 2882 0.1181
2740 3033 0.4355
2744 2778 0.0684
2744 3106 0.0796
2747 2901 0.3367
2750 3165 0.0497
2750 2969 0.0557
2763 2906 0.9318
2765 3010 0.0992
2766 3198 0.0555
2771 3063 0.186
2772 3134 0.1417
2775 2853 0.0901
2779 3102 0.1647
2781 2863 0.0525
2781 3155 0.3728
2783 2953 0.1961
2788 2906 0.0681
2792 3030 0.1921
2794 3137 0.0479
2795 2900 0.1208
2796 2799 0.1237
2800 3164 0.0904
2800 2924 0.2443
2804 3115 0.3483
2805 2921 0.0511
2811 3186 0.0146
2820 3161 0.1411
2821 2985 0.0561
2829 3094 0.2088
2831 3072 0.2098
2833 2986 0.1323
2840 2896 0.1437
2849 2881 0.0926
2851 3027 0.1402
2856 3059 0.2603
2860 3182 0.008
2862 3171 0.0639
2862 3168 0.0337
2866 3172 0.006
2867 3195 0.0485
2868 2976 0.2024
2876 3007 0.1176
2876 3080 0.1634
2877 3008 0.1542
2878 2956 0.1175
2885 2892 0.2641
2886 3105 0.1523
2886 3072 0.1441
2893 3114 0.0408
2900 3053 0.0387
2901 2957 0.1717
2902 2966 0.1519
2906 2969 0.2584
2906 3181 0.0619
2907 3065 0.225
2910 2995 0.0624
2912 3094 0.1369
2913 3136 0.0764
2915 3007 0.1683
2923 3076 0.0329
2926 3159 0.1364
2929 3025 0.1391
2931 3101 0.125
2934 3086 0.4344
2936 3110 0.0351
2946 3112 0.1208
2949 3157 0.112
2950 3178 0.0948
2954 3054 0.1106
2955 3047 0.1389
2969 2996 0.0413
2975 3143 0.1099
2979 3150 0.1193
2979 3131 0.049
2980 3181 0.0822
2980 3067 0.0314
2980 3163 0.1054
2981 3007 0.2517
2987 3062 0.123
2987 3064 0.0906
2989 3085 0.2212
2999 3119 0.2423
3000 3043 0.0905
3004 3061 0.1537
3012 3199 0.0212
3014 3037 0.1246
3020 3135 0.2246
3028 3076 0.0508
3041 3062 0.0777
3043 3193 0.2878
3047 3199 0.1134
3053 3190 0.1933
3054 3061 0.0497
3100 3116 0.0625
3116 3171 0.1053
3126 3191 0.232
3127 3137 0.098
3145 3199 0.2148
