3200 4800 num_nodes_f_dist 3200
0 1519 0.171
0 571 0.0879
0 3016 0.1122
0 199 0.0247
1 3106 0.1731
1 2055 0.2172
1 325 0.0412
1 995 0.0638
2 1072 0.0553
2 3154 0.0353
2 273 0.102
2 2185 0.3198
2 335 0.0483
2 2683 0.0621
3 492 0.0726
3 1375 0.2151
4 2064 0.2642
4 530 0.1249
4 2729 0.0754
5 414 0.2498
5 504 0.1531
6 1515 0.0515
6 865 0.0844
6 2078 0.1137
6 2350 0.1302
6 317 0.0265
6 1916 0.2113
7 3180 0.0757
7 835 0.1838
7 2918 0.3167
7 2847 0.1881
8 2871 0.2702
8 1310 0.5576
8 1937 0.1613
9 2597 0.1461
9 1198 0.0451
9 1799 0.1484
10 2309 0.0072
10 367 0.1278
11 916 0.1144
11 837 0.0358
11 962 0.0894
12 181 0.1856
12 1851 0.0998
13 2737 0.0618
13 1555 0.0206
13 1130 0.123
14 2932 0.1363
14 2529 0.1517
14 2231 0.0485
14 2145 0.0404
14 905 0.1014
14 1202 0.0136
14 1077 0.0382
15 932 0.019
16 2826 0.18
17 1305 0.2998
18 906 0.1073
18 1465 0.1564
19 817 0.0217
19 2545 0.1185
19 1543 0.0998
20 2935 0.1196
21 2585 0.0087
21 2870 0.1118
21 1774 0.0652
21 2778 0.0634
23 1414 0.2358
23 3107 0.2466
23 396 0.0325
23 780 0.0388
24 2425 0.0466
24 2755 0.0422
24 3131 0.1483
25 2031 0.0395
26 915 0.2617
27 133 0.034
27 1725 0.1208
27 761 0.1914
27 2418 0.2785
27 1928 0.0631
28 120 0.0882
28 733 0.065
28 887 0.0739
28 98 0.2466
28 2388 0.1862
28 1721 0.1322
29 315 0.0404
29 2858 0.0785
29 2527 0.0688
29 1042 0.2052
29 478 0.1053
29 1804 0.1026
30 526 0.148
30 1901 0.0647
30 1519 0.0606
30 1567 0.2671
30 1437 0.0769
30 679 0.0626
30 2714 0.0523
31 1032 0.0133
31 1631 0.2751
31 2971 0.1124
32 738 0.1417
32 2091 0.0718
32 1207 0.1501
33 2513 0.1436
34 2649 0.1453
34 1814 0.0157
34 3167 0.2187
34 3191 0.0906
35 1884 0.0558
35 530 0.2996
35 2110 0.1346
36 1363 0.1212
37 1022 0.1961
38 270 0.0592
38 771 0.1272
38 2143 0.1417
39 1050 0.0621
40 2914 0.0517
40 2007 0.0669
40 1111 0.0274
41 58 0.0705
41 569 0.0545
41 1673 0.0586
42 1935 0.108
42 1803 0.1202
42 2982 0.0193
42 2721 0.0589
42 1509 0.1558
43 2942 0.137
43 1542 0.2683
43 3119 0.0829
43 148 0.2919
43 1585 0.1092
44 1193 0.1688
44 2231 0.179
44 2432 0.2614
45 673 0.0641
45 652 0.151
46 1388 0.1379
46 254 0.0207
46 2965 0.214
46 2178 0.1006
47 2398 0.2861
47 1591 0.1017
47 83 0.0372
47 387 0.2038
47 372 0.0113
47 1542 0.365
47 1403 0.111
47 218 0.1141
47 896 0.0201
48 1231 0.0838
48 2569 0.0987
49 2314 0.0191
49 658 0.1403
49 2818 0.1062
50 313 0.0782
50 1883 0.0204
52 1266 0.2961
53 2480 0.0566
53 202 0.2017
53 765 0.0687
53 2863 0.0491
54 977 0.2348
54 196 0.0878
54 494 0.0213
54 227 0.1802
54 1865 0.0471
54 1148 0.1451
55 1052 0.0704
55 709 0.1763
55 802 0.1162
55 1920 0.061
55 372 0.2562
56 1965 0.0196
56 2145 0.2938
57 2348 0.0291
57 1275 0.0681
58 785 0.403
59 1762 0.0645
59 334 0.0838
59 2729 0.0336
59 1008 0.3121
60 1364 0.2506
60 2608 0.2946
61 1634 0.032
61 2679 0.2397
62 3036 0.1357
62 2645 0.1201
62 91 0.1273
62 2260 0.0246
63 1476 0.0366
64 2199 0.1685
64 384 0.0287
64 2197 0.0532
65 2633 0.021
65 2745 0.1966
66 2188 0.0561
66 2980 0.0211
67 873 0.093
68 1145 0.0708
68 1585 0.1771
69 1989 0.0819
69 1998 0.1162
69 2278 0.0495
69 3173 0.098
69 1769 0.0907
69 1357 0.1994
70 2035 0.0368
71 317 0.1661
71 3074 0.1411
72 907 0.1498
72 1830 0.1111
73 1887 0.091
73 2371 0.2897
73 2786 0.1491
74 1196 0.0352
74 2252 0.2251
74 263 0.0489
75 2066 0.1602
75 983 0.1081
75 1401 0.0384
76 1012 0.179
76 2374 0.124
76 1059 0.0771
77 1391 0.1916
77 2012 0.1693
78 697 0.136
78 1542 0.0558
78 1208 0.0842
78 2436 0.084
78 308 0.2496
79 2339 0.1993
79 544 0.1644
80 1854 0.0398
81 2150 0.3391
81 1618 0.0469
82 617 0.0986
82 1289 0.0637
82 1191 0.1723
82 2601 0.1257
83 3031 0.056
83 601 0.0837
83 1110 0.1
83 2404 0.1804
84 253 0.0302
84 1221 0.0515
84 2082 0.1005
84 3166 0.0869
85 2194 0.0576
85 2378 0.1172
86 2304 0.1791
86 3106 0.1354
87 1512 0.0374
87 1936 0.3083
87 2076 0.0404
87 858 0.1592
87 3102 0.1449
87 2886 0.0631
88 2353 0.0835
88 1873 0.2666
88 1351 0.071
89 661 0.1333
90 2414 0.0603
90 525 0.2254
90 282 0.0181
90 2810 0.0546
91 857 0.1682
91 244 0.1122
91 1650 0.091
91 922 0.0286
92 1177 0.1541
92 1349 0.1727
93 3052 0.0891
93 1787 0.1644
94 1098 0.2677
94 1912 0.1261
94 1939 0.0701
94 1536 0.4049
94 351 0.047
94 1202 0.0171
94 1744 0.1866
94 2559 0.1558
95 1247 0.0783
95 426 0.0833
95 202 0.1042
95 2206 0.2419
96 733 0.5398
96 1430 0.1193
97 1750 0.0082
97 1249 0.331
97 2589 0.0227
97 1709 0.1299
98 2450 0.0792
98 2926 0.0521
99 1206 0.1336
99 2320 0.1701
99 1175 0.2551
99 1879 0.3055
100 1435 0.0328
100 185 0.0806
100 2179 0.0592
100 297 0.3898
101 1663 0.0135
101 709 0.0454
101 2562 0.1387
101 1303 0.0163
101 2982 0.1823
103 1100 0.2228
103 1717 0.1225
103 2707 0.1766
104 471 0.2482
104 1474 0.302
104 2275 0.0367
106 2542 0.1604
106 870 0.1612
106 1183 0.2443
106 779 0.1074
106 2215 0.0845
106 820 0.0876
106 3149 0.1436
106 1309 0.1002
106 2061 0.0426
106 1429 0.1095
107 744 0.1071
107 2330 0.1122
108 2121 0.1909
108 2410 0.0957
108 1794 0.0209
108 1800 0.14
109 2020 0.0148
109 1672 0.1613
109 2467 0.1811
109 1181 0.045
110 3163 0.1353
110 2036 0.2065
111 489 0.1231
111 592 0.1428
111 1838 0.1682
112 570 0.242
112 1782 0.0707
113 2281 0.1155
113 1162 0.0822
113 228 0.1239
113 2156 0.0711
114 1438 0.2291
114 1306 0.7367
114 1729 0.1325
114 904 0.4827
115 533 0.2003
115 2958 0.1084
115 2961 0.0955
115 1228 0.0853
116 120 0.0508
116 1211 0.0446
116 2576 0.091
116 2447 0.0751
117 1145 0.1174
117 1363 0.152
118 2464 0.2748
118 1040 0.0753
118 787 0.2049
118 515 0.0707
119 2249 0.1902
120 1897 0.0944
120 1759 0.1563
120 2362 0.4061
120 1614 0.0551
120 757 0.3162
121 1728 0.1543
121 3054 0.0734
121 2177 0.1009
122 1939 0.1227
122 1530 0.3677
122 504 0.0703
123 1822 0.2332
123 2463 0.1947
123 1088 0.144
123 1166 0.0799
123 1970 0.1114
124 429 0.0906
125 1296 0.1365
125 1580 0.1867
125 730 0.0812
126 2481 0.3055
126 2029 0.1448
126 2243 0.0621
127 3195 0.2711
127 1702 0.085
128 2193 0.1671
128 696 0.0566
128 1691 0.0555
128 3061 0.0967
128 2881 0.1348
128 2910 0.0972
130 731 0.1079
130 1702 0.1665
131 2380 0.1678
131 2598 0.0218
131 2625 0.0934
132 909 0.1691
132 1053 0.1187
132 2079 0.1378
132 218 0.2122
133 1389 0.1109
134 2881 0.2057
134 2643 0.0215
134 1725 0.0701
135 2919 0.1906
135 1241 0.0469
135 1156 0.1286
136 1360 0.0156
136 2204 0.0633
136 2300 0.2264
137 1520 0.1437
137 277 0.2261
138 495 0.0698
139 3175 0.0372
139 1694 0.1147
140 2697 0.4354
141 1925 0.2402
141 991 0.0386
142 839 0.0957
142 1834 0.1134
142 2551 0.2127
143 2841 0.1572
143 2406 0.1913
143 2263 0.1566
143 1780 0.1766
143 640 0.0591
144 2264 0.0851
144 279 0.3329
144 1980 0.0659
145 1677 0.0405
145 1154 0.0644
145 2482 0.0178
146 556 0.1736
146 3191 0.1478
147 1268 0.1647
147 1195 0.3372
147 2929 0.0078
148 363 0.0933
149 2060 0.0339
149 2056 0.1149
149 2403 0.0225
150 2765 0.1754
150 2098 0.0258
150 189 0.147
150 986 0.1967
151 2049 0.0218
151 2811 0.0961
152 2947 0.2222
152 2570 0.067
152 1158 0.0284
152 3165 0.0498
153 2297 0.2212
154 1412 0.1149
154 1687 0.1064
154 1339 0.2403
154 504 0.061
154 1940 0.0605
154 386 0.1457
155 1297 0.1612
155 1618 0.0571
155 1492 0.1457
155 1883 0.0659
155 2088 0.0566
156 1819 0.1341
156 1810 0.084
157 3056 0.0823
159 1545 0.0816
160 1624 0.0855
160 1143 0.0641
161 2411 0.075
161 2083 0.0775
161 3162 0.4465
162 817 0.0446
163 1765 0.0263
163 1061 0.0571
163 2068 0.018
164 563 0.0283
164 2253 0.0766
164 3113 0.03
164 661 0.0415
165 455 0.0519
166 1933 0.0396
166 773 0.4185
166 2974 0.3467
167 2396 0.0514
167 3097 0.0557
167 2133 0.0743
168 1790 0.2108
169 460 0.0274
169 2851 0.0911
170 1000 0.0244
170 433 0.1958
171 2387 0.2425
171 1959 0.1298
171 1929 0.1477
172 1960 0.2258
172 174 0.2033
172 792 0.1116
172 339 0.2592
172 2557 0.0187
173 2825 0.1472
173 857 0.202
173 1786 0.0114
174 1673 0.1948
174 2732 0.0442
174 1087 0.1824
174 3030 0.0555
174 874 0.1853
174 257 0.082
175 1233 0.0144
175 731 0.1749
175 1995 0.1396
175 3193 0.1796
175 3194 0.0441
175 2702 0.0453
176 2123 0.2749
177 2607 0.0503
177 1274 0.1102
177 1297 0.0623
178 2573 0.0645
178 998 0.093
178 2050 0.0486
179 465 0.1785
179 2405 0.1122
180 1390 0.1021
180 3047 0.1778
180 1955 0.678
181 487 0.117
181 1592 0.098
181 865 0.0951
181 666 0.0317
182 2453 0.0687
182 1592 0.1191
182 456 0.1693
184 3119 0.1995
184 1001 0.3029
184 1283 0.054
184 968 0.2128
184 2513 0.0649
184 1763 0.208
184 2238 0.0847
184 2436 0.1397
185 691 0.262
185 671 0.1405
186 1306 0.0254
187 3004 0.1286
187 1335 0.3659
188 446 0.1063
189 519 0.2503
189 794 0.1621
189 2652 0.177
190 630 0.1967
190 2260 0.0444
190 2658 0.1644
191 2738 0.1996
191 3124 0.031
192 770 0.2376
192 378 0.0293
193 2291 0.0725
193 586 0.0911
193 274 0.0732
194 466 0.0552
194 1264 0.1423
194 352 0.1019
194 1509 0.0748
194 1900 0.1391
194 807 0.0032
194 2761 0.1097
195 646 0.1222
196 1276 0.1223
197 1842 0.0712
197 1725 0.0709
198 1863 0.1148
199 625 0.1813
199 2146 0.1883
199 2394 0.1696
199 926 0.1072
200 308 0.1857
200 635 0.0279
200 1392 0.0237
201 1295 0.0566
201 3012 0.0905
201 1307 0.0653
201 2128 0.1627
202 863 0.1313
202 2746 0.1248
202 2394 0.1358
202 247 0.0229
203 2623 0.1551
203 2730 0.1196
203 2527 0.1148
203 954 0.0303
203 2671 0.0393
203 1883 0.1156
204 3098 0.0894
204 510 0.0192
204 492 0.4446
205 678 0.0801
205 1031 0.1624
205 2058 0.0911
205 1953 0.0511
205 2707 0.1209
206 609 0.0189
207 2552 0.0337
207 457 0.1159
208 1732 0.2008
209 2924 0.1081
209 1385 0.1864
209 1823 0.174
209 1164 0.1082
210 1606 0.2281
211 2530 0.0922
211 2741 0.0736
212 2434 0.0843
212 2626 0.0911
212 1307 0.1239
213 1241 0.1442
213 3090 0.0831
213 1531 0.135
214 2105 0.076
214 1582 0.103
215 1213 0.2952
215 2249 0.0537
215 2699 0.0634
216 2843 0.0931
216 1852 0.1757
217 1525 0.2325
217 534 0.1769
217 2501 0.0972
217 2223 0.0189
217 698 0.0542
217 1161 0.0683
217 1847 0.0547
218 2507 0.311
218 3073 0.0444
218 807 0.1511
219 559 0.0705
219 2882 0.0747
219 1094 0.149
220 1973 0.0787
220 2642 0.0807
220 1753 0.1748
221 1222 0.0701
222 1111 0.3332
222 1230 0.1592
223 738 0.0452
223 1097 0.0662
224 3175 0.0134
224 2484 0.1141
224 2661 0.2409
226 2247 0.2608
226 2836 0.188
226 1175 0.1171
226 2528 0.0416
226 1874 0.1027
226 850 0.5008
227 3158 0.1785
227 928 0.1597
228 3158 0.1433
228 1877 0.1402
228 717 0.0241
229 1533 0.0821
229 2022 0.412
229 737 0.1663
230 2184 0.1263
231 2507 0.1208
231 1727 0.0995
231 2474 0.1822
232 383 0.1854
232 2944 0.0771
233 2472 0.1472
233 2986 0.0624
233 2867 0.0653
233 2558 0.0491
233 3065 0.0443
234 1217 0.0955
235 1526 0.0409
236 2716 0.2253
236 1244 0.0876
237 1898 0.2713
237 1056 0.0719
238 2902 0.177
238 2646 0.2388
239 2457 0.1007
239 2453 0.2215
240 2468 0.0599
242 2287 0.0011
242 2167 0.0483
243 1442 0.0809
243 1192 0.084
243 1786 0.0728
244 1655 0.3401
244 2054 0.0044
245 2954 0.3343
245 2810 0.08
246 545 0.0717
246 382 0.036
246 3157 0.1582
247 2634 0.4022
247 2580 0.0872
248 2768 0.0122
248 2753 0.0909
248 1521 0.1323
248 1337 0.1413
249 727 0.0738
249 1749 0.0573
249 1506 0.1636
249 2074 0.0935
250 2266 0.147
250 530 0.0936
250 1747 0.0335
251 1441 0.0371
251 2618 0.0572
251 1361 0.0938
251 1564 0.0424
252 1542 0.1041
252 460 0.1073
253 445 0.0193
253 1350 0.0739
253 2936 0.1309
253 2120 0.0428
254 1399 0.149
255 1372 0.0577
255 2368 0.0313
255 2593 0.147
255 2590 0.065
255 2464 0.1041
255 1940 0.2174
255 2337 0.139
256 1482 0.1657
257 1263 0.0028
257 2614 0.3238
257 799 0.0318
258 2114 0.3143
259 1974 0.1103
259 840 0.0688
259 286 0.1592
259 1501 0.1205
260 1430 0.0836
260 1006 0.0977
260 1973 0.0663
261 1271 0.1237
261 427 0.0324
262 652 0.0305
262 313 0.1913
263 1007 0.087
263 2517 0.1544
263 342 0.0713
263 826 0.1041
263 2485 0.0279
264 2233 0.0089
265 841 0.12
265 1349 0.0345
265 2714 0.0782
265 676 0.1397
266 581 0.1112
266 1501 0.1252
266 1077 0.1888
266 3193 0.1068
267 917 0.0345
268 2379 0.065
268 1583 0.1396
268 1935 0.0784
268 2305 0.0545
268 2013 0.0703
269 944 0.2721
269 812 0.1136
270 1964 0.5524
270 1628 0.0834
272 1681 0.1113
272 1556 0.0503
272 2481 0.0811
273 339 0.1907
274 2481 0.121
274 2935 0.0569
274 3183 0.2353
274 3148 0.0828
275 1218 0.0402
276 3030 0.0948
276 3060 0.0755
277 2298 0.0596
277 2113 0.1463
278 2411 0.1318
278 2201 0.0915
278 1666 0.2175
278 954 0.2517
279 1964 0.0457
279 1483 0.0243
279 961 0.1623
279 301 0.1041
279 962 0.1712
280 1977 0.1069
280 2889 0.0494
280 1600 0.1427
280 780 0.153
281 2940 0.3614
282 1885 0.1064
282 2784 0.0813
283 2766 0.0171
283 1445 0.0497
283 1709 0.0077
283 1450 0.0219
284 1766 0.0344
284 1946 0.0692
285 1472 0.0185
285 428 0.3037
285 1208 0.076
285 2759 0.1542
286 1153 0.1035
287 2371 0.2
287 2315 0.1074
287 1634 0.2189
287 1452 0.0266
288 1947 0.1989
289 2398 0.0983
289 2487 0.1435
289 600 0.0259
290 3013 0.2117
290 1619 0.3131
291 796 0.0353
291 1584 0.1608
292 3086 0.1367
292 1457 0.1439
293 1288 0.1815
293 1740 0.2225
293 2516 0.1088
293 2970 0.1596
293 1886 0.0493
293 2650 0.1488
293 3047 0.0977
294 720 0.0137
294 1026 0.0329
295 798 0.0601
295 2600 0.0807
295 1237 0.3312
296 1639 0.0115
296 1990 0.0525
297 1617 0.2217
298 1986 0.0657
298 1805 0.2142
298 837 0.0717
299 2045 0.2737
300 2309 0.2282
300 1999 0.0736
300 1354 0.058
301 1526 0.1077
301 1195 0.0799
301 1075 0.141
302 2800 0.0418
302 3028 0.0568
302 2561 0.051
303 2930 0.0338
303 1423 0.0607
303 2283 0.1116
304 734 0.0525
304 702 0.1206
306 1501 0.0652
306 1706 0.009
306 1062 0.074
306 2792 0.0409
306 2046 0.2343
306 1908 0.0391
306 2397 0.1012
307 1395 0.0195
307 3050 0.0967
307 1167 0.0651
307 2551 0.3796
307 529 0.0873
307 447 0.0865
308 365 0.2001
308 715 0.0673
309 1169 0.1455
309 2317 0.1934
309 2120 0.0593
309 1182 0.0951
310 2738 0.0877
310 2733 0.1092
310 1407 0.0968
311 1725 0.1046
311 1275 0.0258
312 1125 0.1377
313 363 0.054
313 1196 0.038
314 1541 0.1124
314 1466 0.0912
315 786 0.1108
315 3092 0.2181
315 2654 0.0989
316 991 0.3901
316 2632 0.0604
316 2161 0.2461
317 1817 0.0712
317 1778 0.0183
317 1901 0.2984
318 2072 0.1724
318 2177 0.0538
319 1990 0.0333
319 820 0.2323
319 1152 0.1424
319 1862 0.2241
319 532 0.0435
319 1098 0.2132
319 2959 0.086
320 1285 0.2786
320 1463 0.0782
320 551 0.2684
321 2196 0.0889
321 1242 0.0701
321 3028 0.1072
321 706 0.2262
321 878 0.1993
322 2400 0.1681
323 1459 0.1384
323 933 0.0751
323 989 0.0466
324 2549 0.0815
324 2028 0.0604
324 2639 0.2068
325 3020 0.0856
325 1058 0.0139
325 978 0.1858
326 1576 0.1536
326 1915 0.1141
326 2202 0.0868
327 693 0.1197
327 2321 0.1011
327 2932 0.2518
327 2787 0.0726
329 2462 0.2649
329 2558 0.097
329 3022 0.231
329 2534 0.1007
330 3035 0.0697
330 1093 0.2165
331 1844 0.1208
331 2908 0.182
332 578 0.0837
332 2777 0.2031
334 856 0.0842
334 1842 0.0971
334 2412 0.1224
335 2671 0.0064
335 2282 0.052
336 716 0.0725
336 1742 0.0669
336 2806 0.0361
337 1019 0.2917
337 1355 0.0777
337 3045 0.1139
338 673 0.0949
338 2820 0.0624
338 2105 0.2178
339 2576 0.0603
340 2713 0.1635
340 2985 0.0999
340 1246 0.0349
340 2769 0.0771
340 2276 0.2211
340 741 0.0504
341 1713 0.1506
341 3074 0.0592
341 972 0.3507
341 1967 0.0742
341 2746 0.0513
341 2995 0.1859
342 2065 0.0291
342 2269 0.1941
343 2284 0.0162
344 1798 0.1573
345 2001 0.0491
345 2658 0.016
345 2979 0.1298
345 2235 0.1715
346 1401 0.0899
346 1714 0.0374
347 1764 0.3482
347 1588 0.2488
347 2631 0.0686
347 2968 0.0325
347 1576 0.0246
348 885 0.1968
349 737 0.0516
350 2536 0.2609
350 2426 0.136
350 2324 0.1293
350 1854 0.2176
350 1817 0.2542
351 483 0.0838
351 1044 0.1482
351 1727 0.0949
351 814 0.1771
351 825 0.1441
351 1842 0.1958
352 2111 0.0617
352 3137 0.043
352 2148 0.1496
355 2559 0.0242
355 3168 0.0535
355 1146 0.0376
356 1087 0.1884
357 2830 0.0774
357 753 0.0673
357 3099 0.0985
357 1282 0.0425
357 602 0.0209
358 2078 0.191
358 1148 0.1478
359 1201 0.0973
359 2699 0.0216
360 1510 0.0951
361 2880 0.2091
361 1747 0.0406
361 1931 0.1298
361 656 0.0681
361 537 0.4253
362 1409 0.2776
362 1605 0.0653
362 2306 0.1193
363 1913 0.3559
363 2723 0.1543
363 1706 0.0738
364 1295 0.0396
364 3054 0.0962
364 2936 0.1467
364 3128 0.0701
365 1830 0.2022
365 1967 0.0415
365 887 0.0991
366 2425 0.0065
366 2100 0.079
367 1793 0.1455
367 3161 0.1238
367 1872 0.0673
368 2085 0.0351
368 1682 0.0783
368 1004 0.3357
368 633 0.1613
369 1695 0.0305
369 1058 0.066
370 2788 0.056
370 1991 0.0238
370 486 0.2246
371 1778 0.1733
372 2985 0.0631
372 2726 0.0677
373 490 0.3188
373 2710 0.3244
374 1464 0.0563
376 2159 0.0457
376 3106 0.0873
376 3027 0.1159
376 1597 0.1128
377 1605 0.2039
377 1340 0.0597
377 1042 0.0318
378 1898 0.0649
378 942 0.0697
378 1557 0.1685
379 1082 0.0775
379 2493 0.0952
379 2342 0.093
379 2071 0.1039
379 1514 0.107
381 3171 0.2057
382 2958 0.0339
382 1716 0.0249
383 2875 0.0147
383 925 0.0831
383 2014 0.0742
384 1843 0.0969
384 699 0.0261
384 640 0.0489
385 2703 0.1133
385 1863 0.1416
385 959 0.3057
386 1593 0.0237
387 2293 0.0935
387 2935 0.0416
387 1523 0.1217
387 3188 0.1607
389 2164 0.0511
389 489 0.2418
390 565 0.253
390 1668 0.0701
390 2048 0.148
390 691 0.1043
390 1787 0.1004
390 1426 0.1494
390 1235 0.0746
391 2286 0.1267
391 1742 0.0738
392 2039 0.0362
392 756 0.1717
392 1606 0.3745
392 2741 0.0732
392 1933 0.0108
393 2061 0.0688
393 2637 0.4164
395 1187 0.1369
395 729 0.0237
395 2275 0.0217
395 2087 0.1035
396 2161 0.3124
396 946 0.133
397 417 0.1229
397 2705 0.0261
397 2623 0.1463
397 2333 0.095
397 2215 0.4982
398 564 0.1341
398 2310 0.0534
398 3128 0.1319
399 1497 0.0341
399 1464 0.3233
399 1798 0.0121
399 1048 0.1818
400 1095 0.2588
400 2432 0.0705
400 1879 0.1423
400 2583 0.0239
400 556 0.1298
401 2679 0.0961
401 872 0.1034
402 1356 0.1633
402 1719 0.0729
403 438 0.0282
403 1773 0.087
403 901 0.1368
404 413 0.7514
404 1202 0.1846
405 2324 0.0258
406 2311 0.0624
406 2057 0.0363
406 528 0.1038
407 751 0.1083
408 2417 0.1281
408 1163 0.3983
408 526 0.0423
409 3067 0.2658
409 1088 0.1559
409 2138 0.0294
410 1234 0.0916
411 2563 0.1888
411 2192 0.392
411 1077 0.1553
411 921 0.1175
411 1359 0.0276
412 2261 0.0223
414 2552 0.1317
415 816 0.0469
415 1363 0.0354
416 1671 0.0529
416 1481 0.2588
416 2628 0.2053
417 2587 0.0864
417 1797 0.0541
417 2422 0.0825
417 1687 0.3704
418 3096 0.1347
419 1782 0.0738
419 2698 0.1431
419 1726 0.1966
420 2290 0.0316
420 719 0.3148
420 684 0.23
421 2725 0.1829
422 2407 0.1365
422 2350 0.059
423 1818 0.1445
423 1890 0.0052
424 752 0.0891
424 2223 0.0353
424 2307 0.0313
424 2165 0.0841
425 1986 0.0253
425 2980 0.2148
425 784 0.087
425 1754 0.0794
425 2621 0.1507
425 1378 0.124
426 2331 0.098
426 2393 0.0684
426 499 0.1618
426 1253 0.1883
427 1150 0.0879
427 1149 0.0777
429 1544 0.055
429 1000 0.2845
430 1635 0.0623
432 3095 0.0451
432 2880 0.1428
432 2201 0.0713
432 2190 0.1253
433 1502 0.0889
433 1926 0.1787
433 1104 0.0866
433 2958 0.2407
433 595 0.1097
433 940 0.1069
433 1420 0.2329
434 2674 0.0686
434 2679 0.0871
434 1292 0.0782
434 2318 0.1191
436 2771 0.0581
436 2871 0.2246
436 587 0.1187
436 1593 0.0698
437 2271 0.08
437 2964 0.1556
437 1727 0.0252
437 2624 0.0396
437 864 0.0878
438 1087 0.0681
438 3189 0.1994
439 2932 0.1089
439 728 0.0372
439 2683 0.1067
440 3155 0.0702
440 1429 0.1434
440 3107 0.1593
441 1876 0.0823
442 2456 0.0134
442 2780 0.368
443 504 0.075
443 710 0.0744
443 2392 0.0348
443 3199 0.2071
443 2230 0.0351
443 1299 0.3632
443 3193 0.3135
443 1240 0.1765
443 2270 0.054
444 2734 0.059
444 1305 0.0544
444 2180 0.1134
444 846 0.0647
444 756 0.1692
444 1093 0.0674
444 1250 0.0406
445 2628 0.3133
445 1471 0.0834
445 2719 0.0478
446 1293 0.1424
446 1905 0.1161
446 3126 0.125
446 1437 0.1207
447 537 0.0807
447 883 0.0844
448 1327 0.0995
449 2151 0.0294
449 2679 0.0572
449 3027 0.1369
450 2493 0.0702
450 867 0.0475
451 1275 0.0812
451 1837 0.1504
451 1770 0.0483
451 1709 0.0147
452 2563 0.1605
453 1682 0.0345
453 1936 0.2275
454 1195 0.2622
454 1281 0.1228
455 850 0.1731
455 2102 0.0096
455 719 0.1396
455 3031 0.0565
455 1963 0.0842
455 2026 0.1591
455 1332 0.2505
456 1949 0.0647
456 2739 0.084
456 1027 0.0453
456 1360 0.1436
457 2318 0.0942
457 3141 0.0473
457 1522 0.1013
457 857 0.0569
458 1867 0.0119
459 2039 0.1565
459 2978 0.0305
459 941 0.0766
459 467 0.0436
459 1642 0.1326
459 472 0.1309
459 2897 0.0166
459 2400 0.093
460 1795 0.2199
461 2791 0.0544
461 2682 0.0697
462 2772 0.0454
463 1530 0.2516
463 2036 0.2004
464 2731 0.0794
464 2309 0.1867
464 1366 0.1393
465 1398 0.0455
465 617 0.0569
465 1592 0.1537
465 1620 0.0608
466 960 0.1743
466 1259 0.0584
467 2440 0.1862
469 2078 0.0782
469 728 0.0803
469 2346 0.0453
469 2701 0.057
470 2936 0.1178
470 1367 0.0865
470 1903 0.0291
471 3043 0.2032
471 537 0.1376
471 2994 0.0865
471 926 0.1171
471 3065 0.1342
471 1223 0.0584
473 2451 0.1725
474 2100 0.0638
474 1931 0.0362
474 1376 0.2487
474 930 0.0549
475 2549 0.2957
475 2251 0.1749
475 2557 0.1088
475 1012 0.0564
475 2066 0.0363
475 2596 0.1077
476 1427 0.0233
477 1860 0.1642
477 2236 0.2634
478 2208 0.0244
478 612 0.2834
478 1950 0.0523
478 1809 0.1562
478 944 0.0261
478 2595 0.2144
478 637 0.1226
479 932 0.0705
479 1317 0.1485
479 873 0.5586
480 777 0.1104
480 2201 0.0611
480 1068 0.272
480 1103 0.1243
480 2276 0.0708
481 2023 0.0349
481 2774 0.0979
483 830 0.0795
483 3053 0.1558
484 3052 0.0426
484 909 0.123
484 515 0.0736
485 2717 0.1124
485 1012 0.0275
485 1688 0.1549
485 641 0.0354
486 2316 0.054
486 1801 0.1334
486 2973 0.2129
488 701 0.0476
488 1305 0.09
488 684 0.1164
488 1335 0.1293
488 2297 0.2085
488 1179 0.182
489 3130 0.0631
489 2068 0.1383
489 2128 0.0629
489 2058 0.4156
489 2271 0.1006
489 1458 0.1002
489 697 0.2529
490 1871 0.1867
490 2549 0.0606
491 1175 0.1162
491 3188 0.3235
492 506 0.0257
494 703 0.1277
494 2392 0.0924
494 787 0.1313
495 1661 0.1266
496 1398 0.0242
496 1154 0.0684
496 2201 0.1078
497 1901 0.164
497 1566 0.0207
497 1038 0.2933
498 2709 0.0553
499 1665 0.0417
499 1446 0.3163
500 2189 0.0164
500 1209 0.1697
500 2357 0.0951
500 2092 0.1461
500 2099 0.0684
501 646 0.1842
501 3022 0.2476
501 1350 0.1134
502 990 0.1277
502 1619 0.07
503 1699 0.1328
503 754 0.1536
504 2828 0.0818
504 2466 0.0271
504 1495 0.1261
504 840 0.2642
504 638 0.0214
504 1432 0.07
505 553 0.0754
505 2374 0.2859
505 2146 0.0064
506 1755 0.1204
506 2589 0.1342
506 1414 0.0692
507 1418 0.2396
507 2376 0.1679
507 2095 0.0745
508 2489 0.2247
508 2343 0.0435
509 1167 0.2236
509 2740 0.2917
510 1935 0.0335
510 2179 0.0435
511 1058 0.2317
511 2930 0.0664
512 1997 0.1713
513 1034 0.1085
513 2229 0.044
513 1461 0.0375
513 1919 0.2151
513 2402 0.0618
513 2280 0.1595
513 1413 0.0697
513 1175 0.2061
514 1918 0.1176
514 2083 0.4596
514 1868 0.0622
516 2127 0.0991
516 1289 0.2839
516 1339 0.0699
517 1368 0.0805
518 708 0.0054
518 2520 0.234
518 2039 0.1265
519 1571 0.0556
519 1723 0.0595
520 2918 0.1018
521 1484 0.1256
521 1358 0.0665
522 2275 0.1596
522 2894 0.153
523 1568 0.1512
524 1219 0.0204
524 1941 0.0382
525 2872 0.0422
525 1513 0.0668
526 3066 0.0691
526 1729 0.0837
526 1621 0.184
526 3024 0.1475
527 2773 0.1728
527 2580 0.2502
528 1567 0.0034
528 2085 0.0515
529 2516 0.087
530 1738 0.0381
530 835 0.0369
530 1761 0.0321
531 1725 0.071
531 1855 0.2267
531 3176 0.0216
532 1972 0.143
534 2229 0.1637
535 601 0.1388
535 1923 0.1442
535 2300 0.1105
537 3105 0.1474
537 848 0.0372
537 1343 0.0052
538 3011 0.08
538 2576 0.3057
538 1709 0.2437
538 1979 0.0311
539 1495 0.2223
540 1055 0.0731
540 2137 0.0414
541 2498 0.1829
542 583 0.2711
542 3127 0.1411
542 860 0.114
542 1345 0.132
543 1249 0.0358
543 1911 0.2056
544 2408 0.1419
544 2084 0.2156
544 2926 0.1338
544 2082 0.2263
544 1169 0.0477
544 2877 0.1438
544 1997 0.1701
545 1454 0.1325
545 2972 0.1598
547 2260 0.298
547 1580 0.0905
547 1453 0.1041
547 2150 0.1615
548 2273 0.0995
548 2087 0.1146
548 2304 0.0481
549 1821 0.1899
549 1814 0.0839
550 2840 0.0713
550 2399 0.1706
550 2790 0.1209
551 1517 0.0623
552 587 0.0402
554 2881 0.0643
554 1022 0.235
554 3076 0.184
554 1299 0.05
555 625 0.1405
555 1013 0.0506
555 949 0.0838
555 1974 0.2152
555 2969 0.0984
555 676 0.0318
555 1970 0.1049
556 616 0.1276
556 2984 0.2308
558 1095 0.1696
558 2989 0.2221
559 1932 0.1761
559 2280 0.1614
559 1826 0.0633
560 1061 0.0699
560 2110 0.1246
560 1215 0.0773
560 2856 0.0473
562 2335 0.1955
562 2425 0.1566
562 812 0.2781
563 766 0.1855
563 795 0.1704
565 934 0.047
565 1236 0.1078
565 3158 0.2939
566 1475 0.2299
566 572 0.0422
566 2261 0.1549
567 2399 0.2155
567 1569 0.0443
568 2582 0.0677
569 1256 0.1099
569 2323 0.0975
569 609 0.0989
570 2378 0.0955
570 774 0.0289
570 914 0.1216
571 2240 0.1746
571 2823 0.0171
571 1911 0.0706
571 1077 0.1558
572 2138 0.028
572 2688 0.1177
572 1594 0.1301
573 1592 0.0202
574 687 0.0996
574 1242 0.1836
575 823 0.2126
576 1043 0.0971
577 2488 0.1047
578 2568 0.0851
578 2637 0.0817
579 2292 0.0724
581 676 0.1647
581 1306 0.1123
581 629 0.1227
581 908 0.2868
581 1378 0.0635
582 1604 0.2766
582 2276 0.0851
582 2176 0.0251
582 2767 0.0817
583 1959 0.1456
583 3077 0.1486
585 1176 0.0423
585 2730 0.1771
586 2640 0.0088
586 3120 0.0702
586 877 0.3294
586 1453 0.1181
586 800 0.0991
587 1939 0.0196
587 1514 0.0991
587 627 0.0737
587 615 0.07
587 1598 0.2119
588 1713 0.0232
588 2725 0.0499
588 1259 0.1284
588 706 0.0364
589 2967 0.0991
589 2402 0.2315
590 613 0.2192
590 2999 0.0285
590 825 0.0664
591 1537 0.0037
591 1129 0.2054
592 2160 0.0116
592 918 0.1524
593 919 0.0814
593 1607 0.1667
593 624 0.0526
594 1208 0.0251
594 1782 0.0543
594 1255 0.0891
594 2846 0.1469
595 983 0.1768
595 690 0.1342
595 2659 0.1455
598 2027 0.1917
598 2170 0.1089
598 997 0.2434
599 1631 0.0249
599 2418 0.0521
600 2398 0.124
600 2163 0.1178
601 2746 0.0752
602 982 0.0202
603 2851 0.4133
604 1777 0.3251
604 803 0.0214
606 1796 0.0455
606 837 0.2139
608 1290 0.0381
608 2027 0.1385
608 1424 0.106
608 1445 0.0935
609 2919 0.0447
609 1258 0.313
610 2174 0.1206
610 2189 0.0821
610 1860 0.0565
610 2275 0.1401
611 665 0.0501
611 3129 0.0619
611 1778 0.1811
611 1443 0.0248
612 2584 0.0886
612 2665 0.205
612 877 0.0824
613 725 0.0835
613 1869 0.0727
613 649 0.171
614 1851 0.181
614 1563 0.1747
614 1122 0.0063
614 1233 0.0486
614 868 0.217
616 949 0.0979
616 2796 0.1605
617 1205 0.0379
617 1955 0.3466
617 2731 0.0459
618 1444 0.1033
618 2606 0.1041
618 745 0.0561
620 1107 0.0775
620 2368 0.1517
620 1594 0.0593
620 1621 0.0611
620 2220 0.0919
621 2600 0.2312
622 2190 0.0923
622 1829 0.4239
622 1284 0.1032
622 2030 0.3424
623 2645 0.0921
623 935 0.162
624 1014 0.0925
627 842 0.0238
627 1520 0.2009
628 2662 0.0237
629 2803 0.2163
629 1240 0.0691
630 703 0.1665
630 2633 0.2105
630 3092 0.0367
631 2170 0.1066
632 981 0.1863
632 1375 0.0885
632 1179 0.0409
634 1411 0.0562
635 1439 0.0353
635 1207 0.2096
635 1997 0.4021
636 2170 0.0714
636 1552 0.079
636 2090 0.1126
636 2423 0.1155
636 1997 0.0731
636 3108 0.1079
637 3068 0.1098
638 1692 0.0889
638 1664 0.1526
638 936 0.0529
638 2344 0.1431
639 1078 0.3617
639 1981 0.0781
639 1407 0.1381
639 2879 0.0646
639 1514 0.2342
640 3110 0.2573
641 1362 0.1037
642 2287 0.0375
643 1293 0.093
643 1989 0.093
643 1440 0.0459
644 1304 0.1071
644 1566 0.1311
645 882 0.1396
645 2594 0.0596
645 2367 0.0555
645 1978 0.1588
646 1703 0.0078
646 1338 0.4479
648 885 0.0854
649 890 0.2318
649 3050 0.0581
649 2303 0.0122
650 2848 0.2278
651 799 0.009
651 2517 0.099
651 1048 0.1774
651 2027 0.1572
653 2567 0.0452
653 937 0.0345
653 2470 0.036
654 2296 0.0464
654 837 0.0684
655 992 0.0268
655 2908 0.0146
655 2840 0.1854
656 926 0.0063
657 3061 0.062
657 1739 0.1526
658 2891 0.0749
658 2072 0.1092
658 2903 0.0896
660 1526 0.0513
660 2993 0.0589
660 2120 0.0488
661 983 0.031
661 997 0.0634
662 1270 0.1661
663 2268 0.0692
663 1552 0.012
663 2420 0.198
664 2001 0.037
665 1980 0.029
665 930 0.0756
665 2156 0.1573
666 1691 0.1371
666 710 0.1483
666 919 0.0145
668 2849 0.0199
668 1533 0.2418
668 1045 0.0633
669 2316 0.093
670 2521 0.1336
670 1760 0.2564
670 1503 0.0883
671 1645 0.0732
672 2863 0.0919
673 2914 0.0811
673 2019 0.1004
674 1363 0.0848
674 796 0.2899
675 2231 0.0726
675 3050 0.077
675 1129 0.2505
676 1323 0.2492
676 1552 0.0868
676 1812 0.125
676 1960 0.0912
677 2237 0.2787
678 2765 0.1256
678 2406 0.0599
679 825 0.1803
679 900 0.076
679 3199 0.1017
679 1539 0.1006
679 1191 0.0599
680 790 0.0833
681 1080 0.0808
682 1807 0.0183
684 1744 0.0867
684 2240 0.1305
685 1382 0.1586
685 2565 0.2544
685 1397 0.2206
685 1238 0.2318
685 1392 0.1344
685 2476 0.1292
686 1928 0.0815
686 1822 0.1602
686 3178 0.0814
687 1298 0.1043
688 1993 0.0481
688 925 0.061
688 1163 0.0249
688 2235 0.065
689 2607 0.1241
689 1813 0.1958
689 2313 0.1004
689 1977 0.1387
690 2417 0.1302
691 1616 0.2091
691 1273 0.0601
691 2133 0.015
692 789 0.0589
692 2583 0.0364
693 2184 0.1934
693 2449 0.1568
693 1971 0.0631
693 1289 0.2343
694 2460 0.167
694 2523 0.1034
695 1044 0.0672
695 2076 0.1038
695 2015 0.0628
697 2161 0.047
697 1513 0.2645
699 2394 0.1031
699 2589 0.0269
699 1701 0.0384
699 2484 0.0608
699 2973 0.1006
700 2563 0.1132
701 1469 0.3438
702 784 0.27
703 1212 0.1482
703 2217 0.2368
703 1943 0.2109
704 2408 0.0877
705 821 0.018
705 2623 0.0587
706 1990 0.2343
706 987 0.1147
706 2869 0.0628
707 1936 0.1037
707 2044 0.2284
707 1470 0.1402
707 1685 0.0246
707 1725 0.1204
708 1811 0.0362
709 2144 0.0204
709 826 0.4241
709 2119 0.2485
709 819 0.1781
710 717 0.0588
710 1638 0.0625
710 1649 0.0817
711 2452 0.0928
711 2519 0.0588
712 1294 0.1044
712 2126 0.1513
712 2076 0.4068
712 2756 0.2502
713 2519 0.1975
714 2761 0.0397
715 1649 0.1576
715 966 0.2703
716 2055 0.0176
717 2842 0.0602
718 2331 0.1277
719 951 0.103
719 970 0.0541
719 1402 0.2131
719 2524 0.2679
720 2176 0.0367
720 1288 0.1691
720 739 0.0318
720 1749 0.1016
720 2271 0.0298
721 1273 0.104
721 1078 0.1112
721 3001 0.1509
722 1279 0.1822
722 1099 0.021
722 1259 0.1597
723 2797 0.1468
723 1437 0.0557
724 2191 0.1019
724 2247 0.0252
725 2572 0.0791
726 1310 0.5063
727 1914 0.0877
727 915 0.1166
727 2867 0.0863
727 1702 0.1843
727 2872 0.1289
727 1683 0.1603
727 1756 0.0324
727 2184 0.0947
728 2889 0.1297
728 1851 0.0238
728 817 0.0827
728 2276 0.3815
728 2670 0.0307
728 880 0.0787
729 2244 0.072
730 2258 0.0722
730 2576 0.3342
731 2053 0.1534
731 1201 0.0528
732 2328 0.1572
732 3105 0.3578
732 1812 0.0638
733 1518 0.0999
733 1066 0.2621
733 2827 0.0368
733 2682 0.1606
733 1884 0.0758
733 2946 0.2139
734 1156 0.0285
735 1231 0.2954
735 1061 0.0033
735 2326 0.2385
735 1434 0.105
735 1690 0.1992
736 2645 0.1385
736 1345 0.0903
737 2403 0.1892
739 2310 0.1166
739 1865 0.106
739 830 0.1999
739 1138 0.137
739 2571 0.0922
740 1372 0.0462
740 1305 0.1685
740 1163 0.0342
741 2678 0.0441
741 2822 0.0882
742 3090 0.0699
742 2279 0.1274
743 1023 0.2061
743 1307 0.0547
743 1592 0.0248
744 2643 0.0761
744 2866 0.0153
744 1861 0.0512
744 2973 0.0536
745 2645 0.3305
745 1127 0.0715
746 1104 0.082
746 2768 0.1211
746 2407 0.0891
746 2206 0.0491
747 2746 0.1197
749 1203 0.2497
749 1821 0.0249
749 3176 0.0275
749 932 0.1558
749 795 0.1692
750 1733 0.0987
750 1120 0.1206
750 2729 0.3741
751 1141 0.0151
751 3061 0.1327
751 3158 0.0369
752 2007 0.0929
752 1509 0.1895
752 789 0.2388
753 1471 0.1252
753 1750 0.1439
754 1691 0.2424
754 1583 0.2181
754 2171 0.1931
755 2082 0.1173
755 2610 0.079
756 2008 0.0819
756 2804 0.0755
757 2859 0.0482
757 2007 0.0981
757 935 0.1341
758 1490 0.2212
758 2900 0.0563
760 2612 0.0723
761 1538 0.1341
761 853 0.0235
762 2944 0.198
762 2791 0.1088
762 1248 0.0775
762 3099 0.0581
762 1246 0.053
762 1350 0.1069
762 2709 0.1103
763 3091 0.046
764 3183 0.105
764 2184 0.123
765 2652 0.0305
765 2794 0.2169
765 2853 0.1836
766 3026 0.1182
766 2842 0.1705
767 1342 0.0771
767 2601 0.4375
768 3161 0.1779
768 1341 0.092
768 3085 0.4053
769 2961 0.2859
769 1298 0.1142
769 1130 0.229
770 2192 0.0799
770 975 0.1367
770 979 0.033
772 2275 0.1232
772 2028 0.3319
773 1750 0.0085
773 2636 0.1197
774 2322 0.1121
774 2680 0.0097
774 2304 0.0848
774 879 0.1683
775 823 0.0664
775 1114 0.0787
775 2780 0.0226
776 991 0.2088
776 2656 0.16
776 893 0.0339
776 2855 0.2488
777 1727 0.0265
778 1098 0.2237
778 2267 0.0332
778 1596 0.1614
778 938 0.0647
780 2977 0.171
780 1943 0.0783
780 1715 0.1307
780 971 0.0418
781 2169 0.0816
782 1346 0.1042
782 1506 0.0995
782 1390 0.1227
783 2390 0.1004
783 2193 0.1817
783 1937 0.1381
784 2789 0.0461
784 2328 0.0643
785 2937 0.0531
785 1221 0.0624
785 2494 0.1444
785 2824 0.2411
786 1984 0.0311
786 2702 0.0696
786 1387 0.0418
788 1165 0.1038
788 2640 0.1192
788 2663 0.0949
789 2426 0.0147
790 1566 0.1036
791 2994 0.0136
791 2779 0.2202
792 814 0.2115
792 1646 0.0209
792 2113 0.0831
792 1422 0.0462
793 2231 0.1819
793 1687 0.0449
794 2578 0.1818
794 1453 0.0799
795 2978 0.4453
795 1032 0.0463
796 2319 0.0549
796 1204 0.0296
796 1847 0.0347
796 1957 0.1148
797 3052 0.2079
797 2937 0.1748
797 1047 0.0927
797 3011 0.0785
797 2527 0.0438
798 1077 0.0957
798 1835 0.1734
798 1107 0.0276
799 1834 0.4171
799 1010 0.2554
799 1533 0.1968
799 2621 0.0955
800 2995 0.0614
801 2295 0.0548
802 1006 0.0336
803 1906 0.1038
804 1860 0.2037
804 1407 0.05
805 3058 0.1886
805 3136 0.0228
806 1159 0.1658
806 2274 0.057
806 1033 0.1127
807 2758 0.0117
807 1528 0.1905
807 2541 0.0272
807 1611 0.0088
808 1670 0.1868
808 904 0.0994
808 3094 0.1005
808 2161 0.1131
808 3168 0.0466
809 2698 0.2512
810 1887 0.1945
810 2836 0.0353
810 1216 0.0081
811 1062 0.1256
811 1180 0.0729
811 895 0.225
811 2116 0.0207
812 2098 0.2419
815 3080 0.0354
815 2639 0.121
816 2297 0.0581
817 2731 0.102
817 1209 0.0347
818 1485 0.0395
818 2557 0.1284
819 1790 0.1212
819 941 0.24
819 2509 0.0587
819 885 0.0161
819 3080 0.196
819 1682 0.3639
821 3099 0.076
821 2154 0.1109
821 1453 0.0819
821 1942 0.082
821 2168 0.0442
822 3102 0.0875
822 2827 0.2529
822 1048 0.0241
823 1164 0.0446
823 1656 0.0607
824 3182 0.0444
824 2088 0.1322
825 1240 0.0497
826 1610 0.0317
826 1500 0.2608
826 2331 0.0624
827 1024 0.111
827 2655 0.0855
828 1089 0.1645
828 2347 0.1974
828 3116 0.0562
828 2065 0.0973
828 1505 0.1367
829 1074 0.328
829 1868 0.0359
830 3085 0.0279
830 2063 0.0869
831 2553 0.0062
832 1950 0.0763
832 1206 0.0963
833 1831 0.1222
834 2095 0.1863
834 1190 0.1578
835 1847 0.03
835 2102 0.0758
836 2660 0.0174
837 1269 0.0954
838 2713 0.031
839 2314 0.0576
841 2276 0.1494
842 1917 0.3121
842 1051 0.1751
842 1233 0.1448
842 898 0.2252
842 3096 0.0569
842 3162 0.0128
843 1554 0.0824
843 1577 0.0344
844 1528 0.0089
845 1546 0.0798
845 2357 0.0553
846 1595 0.1144
846 1470 0.0454
846 1657 0.0818
846 3196 0.3045
846 2094 0.2702
847 3070 0.0426
847 2910 0.0334
848 1326 0.0454
848 1201 0.01
849 1130 0.1471
849 2860 0.1362
849 2294 0.1842
849 2825 0.0958
851 1246 0.0582
851 1738 0.0718
851 2425 0.1908
852 1593 0.1771
852 2321 0.2979
852 1904 0.2591
853 1728 0.1229
853 2147 0.0323
854 2836 0.0322
854 1818 0.1341
855 1177 0.219
855 1169 0.0535
855 3146 0.1542
855 1593 0.1508
856 1059 0.0684
856 2865 0.054
856 3012 0.0649
856 1579 0.109
856 1501 0.1136
857 2781 0.0944
859 872 0.0968
859 2191 0.1202
860 2639 0.0418
860 1770 0.157
860 3068 0.067
861 2658 0.1624
862 1470 0.1339
863 3101 0.0584
863 2867 0.0686
863 2568 0.0687
864 2592 0.0415
865 1572 0.0197
865 1437 0.1487
865 2517 0.033
865 1539 0.1174
866 2283 0.0537
866 2030 0.0438
866 1652 0.1763
867 2169 0.1579
867 2059 0.0736
867 1529 0.2636
868 1291 0.0601
868 1513 0.075
868 1477 0.102
869 1731 0.1222
870 2737 0.1443
871 1377 0.0692
872 1807 0.0307
872 1114 0.0775
873 2395 0.2439
873 2311 0.221
874 2673 0.285
874 2095 0.4429
876 2779 0.0855
876 3146 0.0534
876 2335 0.0673
876 2062 0.1153
877 2124 0.1148
877 1109 0.0874
877 1566 0.0174
877 1578 0.057
877 1336 0.0614
877 2241 0.104
878 2435 0.033
879 2105 0.2103
879 1683 0.0382
880 941 0.1753
880 979 0.2522
882 2747 0.1147
882 2489 0.0678
883 3066 0.0845
883 2680 0.283
883 1162 0.0748
884 2221 0.0346
884 2143 0.3043
884 2180 0.1618
884 2070 0.1489
885 2021 0.0451
885 1169 0.0631
885 2329 0.26
886 1763 0.2343
886 2112 0.2135
886 2826 0.1157
887 2831 0.0714
887 2288 0.2053
888 2027 0.2036
888 3090 0.1584
889 2670 0.0877
890 1041 0.024
891 1258 0.0618
892 1027 0.142
892 2209 0.0991
893 2663 0.078
893 1580 0.0388
893 2163 0.1011
895 1003 0.1608
895 2975 0.1372
895 2459 0.1006
896 989 0.0855
896 2207 0.2256
896 2608 0.0531
896 1031 0.0657
897 2156 0.0201
898 3182 0.0383
899 2154 0.1044
899 2761 0.2219
899 2793 0.2001
899 2336 0.0389
900 1324 0.074
900 2549 0.0382
901 2303 0.1432
901 2343 0.0702
901 2364 0.0566
902 1244 0.026
902 3081 0.0228
902 2493 0.056
902 1964 0.0482
902 1224 0.0949
903 2662 0.0107
903 2070 0.0225
904 1986 0.1715
904 2762 0.1066
904 2325 0.2368
904 1614 0.0526
905 2121 0.1059
905 1451 0.0919
905 1568 0.0872
905 1363 0.114
906 2051 0.0787
907 998 0.1619
908 1593 0.1255
908 1164 0.0244
908 2706 0.0632
909 3196 0.1136
909 1620 0.1242
909 1132 0.0416
911 2677 0.0994
911 1473 0.2271
911 1073 0.0365
911 1637 0.1791
912 1634 0.0281
912 1620 0.0858
912 2174 0.0744
913 1011 0.2208
913 2356 0.2144
914 1388 0.0271
914 1634 0.0874
915 1343 0.0599
917 1361 0.0682
918 1134 0.1288
918 1400 0.2964
919 1795 0.0755
919 1744 0.0404
919 1806 0.1597
919 1668 0.1261
921 1108 0.0408
921 1947 0.1513
921 2342 0.1869
922 2559 0.1237
922 2898 0.0803
923 1872 0.2098
923 968 0.1352
923 2503 0.0186
923 3172 0.2067
924 2973 0.2209
924 1857 0.2838
924 1778 0.083
925 1321 0.051
925 1977 0.0624
926 929 0.0613
926 2503 0.0676
927 1692 0.4339
928 2164 0.3159
928 1719 0.4282
929 1389 0.1389
930 2071 0.0626
931 1397 0.0119
932 1354 0.0849
932 2889 0.2233
932 2581 0.1514
933 1181 0.2477
933 2048 0.2464
933 1195 0.0784
934 2125 0.3203
934 1149 0.1123
934 2815 0.0409
935 1488 0.1167
935 1191 0.0307
935 2489 0.2646
936 2136 0.1507
937 2780 0.0333
937 2968 0.0804
937 1974 0.026
937 2613 0.161
938 2903 0.0879
938 1241 0.0997
939 1795 0.0302
939 1367 0.0963
940 1914 0.1405
940 1933 0.1479
941 1564 0.2321
942 1614 0.1425
943 1287 0.0624
943 2959 0.0138
943 2344 0.116
944 1988 0.0832
944 2639 0.0016
944 1921 0.1824
945 2547 0.0777
945 2746 0.0491
945 1491 0.2421
945 2951 0.3514
946 1056 0.1744
946 1728 0.1337
947 1633 0.1912
947 2652 0.0415
948 2249 0.0127
948 1230 0.1146
949 2470 0.0127
949 2389 0.08
950 1541 0.1537
950 1856 0.0079
950 2050 0.1525
951 2393 0.2659
951 2830 0.1776
951 1920 0.0626
953 2080 0.348
953 2448 0.0928
953 2784 0.0662
953 2068 0.1645
954 1704 0.3653
954 2957 0.0259
954 1088 0.3628
955 1529 0.0453
955 1805 0.0529
955 2237 0.0602
956 2532 0.0341
956 1021 0.1239
956 1462 0.0961
956 2768 0.1307
957 2014 0.2777
957 2177 0.1564
957 2214 0.0338
957 3116 0.2035
958 2850 0.0678
958 1199 0.1096
958 2655 0.1009
959 2256 0.3239
959 3106 0.0407
960 1860 0.0612
960 2440 0.0728
960 2262 0.1998
961 2655 0.0559
963 1690 0.0496
963 1113 0.0552
964 2752 0.2158
964 1812 0.1222
965 2454 0.1663
966 2070 0.073
966 3171 0.1923
966 1948 0.0899
967 1764 0.1556
968 1563 0.0789
968 3153 0.02
968 1887 0.0889
968 2766 0.5195
968 1053 0.0382
969 1643 0.0083
969 1853 0.2156
969 3095 0.0311
971 1311 0.1498
971 1780 0.2143
973 2931 0.3618
973 1492 0.2698
974 2427 0.0121
974 2430 0.2731
974 2560 0.0526
974 983 0.1454
974 1734 0.3163
975 3081 0.0875
976 2929 0.0787
976 1951 0.0068
976 1074 0.0487
976 1251 0.0678
977 1103 0.0502
978 1319 0.1235
978 2513 0.1568
979 2715 0.2853
979 1651 0.3014
979 3046 0.1697
979 1104 0.0222
979 2765 0.0625
980 1121 0.0561
980 2350 0.0696
980 2699 0.078
980 1484 0.1585
981 2716 0.1467
981 2666 0.1467
982 1613 0.2137
982 2691 0.2586
982 2204 0.0632
983 1936 0.1116
983 2580 0.0337
984 2573 0.0557
985 2818 0.1191
985 1405 0.0621
986 1855 0.116
986 2934 0.147
986 2848 0.126
986 1564 0.0613
987 1030 0.0563
987 2397 0.0858
987 1264 0.2647
987 1338 0.0875
988 1596 0.0162
988 1677 0.1661
988 1358 0.0844
989 1578 0.1631
989 1207 0.1799
990 1228 0.2118
990 2906 0.1157
990 2611 0.1486
992 2124 0.2103
992 3035 0.2451
993 2128 0.269
993 2878 0.144
995 2847 0.0303
995 1869 0.1479
995 1770 0.1417
995 1493 0.0541
995 1955 0.0571
996 1981 0.102
997 1562 0.2002
997 2042 0.224
998 2447 0.0929
998 3142 0.1113
998 1136 0.1411
999 1749 0.1764
999 1617 0.2072
999 1302 0.19
1001 2829 0.0832
1001 1252 0.0692
1001 1339 0.1552
1002 2657 0.099
1002 1711 0.0072
1002 1788 0.0602
1003 1364 0.0522
1005 1978 0.0414
1005 1358 0.088
1005 1859 0.1225
1007 1151 0.0999
1007 2703 0.2336
1007 3199 0.2432
1008 2245 0.0876
1009 1838 0.0655
1009 1077 0.6076
1010 1520 0.1251
1010 1420 0.2448
1010 2479 0.0473
1011 2042 0.0858
1011 1525 0.1893
1011 1684 0.0663
1012 2848 0.1461
1012 2752 0.1657
1012 1563 0.181
1013 2853 0.1552
1014 3032 0.091
1014 2373 0.0803
1014 1573 0.0378
1015 2065 0.0737
1016 1111 0.2156
1016 2787 0.3469
1016 3195 0.4373
1016 1162 0.2596
1018 1156 0.134
1018 2397 0.2431
1018 3197 0.1146
1018 1370 0.0547
1018 1712 0.22
1019 1050 0.1495
1020 2292 0.1436
1020 2649 0.0956
1020 3048 0.0136
1022 2056 0.2368
1022 2496 0.1473
1023 1860 0.0952
1023 2298 0.0489
1023 1435 0.0256
1023 2813 0.1025
1023 1734 0.03
1024 1693 0.0827
1024 2861 0.55
1025 1408 0.0606
1025 2923 0.0459
1025 1356 0.2307
1026 1167 0.2369
1026 2230 0.0999
1027 2160 0.1821
1027 3060 0.3462
1027 1473 0.1034
1028 2572 0.0276
1028 1749 0.378
1029 1790 0.2507
1030 2432 0.0779
1031 2464 0.117
1031 3160 0.0937
1032 1284 0.1608
1033 3096 0.0616
1033 2825 0.0235
1035 1505 0.3587
1035 2576 0.024
1036 2792 0.119
1037 1091 0.3208
1039 2441 0.129
1040 2448 0.1252
1040 1986 0.2087
1041 2097 0.0247
1041 2027 0.2952
1041 1758 0.0925
1042 2054 0.1527
1043 2250 0.0927
1043 2909 0.1906
1043 2343 0.2098
1044 2957 0.1391
1044 1409 0.0457
1045 1852 0.1072
1045 2268 0.0345
1046 1140 0.0915
1046 2696 0.0585
1046 2597 0.0754
1047 1562 0.0939
1047 2330 0.1151
1047 2307 0.1216
1047 1986 0.083
1048 2232 0.0666
1048 1227 0.1901
1049 1595 0.1433
1050 1903 0.0316
1050 2341 0.1296
1051 1502 0.1845
1052 1525 0.0677
1052 2007 0.136
1052 2086 0.0975
1052 1573 0.0754
1054 1209 0.0148
1054 2512 0.1132
1054 1711 0.079
1056 2752 0.0911
1056 3079 0.1983
1056 3114 0.1059
1056 1351 0.1051
1057 2134 0.1119
1057 2601 0.101
1057 2614 0.0072
1057 2101 0.1967
1058 1423 0.091
1058 2695 0.0946
1059 3177 0.1106
1059 1437 0.1541
1059 2441 0.0643
1060 1798 0.1418
1060 2033 0.0585
1060 3154 0.1233
1061 1188 0.0917
1061 2775 0.1844
1061 2273 0.1517
1062 1921 0.2488
1062 1241 0.1679
1063 2288 0.2121
1063 3027 0.134
1064 2897 0.1753
1064 2740 0.0694
1064 1371 0.4389
1064 2066 0.2561
1065 2102 0.0472
1066 2960 0.0894
1066 2369 0.4467
1066 2800 0.2081
1067 3018 0.0818
1068 2656 0.0681
1069 2144 0.3055
1070 1979 0.0419
1070 2214 0.0665
1070 3129 0.1943
1072 1276 0.2058
1072 2664 0.2403
1072 3176 0.1785
1072 2954 0.0298
1072 1302 0.0575
1073 2289 0.3194
1073 2026 0.256
1074 1512 0.0452
1074 2707 0.0145
1074 2684 0.0602
1074 2024 0.1587
1075 1984 0.3195
1075 1524 0.2193
1076 2730 0.0592
1078 1415 0.0097
1078 3003 0.0698
1078 2974 0.0584
1079 2412 0.0583
1079 2807 0.1468
1079 1235 0.0476
1080 1843 0.103
1081 1230 0.2712
1082 1967 0.3247
1082 2144 0.2009
1083 2218 0.114
1084 2340 0.0849
1084 1591 0.0595
1085 1477 0.0494
1085 2228 0.094
1085 2356 0.0556
1086 2621 0.0649
1086 1796 0.1369
1086 1648 0.074
1087 1618 0.1317
1088 1887 0.2418
1089 1171 0.1015
1090 1202 0.366
1091 1941 0.069
1092 1179 0.0121
1092 1556 0.2452
1093 2349 0.1172
1093 1780 0.2197
1093 2049 0.0287
1094 2394 0.0552
1094 1204 0.0508
1095 1446 0.0193
1095 2440 0.1306
1095 2950 0.3379
1096 3087 0.1299
1096 1977 0.1985
1096 2515 0.1054
1096 1819 0.1747
1097 1891 0.1104
1097 1901 0.0954
1098 2524 0.0613
1098 2456 0.0428
1099 1628 0.1083
1100 2531 0.2544
1100 2311 0.0279
1100 1375 0.6356
1102 3100 0.1295
1102 2521 0.0515
1103 1936 0.0841
1103 1413 0.044
1103 2010 0.0299
1103 2338 0.2674
1104 2080 0.1145
1105 1314 0.0575
1106 2194 0.1198
1107 2435 0.1817
1108 3041 0.1225
1109 1570 0.0405
1109 3067 0.037
1110 1903 0.1179
1110 1490 0.1153
1110 2732 0.1076
1110 2829 0.0262
1110 2836 0.2715
1111 1766 0.213
1111 2067 0.0331
1111 2090 0.0949
1112 1478 0.0977
1113 1508 0.3536
1113 1951 0.1997
1115 2228 0.0575
1115 2889 0.0945
1115 2925 0.0914
1115 2461 0.0276
1115 1234 0.0925
1116 1603 0.1203
1116 2484 0.1202
1116 2156 0.2309
1117 1872 0.0663
1118 2676 0.0801
1119 2508 0.2372
1119 1347 0.0901
1119 3141 0.1358
1120 1158 0.1714
1120 1750 0.0311
1120 1640 0.1708
1121 2501 0.0275
1121 1945 0.1443
1122 2497 0.1675
1123 1936 0.0663
1123 1627 0.0962
1124 1596 0.1615
1124 2373 0.1862
1124 1969 0.178
1125 2109 0.0668
1125 3193 0.2224
1126 1906 0.0396
1126 3137 0.1666
1127 1465 0.0455
1127 2537 0.1973
1129 2199 0.1197
1129 1538 0.0449
1129 1965 0.1431
1130 2130 0.2324
1130 1743 0.0568
1130 3129 0.1466
1130 2079 0.013
1131 2802 0.0833
1131 2653 0.1901
1132 2435 0.1073
1133 1770 0.1762
1133 1963 0.0174
1134 3158 0.0765
1135 3002 0.0635
1135 2232 0.1595
1136 1656 0.1142
1136 2582 0.091
1137 1656 0.2557
1137 1498 0.1159
1137 2955 0.0322
1138 3084 0.0659
1138 1963 0.2881
1138 1425 0.0693
1138 2553 0.0852
1139 3107 0.0558
1139 3194 0.0972
1139 2556 0.154
1139 3085 0.0543
1140 1931 0.1986
1142 2895 0.1344
1142 2324 0.0903
1143 2256 0.2631
1143 2009 0.2604
1143 1322 0.0578
1143 2122 0.065
1143 2978 0.1436
1144 3003 0.1323
1146 2905 0.2431
1146 2104 0.024
1146 2648 0.0295
1147 1687 0.3985
1147 2886 0.0756
1148 2082 0.0848
1149 2373 0.0768
1149 3127 0.071
1149 1927 0.0903
1149 1955 0.174
1149 3170 0.1117
1150 2679 0.1719
1151 2620 0.1226
1152 2813 0.1018
1153 1244 0.1416
1153 3072 0.1242
1153 2073 0.0408
1154 2708 0.2352
1155 2834 0.0722
1155 2566 0.0415
1155 1468 0.0564
1155 2974 0.2432
1155 2949 0.0453
1156 1315 0.0486
1156 2631 0.2995
1157 1783 0.068
1158 1301 0.0243
1159 1853 0.1046
1159 2672 0.1963
1159 2945 0.0361
1160 2693 0.1078
1160 2457 0.0173
1160 2314 0.0307
1160 2179 0.0911
1160 2898 0.6217
1162 1712 0.0423
1164 2868 0.0403
1164 1531 0.0954
1165 2852 0.0101
1165 1408 0.144
1165 2426 0.0512
1166 1544 0.0801
1167 1778 0.1649
1167 2190 0.0707
1168 1181 0.1216
1170 2337 0.0365
1170 1312 0.0578
1174 1218 0.2055
1174 2263 0.1576
1174 2562 0.0477
1175 1786 0.0814
1175 2234 0.124
1176 1949 0.0721
1176 2769 0.019
1177 1936 0.1144
1178 2057 0.1246
1178 1500 0.0567
1179 1455 0.1114
1179 1509 0.1363
1180 2368 0.3113
1180 2909 0.3289
1181 2217 0.063
1181 2508 0.0461
1182 3024 0.1005
1182 2779 0.1467
1182 2104 0.1297
1182 1249 0.1419
1182 2566 0.0662
1183 2227 0.0709
1183 1321 0.1924
1183 2734 0.0358
1184 2396 0.1904
1185 2236 0.0655
1185 1234 0.1826
1186 1506 0.1434
1187 1818 0.0428
1188 2709 0.0531
1189 1707 0.0314
1189 2131 0.0763
1189 1727 0.2837
1189 1745 0.2021
1189 2237 0.0956
1189 1838 0.0829
1190 2844 0.0352
1190 1915 0.1133
1191 2980 0.0699
1191 2040 0.0337
1191 3072 0.1136
1192 1595 0.2332
1194 2500 0.2646
1194 3114 0.0017
1194 3017 0.078
1195 2123 0.0157
1195 1377 0.0407
1195 2049 0.2084
1195 2881 0.0343
1195 2820 0.1244
1196 1579 0.0355
1197 2826 0.0093
1198 2329 0.0747
1199 1821 0.1618
1199 1461 0.1011
1199 2230 0.0543
1199 2907 0.108
1200 1513 0.0868
1200 2249 0.2433
1200 3088 0.1112
1200 1311 0.1125
1200 1274 0.1269
1200 3175 0.2863
1202 3081 0.1552
1202 1429 0.0256
1202 1422 0.1814
1203 1749 0.2874
1203 1833 0.0558
1203 2159 0.1704
1204 3130 0.0901
1205 2941 0.0647
1205 1459 0.0427
1207 2444 0.1528
1207 1975 0.1502
1209 2857 0.1046
1209 2807 0.0406
1209 2055 0.0386
1209 1649 0.1862
1210 1844 0.0394
1210 2434 0.0123
1210 2185 0.1342
1211 2749 0.0503
1211 2523 0.0375
1212 3167 0.2009
1212 2996 0.0171
1213 1248 0.212
1214 2001 0.0442
1214 1371 0.1577
1215 1629 0.1801
1215 2932 0.0169
1216 1902 0.0901
1216 2045 0.2051
1217 2692 0.1286
1217 3055 0.0889
1218 3061 0.0924
1218 1835 0.0808
1220 2702 0.0856
1220 1957 0.0086
1220 2918 0.1176
1221 2639 0.1377
1221 2838 0.044
1221 2060 0.1081
1222 1403 0.0638
1222 1259 0.1167
1222 1893 0.0088
1223 1869 0.0373
1224 2421 0.2202
1224 1891 0.0494
1225 2981 0.0265
1226 2371 0.191
1226 2895 0.1048
1226 1683 0.0314
1226 2238 0.0554
1228 2061 0.0139
1228 2257 0.0934
1229 2943 0.1482
1230 3189 0.1194
1231 2272 0.0775
1231 2001 0.1237
1231 2760 0.0672
1232 2760 0.1834
1233 2566 0.0514
1233 1791 0.0718
1233 1683 0.2765
1235 2002 0.1883
1235 1660 0.4434
1235 2519 0.078
1236 1811 0.0441
1237 2328 0.0515
1238 1851 0.2314
1238 1257 0.0579
1238 2161 0.243
1238 2675 0.0475
1240 2428 0.1734
1240 2201 0.197
1240 2714 0.2275
1241 2246 0.0262
1241 2577 0.0461
1241 2954 0.0196
1241 2367 0.1836
1242 3169 0.0665
1242 2988 0.0476
1242 3015 0.0288
1242 2995 0.1221
1242 2390 0.0595
1243 1859 0.0213
1243 1542 0.1094
1243 1247 0.2862
1243 2387 0.1209
1243 3170 0.0059
1244 3138 0.073
1244 1777 0.0623
1244 2187 0.3437
1244 1834 0.1043
1245 2402 0.1926
1245 3075 0.0914
1245 2113 0.0178
1246 1514 0.2724
1246 2396 0.096
1246 3070 0.1629
1247 2271 0.182
1247 1456 0.0502
1248 1565 0.0632
1250 1811 0.1655
1250 2912 0.0603
1250 1349 0.0502
1250 2084 0.0578
1250 2254 0.0533
1251 1322 0.0845
1251 1716 0.0421
1251 1646 0.1612
1253 1739 0.1399
1254 1593 0.1417
1254 1446 0.0206
1254 1847 0.1748
1254 1367 0.3201
1257 2887 0.0717
1258 2402 0.0599
1258 1795 0.1702
1258 2716 0.0597
1259 1531 0.067
1259 2111 0.1726
1260 1772 0.3213
1260 2894 0.1241
1260 1528 0.0849
1261 2107 0.1088
1263 2137 0.317
1263 1817 0.122
1263 2828 0.0525
1263 1912 0.0775
1264 2273 0.1042
1265 2562 0.0094
1265 2743 0.0603
1266 2803 0.035
1266 2805 0.1073
1267 2560 0.1349
1267 2774 0.082
1267 2845 0.1681
1268 2388 0.0473
1268 1487 0.0564
1268 1319 0.0453
1268 1515 0.1719
1268 1758 0.1337
1269 2048 0.2354
1271 2863 0.0607
1271 1637 0.1217
1272 2033 0.4175
1272 2393 0.2641
1274 1430 0.0858
1275 1416 0.2751
1275 1370 0.1072
1276 3089 0.2273
1277 1766 0.1387
1277 2536 0.1258
1278 1772 0.1036
1279 2448 0.0785
1279 1876 0.0694
1280 3105 0.4378
1281 1827 0.0078
1281 1535 0.0746
1281 2316 0.3121
1283 2881 0.0759
1284 1401 0.2116
1284 2222 0.0597
1285 1391 0.1127
1285 2188 0.05
1287 1654 0.0321
1287 2006 0.2868
1288 1603 0.0517
1289 2111 0.4618
1289 2364 0.0877
1289 3148 0.0532
1289 2149 0.1288
1289 2573 0.0292
1290 2354 0.1112
1290 1722 0.0216
1290 2795 0.0233
1291 2617 0.0367
1291 1807 0.0998
1291 2850 0.0674
1291 1499 0.052
1292 2111 0.0335
1292 2564 0.2863
1292 1674 0.1644
1292 2313 0.0764
1293 1619 0.0392
1293 2682 0.2063
1293 1779 0.0596
1293 1668 0.2602
1294 2263 0.158
1294 1469 0.091
1294 2234 0.2022
1294 1763 0.1658
1294 2313 0.04
1295 2857 0.2602
1295 2632 0.0779
1295 2867 0.0742
1295 1545 0.0278
1296 3191 0.0526
1296 2787 0.0956
1296 1482 0.0286
1296 1369 0.0636
1298 1412 0.1535
1298 2262 0.1007
1300 2500 0.0595
1300 2415 0.0684
1300 3000 0.0995
1300 1410 0.0408
1301 1670 0.0216
1301 1536 0.0645
1301 2068 0.0985
1301 2290 0.2339
1302 2193 0.0938
1302 2268 0.1093
1302 2505 0.3557
1303 2420 0.155
1303 2594 0.2839
1304 3005 0.1391
1306 2475 0.0648
1306 2607 0.3944
1307 3064 0.0582
1308 1486 0.2918
1308 1782 0.0142
1309 2969 0.1638
1309 3092 0.1273
1309 1986 0.0326
1310 2790 0.1041
1311 1408 0.236
1311 2674 0.2393
1311 1463 0.1515
1312 2372 0.0256
1313 1782 0.4095
1313 2467 0.1098
1314 2930 0.1156
1314 2758 0.0858
1315 3055 0.0438
1315 3156 0.1894
1316 2389 0.0955
1316 1981 0.0645
1317 2859 0.2242
1317 2379 0.0516
1318 2460 0.2967
1318 1739 0.0653
1318 2655 0.278
1319 2465 0.181
1319 2404 0.1153
1319 2107 0.0257
1320 1668 0.1293
1320 2601 0.0832
1320 2395 0.1997
1320 2240 0.1197
1321 2883 0.1975
1321 1376 0.1065
1321 1732 0.0362
1322 2260 0.1264
1323 1936 0.2531
1323 1344 0.0186
1323 1868 0.0842
1323 2830 0.0948
1324 1680 0.0606
1324 1722 0.0773
1325 2486 0.5504
1325 2313 0.0468
1325 1570 0.0301
1327 1577 0.0361
1328 2253 0.21
1328 1965 0.4441
1328 2662 0.2363
1330 3121 0.0436
1330 3085 0.1884
1331 1800 0.0499
1331 2996 0.0675
1331 2353 0.1052
1331 2714 0.0609
1331 1419 0.1788
1333 1532 0.0788
1333 1837 0.091
1334 1807 0.0969
1334 3011 0.0819
1334 1992 0.0764
1335 2528 0.3274
1336 2861 0.1113
1336 1421 0.0591
1336 1769 0.2772
1337 2569 0.1144
1338 3122 0.0269
1338 1393 0.0352
1339 2756 0.0793
1339 2921 0.0644
1340 2736 0.9407
1342 2975 0.0548
1342 2457 0.1961
1342 1676 0.0521
1343 3196 0.0727
1343 3037 0.1442
1344 1786 0.0633
1344 1846 0.1112
1345 2181 0.0566
1346 1722 0.0323
1346 3067 0.1244
1347 2309 0.0974
1347 1843 0.1852
1348 2092 0.0132
1348 1753 0.2649
1349 3078 0.0522
1350 1524 0.0879
1350 2469 0.1989
1350 2432 0.1274
1351 1962 0.366
1351 3072 0.0422
1355 2401 0.1915
1355 1490 0.084
1356 2087 0.043
1357 1371 0.0524
1357 2641 0.0219
1357 1841 0.1273
1357 3105 0.0715
1358 2638 0.1061
1358 1394 0.1079
1359 1898 0.1233
1360 1925 0.2311
1360 2387 0.2891
1361 1909 0.3274
1361 1517 0.0611
1361 2574 0.0624
1362 2295 0.1121
1362 2027 0.0381
1363 1450 0.0573
1363 3050 0.0559
1363 1445 0.3603
1364 2287 0.1032
1364 3160 0.0657
1364 2454 0.0475
1364 1732 0.2534
1365 1920 0.2647
1365 2250 0.2215
1366 2648 0.178
1366 1794 0.0798
1366 2356 0.1074
1366 2047 0.1947
1367 2764 0.0813
1368 2197 0.2203
1368 2277 0.1056
1368 2577 0.0783
1369 1619 0.0986
1370 1957 0.2212
1375 1466 0.3105
1376 1845 0.0649
1377 2499 0.1083
1377 3024 0.1146
1378 2766 0.1879
1378 2122 0.2611
1378 3190 0.2037
1378 2534 0.0302
1379 2793 0.3259
1379 3039 0.1893
1379 2228 0.2735
1379 1993 0.0747
1379 2573 0.0893
1380 2576 0.0554
1380 2948 0.0453
1381 1721 0.1819
1382 3074 0.1678
1382 2928 0.0956
1382 1859 0.0634
1383 2498 0.1999
1383 2094 0.0832
1384 2895 0.0766
1384 1672 0.1016
1384 1937 0.0769
1385 2442 0.2407
1386 3089 0.1503
1386 2330 0.1995
1388 1716 0.0448
1389 2795 0.2465
1389 2717 0.062
1391 2003 0.3486
1391 1485 0.0768
1392 1953 0.0285
1393 2629 0.2292
1393 2999 0.1046
1393 1544 0.108
1394 1972 0.1439
1394 2189 0.0347
1395 2924 0.1879
1396 2999 0.0536
1397 2014 0.1668
1397 2328 0.037
1397 2580 0.1494
1398 2828 0.0525
1398 2128 0.1223
1398 2555 0.4072
1399 1417 0.101
1399 1821 0.0015
1400 2801 0.1651
1400 3134 0.007
1401 1768 0.0042
1401 2481 0.1179
1402 2186 0.1089
1402 2022 0.1416
1403 2670 0.0427
1403 2316 0.1601
1404 2419 0.1841
1405 3004 0.1179
1405 2866 0.0588
1405 2655 0.0419
1406 1906 0.1242
1406 1559 0.0517
1407 3029 0.0403
1408 2845 0.1002
1409 2961 0.142
1409 2116 0.1998
1410 2765 0.0627
1410 2427 0.0153
1410 2795 0.0172
1411 1727 0.0795
1411 2826 0.0446
1411 2671 0.1028
1412 3138 0.1015
1413 2930 0.1176
1413 2245 0.0759
1414 2414 0.0342
1414 3028 0.192
1414 1673 0.13
1414 1506 0.0551
1415 2022 0.1127
1417 1650 0.0618
1417 1663 0.0985
1418 2597 0.0481
1419 3162 0.1466
1420 2855 0.1816
1420 2973 0.0459
1420 2271 0.0837
1421 2108 0.0549
1421 2171 0.2958
1422 2599 0.0367
1422 2573 0.0999
1422 1620 0.3145
1423 2275 0.0774
1423 2621 0.0658
1424 2232 0.0716
1425 2749 0.1867
1425 2255 0.0204
1426 1692 0.048
1426 1589 0.1639
1427 1849 0.023
1427 1540 0.0411
1427 2103 0.0821
1427 1692 0.0782
1428 1823 0.1288
1428 1737 0.2276
1428 2533 0.0368
1428 2856 0.0776
1429 1431 0.047
1429 2789 0.1102
1429 2880 0.0375
1430 2946 0.0806
1431 2206 0.1512
1431 3106 0.0235
1432 3056 0.032
1433 2748 0.0949
1434 2279 0.1165
1434 2584 0.1343
1435 2823 0.1013
1436 3129 0.2025
1436 2456 0.2203
1436 1713 0.3013
1436 2273 0.086
1437 2187 0.0273
1437 2938 0.1012
1437 1962 0.0688
1438 1580 0.0493
1438 2066 0.2246
1439 1960 0.0792
1439 1995 0.2443
1441 3171 0.1422
1441 2240 0.0692
1441 2324 0.1205
1441 1787 0.0583
1443 2472 0.0385
1443 2334 0.0718
1444 2493 0.2014
1444 2558 0.0161
1444 1737 0.1757
1444 2211 0.2108
1445 2782 0.1616
1445 2306 0.1562
1446 2552 0.1255
1447 2296 0.1694
1447 2416 0.0666
1449 2606 0.1102
1449 3023 0.1634
1450 2659 0.0469
1450 2935 0.0464
1451 2236 0.0861
1451 1793 0.0572
1452 3198 0.0614
1453 1486 0.0479
1453 2121 0.158
1453 1652 0.0871
1453 2638 0.0376
1455 2605 0.0617
1455 2326 0.1312
1455 2911 0.1532
1457 1813 0.013
1457 2319 0.0864
1457 1479 0.0443
1458 2695 0.2029
1458 2153 0.0897
1459 3170 0.0145
1459 2457 0.085
1459 2097 0.1276
1460 1852 0.0329
1460 2450 0.1961
1460 1483 0.2005
1460 1974 0.017
1462 3150 0.2328
1462 2325 0.1254
1462 1728 0.0312
1464 1759 0.177
1465 1693 0.0693
1465 2123 0.098
1466 3054 0.0683
1467 2113 0.0706
1467 2428 0.1234
1468 2877 0.1896
1468 1632 0.2004
1469 1614 0.155
1470 2307 0.1055
1471 1605 0.0714
1471 1529 0.0729
1471 1908 0.0882
1471 3104 0.3475
1471 1762 0.0752
1472 2310 0.0316
1472 1688 0.0308
1472 1682 0.0429
1473 2577 0.1087
1474 2106 0.0658
1474 2013 0.2495
1476 2334 0.0378
1476 2456 0.0412
1477 2488 0.1333
1479 1674 0.1054
1479 2248 0.2478
1480 2168 0.0376
1480 2295 0.0911
1480 2256 0.1442
1480 3027 0.0671
1481 2854 0.0928
1481 1751 0.0633
1481 3147 0.0448
1482 2612 0.1012
1483 2417 0.2308
1484 1988 0.3073
1485 2214 0.0835
1485 3037 0.0506
1486 1698 0.1321
1486 1977 0.1474
1487 2982 0.0254
1488 2197 0.0986
1488 1537 0.1505
1488 2428 0.1461
1489 2971 0.0601
1490 2953 0.0472
1490 1609 0.0301
1492 2539 0.0897
1492 2418 0.0182
1493 3011 0.0184
1493 3001 0.0314
1493 1805 0.0844
1493 2378 0.0372
1493 2897 0.0344
1494 2495 0.0271
1495 2140 0.0956
1495 2094 0.0602
1496 3190 0.2486
1497 2360 0.0398
1497 1741 0.2376
1497 2722 0.1083
1497 1882 0.0489
1497 1881 0.1472
1498 2542 0.1534
1498 1542 0.0531
1499 2996 0.0517
1499 2718 0.0913
1500 2154 0.125
1500 3152 0.0449
1500 2915 0.0192
1502 1594 0.1262
1502 2223 0.0956
1502 2199 0.2469
1502 2854 0.0452
1504 2618 0.0549
1504 2050 0.1614
1507 2485 0.5279
1508 1963 0.2528
1509 3101 0.5483
1509 2413 0.0765
1509 1901 0.1444
1510 2767 0.1266
1510 1662 0.12
1511 2290 0.0738
1511 2600 0.2118
1512 2439 0.0716
1512 2737 0.0792
1513 1856 0.1416
1514 2228 0.0608
1514 3133 0.0948
1515 2473 0.1411
1515 2323 0.0849
1515 2842 0.1061
1515 2038 0.1088
1516 2443 0.0318
1518 3082 0.0281
1518 2177 0.2972
1519 1833 0.1524
1519 2123 0.191
1519 1634 0.2442
1520 2839 0.109
1520 2392 0.1191
1521 1952 0.093
1522 1697 0.1598
1522 1705 0.1316
1523 2069 0.0764
1523 2967 0.1557
1523 2979 0.0201
1523 1819 0.0837
1525 1799 0.022
1525 1806 0.1031
1525 3022 0.0387
1525 1860 0.091
1525 2072 0.0936
1525 1863 0.0343
1526 2282 0.0554
1526 3177 0.0449
1527 2282 0.0255
1527 2676 0.1455
1528 1887 0.1329
1528 2639 0.0216
1529 2608 0.0583
1531 2728 0.0783
1532 2870 0.1175
1532 2807 0.1348
1532 2264 0.1249
1532 2051 0.1752
1533 1849 0.0318
1535 2018 0.169
1536 2597 0.0816
1536 2508 0.0544
1536 1729 0.0668
1536 3045 0.0842
1537 2049 0.0833
1537 1938 0.093
1537 1669 0.1142
1537 1853 0.207
1538 2637 0.233
1538 2620 0.0266
1539 2700 0.1285
1539 2749 0.0655
1541 2171 0.1135
1541 2822 0.0284
1542 2522 0.0723
1542 2373 0.3378
1542 2468 0.0083
1543 1547 0.208
1543 1965 0.1262
1543 1622 0.0419
1544 1772 0.1268
1545 2748 0.0622
1547 2942 0.1299
1547 2932 0.0881
1547 2307 0.0488
1547 2428 0.1434
1548 2868 0.044
1549 2086 0.0649
1549 2649 0.1542
1550 1958 0.2098
1551 2922 0.2884
1551 2354 0.0728
1551 2993 0.0542
1552 2750 0.1991
1552 2411 0.1286
1553 2931 0.1038
1553 2605 0.0221
1554 2979 0.1354
1555 1786 0.2099
1556 1828 0.0524
1557 2961 0.1704
1557 2217 0.2388
1557 3054 0.2032
1557 2157 0.1453
1558 2184 0.0881
1558 1939 0.2111
1559 3190 0.2266
1560 2244 0.4016
1561 2712 0.0788
1561 2611 0.2647
1564 1699 0.0436
1564 2600 0.0827
1566 2112 0.1453
1567 1963 0.1252
1567 2095 0.0539
1569 1668 0.3336
1569 3065 0.0703
1570 1624 0.0152
1570 2161 0.0845
1572 1868 0.4246
1574 2788 0.0802
1574 2927 0.1086
1574 1828 0.0337
1576 2754 0.0345
1578 1956 0.0733
1579 2920 0.0283
1580 2351 0.3094
1580 2266 0.2187
1580 2466 0.1613
1580 2155 0.0293
1581 2637 0.1943
1581 2706 0.1282
1581 3198 0.3365
1582 1826 0.1045
1584 2854 0.0909
1584 2218 0.0198
1585 2280 0.1703
1587 2925 0.068
1587 2649 0.2272
1589 2398 0.1523
1589 2403 0.0372
1589 3044 0.0693
1590 2046 0.0842
1591 2129 0.1833
1591 1936 0.1174
1591 2032 0.1236
1591 2415 0.2762
1593 2035 0.1634
1594 2716 0.1152
1595 2649 0.125
1595 2913 0.2487
1595 2332 0.1743
1596 2241 0.3673
1596 1774 0.2826
1597 2142 0.2303
1599 2949 0.1905
1599 3046 0.036
1599 2298 0.0228
1600 2124 0.1303
1600 1700 0.0954
1600 1950 0.1504
1600 1807 0.0631
1601 2006 0.1597
1601 1777 0.0893
1602 3044 0.1026
1603 2036 0.1604
1603 2174 0.0514
1603 2403 0.1952
1604 2080 0.0653
1605 2993 0.2544
1607 2274 0.0233
1611 1899 0.0686
1611 2066 0.0567
1612 3086 0.3611
1613 2049 0.0952
1614 2173 0.1026
1614 2017 0.0386
1615 2586 0.0472
1615 2216 0.1457
1615 3076 0.0556
1615 1619 0.2337
1617 1748 0.0851
1617 1942 0.0296
1617 2031 0.2264
1617 1935 0.1186
1617 2018 0.1693
1617 2902 0.1644
1618 2077 0.0595
1618 2556 0.0642
1619 2330 0.0426
1619 3166 0.1305
1620 1814 0.0613
1620 2623 0.3753
1622 2207 0.1052
1622 3180 0.3935
1622 1883 0.0608
1622 2352 0.0561
1623 2823 0.0975
1623 2485 0.0134
1624 2455 0.0419
1624 3153 0.0574
1625 2861 0.5408
1625 3033 0.0342
1626 2617 0.1934
1626 2053 0.0464
1627 3084 0.1622
1628 2763 0.0752
1628 2155 0.1185
1628 1694 0.1869
1629 2608 0.0541
1630 2423 0.0409
1630 2473 0.1028
1631 2987 0.1505
1631 2844 0.1911
1631 2980 0.119
1632 3167 0.085
1632 1654 0.156
1633 3135 0.0937
1635 3031 0.062
1635 1842 0.158
1637 3132 0.1726
1638 1726 0.1059
1638 3101 0.3487
1638 1771 0.1194
1638 2607 0.0704
1639 2338 0.1257
1639 1867 0.2315
1639 1700 0.0076
1640 2471 0.0268
1640 1836 0.1287
1641 2399 0.1399
1641 2342 0.4712
1642 2633 0.1956
1642 1959 0.2058
1642 2954 0.1425
1642 2794 0.0555
1643 2878 0.1613
1644 1795 0.0618
1645 2443 0.0238
1645 2633 0.0543
1645 1920 0.0306
1646 2503 0.3647
1648 2732 0.1224
1648 1899 0.0451
1649 2274 0.0632
1650 2729 0.0724
1651 1835 0.3475
1651 2302 0.077
1652 1835 0.0425
1652 2330 0.0405
1652 2038 0.0421
1653 2062 0.0434
1653 1984 0.1031
1653 2555 0.0399
1653 2806 0.0611
1654 2610 0.0494
1656 2444 0.1206
1657 2089 0.0171
1657 3076 0.2983
1658 2875 0.0653
1658 2153 0.1978
1659 2793 0.1903
1659 2879 0.185
1660 2606 0.0989
1661 2911 0.0892
1662 2661 0.3016
1663 1713 0.0941
1664 2882 0.0948
1665 1758 0.0613
1666 1922 0.1877
1666 1729 0.0595
1667 2966 0.074
1668 1900 0.0503
1668 1877 0.2443
1668 2422 0.0608
1669 2396 0.0683
1669 3180 0.1282
1669 2824 0.0511
1671 2981 0.1515
1672 2264 0.1645
1673 2084 0.2046
1675 1929 0.0391
1676 2554 0.0873
1676 2516 0.3082
1676 2821 0.2937
1677 2626 0.1413
1677 1919 0.085
1677 1696 0.0484
1678 2884 0.0898
1678 2589 0.0867
1679 2626 0.062
1680 2741 0.0415
1680 3157 0.237
1682 1883 0.063
1683 1843 0.1776
1684 1959 0.0888
1684 2515 0.0806
1684 3151 0.2559
1684 3087 0.0307
1686 2545 0.1277
1689 2084 0.3023
1689 2655 0.1019
1689 1774 0.2047
1690 2706 0.0236
1691 2946 0.0741
1691 2932 0.006
1692 2889 0.0893
1692 2630 0.0113
1693 2540 0.1754
1694 2199 0.0801
1696 3153 0.1503
1696 1848 0.0393
1697 2110 0.1905
1697 2890 0.0379
1698 2038 0.1135
1699 2736 0.083
1699 2824 0.0118
1699 2552 0.1586
1700 3148 0.0687
1700 2375 0.3652
1700 2829 0.2221
1700 3062 0.0659
1703 1725 0.163
1704 2662 0.107
1704 2655 0.1021
1705 2511 0.0787
1706 2744 0.0646
1707 3060 0.2336
1708 2128 0.0461
1712 3195 0.1678
1713 2843 0.098
1713 2042 0.1434
1714 2087 0.0645
1714 1733 0.0851
1714 2361 0.0393
1715 2194 0.1864
1715 2387 0.0483
1715 2228 0.029
1715 3108 0.1427
1717 2595 0.0848
1718 2111 0.085
1718 2128 0.1685
1719 2327 0.0288
1719 3078 0.1673
1720 2447 0.0818
1720 3016 0.1029
1721 2825 0.1011
1721 2419 0.0443
1722 2672 0.2083
1722 2275 0.0812
1723 1953 0.0588
1723 1758 0.0428
1724 2121 0.1351
1724 2371 0.0352
1724 2725 0.1891
1725 2077 0.0451
1726 1766 0.0893
1727 1772 0.0509
1728 2586 0.0504
1729 2038 0.1017
1729 2414 0.0634
1730 2663 0.0903
1730 2947 0.0561
1731 1961 0.2852
1731 2499 0.0795
1731 2209 0.1852
1732 2655 0.0272
1732 2779 0.0971
1732 2804 0.0283
1733 3111 0.1717
1733 2163 0.0681
1733 2091 0.2729
1734 3122 0.034
1736 2057 0.1107
1737 2110 0.1877
1737 2347 0.098
1738 2448 0.1356
1740 3024 0.097
1742 2252 0.0938
1743 3178 0.0935
1743 2448 0.063
1745 1838 0.2281
1746 1859 0.0711
1747 2608 0.0429
1747 2126 0.1047
1751 1761 0.1127
1751 1979 0.0167
1752 1984 0.0062
1752 2994 0.1265
1753 3050 0.0647
1754 2553 0.1936
1755 2744 0.0709
1755 2199 0.0521
1755 2031 0.1186
1757 2751 0.1141
1757 2241 0.431
1757 2608 0.1558
1758 2745 0.0913
1758 2580 0.1188
1759 2278 0.015
1760 2363 0.3074
1760 2826 0.1786
1761 2837 0.0223
1761 2355 0.0278
1764 2549 0.1406
1765 2999 0.1305
1766 2623 0.2184
1767 2551 0.0577
1767 2432 0.1828
1768 2130 0.1313
1768 1988 0.0472
1770 2604 0.1106
1770 1890 0.1323
1771 2725 0.014
1771 2014 0.0429
1772 2287 0.0523
1773 2825 0.0411
1776 2043 0.4094
1778 2772 0.0162
1779 2089 0.0938
1781 2403 0.0323
1781 3103 0.3117
1781 2616 0.0527
1782 2777 0.1165
1782 2753 0.0251
1783 2795 0.1532
1783 3168 0.0533
1786 3190 0.1239
1787 2514 0.2502
1790 2278 0.0409
1790 2010 0.2589
1791 2719 0.118
1791 3103 0.0335
1792 3145 0.1449
1792 2911 0.1154
1793 3158 0.364
1793 3162 0.218
1796 3042 0.0391
1797 2924 0.631
1797 2326 0.1177
1798 3060 0.0656
1799 3015 0.0708
1801 2180 0.0519
1801 1852 0.0728
1802 2484 0.0788
1803 2931 0.1
1803 2370 0.1722
1804 2274 0.0537
1805 2863 0.2231
1806 2327 0.1484
1806 2960 0.2465
1806 3059 0.0195
1807 2354 0.0056
1807 2966 0.1582
1808 2134 0.0134
1808 2020 0.2587
1808 2018 0.2133
1809 3086 0.0937
1810 2718 0.3675
1811 1992 0.0202
1811 2725 0.0769
1811 2656 0.0482
1812 2330 0.1862
1813 2503 0.1049
1813 3055 0.076
1814 2402 0.064
1814 2105 0.1785
1814 3095 0.0208
1814 1950 0.0277
1814 2889 0.0329
1814 2475 0.0556
1814 2771 0.2984
1815 2689 0.2712
1815 2825 0.0698
1817 2434 0.0738
1817 2466 0.0125
1817 3070 0.043
1819 2645 0.1405
1819 1863 0.0146
1820 3192 0.1952
1820 3020 0.3117
1821 1839 0.0786
1821 2883 0.2028
1822 2151 0.1346
1822 2662 0.0375
1823 2193 0.1055
1823 2886 0.0753
1824 2464 0.1743
1825 3185 0.1278
1826 2864 0.0591
1826 1925 0.1442
1829 2320 0.1007
1829 2809 0.072
1833 2949 0.158
1834 2405 0.0352
1835 2638 0.0852
1839 3015 0.1118
1843 1916 0.1503
1843 3199 0.0448
1844 3178 0.1353
1844 1949 0.1177
1847 2328 0.0771
1847 2457 0.1744
1847 2170 0.0881
1849 2193 0.0685
1850 2388 0.0446
1852 2400 0.0577
1852 2889 0.0279
1854 2792 0.0454
1855 2773 0.1952
1856 2073 0.0659
1859 2334 0.197
1859 2696 0.0901
1860 2684 0.1496
1861 2911 0.1418
1862 2864 0.03
1863 2764 0.0357
1863 3127 0.3088
1863 2977 0.1873
1865 2061 0.0737
1866 2900 0.1358
1866 2433 0.3029
1866 2990 0.2704
1866 1892 0.1245
1867 2709 0.1672
1868 2997 0.1487
1868 3090 0.0575
1870 3053 0.1554
1870 3197 0.1831
1871 2166 0.1007
1871 2753 0.0481
1872 2007 0.1502
1874 1975 0.0818
1874 1902 0.1626
1875 2882 0.0225
1875 2318 0.0034
1876 2624 0.076
1876 2593 0.0305
1877 2912 0.1051
1879 2398 0.0368
1880 2862 0.1418
1880 1916 0.052
1881 2066 0.4769
1883 2561 0.0918
1883 2768 0.0214
1884 2186 0.1371
1884 1914 0.1208
1884 3145 0.2093
1884 2984 0.18
1885 2130 0.0651
1885 2553 0.3486
1886 2560 0.2491
1886 2425 0.1688
1886 1940 0.0439
1887 2416 0.1985
1890 2758 0.1898
1893 3150 0.1502
1894 2406 0.1526
1894 2459 0.2116
1895 2039 0.0317
1896 2207 0.0753
1896 3076 0.0918
1897 1941 0.3066
1897 2706 0.0277
1898 2913 0.1128
1898 3005 0.0739
1899 1920 0.0946
1899 2090 0.1237
1900 2558 0.0284
1900 2853 0.0268
1901 2581 0.3942
1902 2356 0.0438
1902 2586 0.0773
1903 2805 0.09
1905 2997 0.0923
1906 2900 0.0161
1907 3153 0.1667
1907 2159 0.1005
1908 2806 0.132
1908 2327 0.1054
1910 3001 0.0631
1910 3038 0.0804
1911 2935 0.1441
1912 2613 0.0613
1914 2826 0.2357
1916 3162 0.1197
1917 3039 0.0596
1918 2808 0.0165
1918 2648 0.0739
1922 2242 0.0424
1923 3091 0.2186
1924 2586 0.0272
1926 2215 0.0614
1929 2072 0.0833
1929 3055 0.2484
1930 3066 0.1223
1930 2941 0.047
1931 2648 0.0536
1931 2807 0.0848
1932 2237 0.2213
1934 2255 0.151
1935 2012 0.1745
1935 3126 0.0737
1935 3128 0.0459
1935 2009 0.2893
1936 2282 0.0922
1937 2661 0.0053
1938 2864 0.047
1938 3062 0.1385
1938 2270 0.0523
1939 3126 0.2824
1940 2785 0.08
1941 2562 0.1491
1941 2207 0.1021
1942 3109 0.277
1944 2741 0.1924
1946 2113 0.0118
1949 2698 0.0989
1949 2581 0.0896
1950 2125 0.1463
1951 2251 0.0474
1952 2270 0.0421
1954 2215 0.11
1954 2691 0.0252
1955 2550 0.1012
1956 2180 0.0883
1958 2393 0.0831
1958 2701 0.0768
1959 2579 0.0591
1959 2245 0.052
1959 2870 0.0604
1959 3015 0.0395
1960 2851 0.0473
1961 3046 0.2
1964 2857 0.0287
1966 2081 0.0269
1967 2191 0.088
1968 2878 0.1653
1969 3011 0.1555
1970 3052 0.1164
1970 3023 0.1317
1970 2195 0.0991
1971 2952 0.0648
1971 2696 0.0607
1973 2758 0.1628
1973 2780 0.1992
1974 2225 0.1716
1975 2874 0.1037
1976 3171 0.3398
1976 2802 0.1568
1978 2535 0.1404
1979 2841 0.1953
1979 2640 0.0206
1980 2616 0.2198
1980 3064 0.1379
1980 2257 0.1453
1982 2734 0.2413
1983 3168 0.1426
1985 3047 0.1887
1986 2639 0.0313
1986 3172 0.0807
1986 2315 0.1857
1986 3096 0.1409
1987 2050 0.0884
1988 3118 0.1984
1994 2108 0.0154
1995 2238 0.0304
1995 2456 0.2552
1996 2574 0.2434
1996 3124 0.2674
1996 3090 0.2771
1997 2673 0.1439
1997 2361 0.0577
1997 2925 0.1228
1998 2753 0.0336
1999 2560 0.0608
2000 2606 0.093
2000 2942 0.1604
2001 2721 0.0507
2002 2246 0.3016
2002 2914 0.1414
2003 2659 0.1535
2004 2273 0.2293
2005 3022 0.1884
2005 2750 0.0773
2005 3099 0.0748
2006 2688 0.1414
2006 2648 0.1411
2007 2056 0.2285
2009 2719 0.2382
2009 2083 0.0104
2010 2365 0.2264
2012 3049 0.2069
2015 3079 0.2967
2015 2533 0.1296
2016 2416 0.0577
2017 2500 0.1748
2017 2933 0.0174
2017 2264 0.0393
2018 2060 0.0648
2019 2918 0.0522
2020 2306 0.1156
2021 2323 0.191
2022 2083 0.0735
2022 2889 0.0917
2024 3195 0.0254
2024 2521 0.0952
2026 2357 0.1603
2027 2808 0.0603
2028 2529 0.0524
2028 2084 0.0606
2029 2786 0.0957
2030 2311 0.085
2032 2570 0.2817
2032 2204 0.0252
2033 2842 0.1657
2034 2896 0.1252
2035 2607 0.1189
2036 3129 0.139
2037 2509 0.0802
2038 2092 0.054
2038 2816 0.1058
2039 2595 0.1432
2039 2911 0.1906
2039 2100 0.0259
2042 2207 0.2553
2043 2219 0.0134
2045 2368 0.1715
2047 2769 0.0208
2047 2929 0.0711
2047 2598 0.0566
2048 2172 0.1962
2048 2700 0.0573
2048 2828 0.0279
2051 2328 0.147
2054 2316 0.2276
2055 3189 0.0895
2055 3071 0.0437
2056 3093 0.086
2056 2980 0.216
2056 2929 0.0817
2057 2134 0.2019
2057 2352 0.059
2058 2758 0.0946
2059 2060 0.0756
2059 3063 0.0566
2059 2292 0.0345
2061 2819 0.0332
2062 2127 0.0784
2065 2317 0.2171
2065 2902 0.1191
2068 3199 0.3098
2068 2725 0.0064
2068 2985 0.149
2068 3144 0.1069
2070 2471 0.1565
2070 2936 0.2277
2071 2273 0.0866
2072 2908 0.0777
2073 2956 0.041
2074 2308 0.0696
2075 2159 0.0891
2076 2540 0.1222
2076 2530 0.0288
2076 2319 0.0577
2078 2554 0.0772
2079 2551 0.0998
2080 2638 0.0173
2081 2680 0.0302
2082 2959 0.1341
2084 2145 0.047
2084 2910 0.0792
2087 2128 0.0733
2091 2330 0.2053
2091 2963 0.1286
2092 3195 0.0343
2093 2098 0.2342
2094 2166 0.0855
2094 2869 0.3847
2094 2735 0.0232
2095 3134 0.0597
2097 2728 0.0439
2102 2302 0.1177
2102 3007 0.0184
2105 2616 0.2201
2108 3149 0.0549
2109 2700 0.0871
2112 2773 0.0259
2112 2202 0.0258
2117 2749 0.055
2118 2808 0.0991
2118 2861 0.1132
2119 3039 0.0503
2120 2646 0.071
2125 3063 0.0614
2125 2149 0.1395
2126 2649 0.0311
2127 2137 0.0402
2127 2558 0.2897
2127 2934 0.0095
2128 2159 0.166
2128 2986 0.2601
2130 2677 0.0335
2131 2861 0.1412
2134 2725 0.0324
2135 3136 0.1874
2136 2401 0.2351
2142 2191 0.0392
2142 2397 0.125
2142 3129 0.1004
2144 2206 0.0214
2145 2936 0.3995
2145 2708 0.1923
2148 2725 0.2462
2148 2784 0.0534
2150 2458 0.0706
2151 2854 0.0495
2152 3044 0.0716
2152 2761 0.0217
2153 2196 0.0865
2153 3022 0.0403
2154 2220 0.1177
2155 2859 0.0848
2155 2985 0.0983
2155 2586 0.1593
2157 3000 0.149
2157 2226 0.189
2158 2184 0.0518
2160 2708 0.0413
2161 3065 0.0354
2164 2540 0.0688
2164 2968 0.101
2166 2347 0.1114
2167 2812 0.0693
2167 2402 0.143
2169 2704 0.089
2171 2470 0.2709
2172 2565 0.1079
2174 3064 0.0151
2177 2383 0.0812
2178 2309 0.1047
2180 3098 0.0457
2180 2653 0.1925
2182 2845 0.0437
2183 2642 0.1321
2184 2802 0.1655
2186 3088 0.0054
2187 2304 0.1993
2188 2726 0.0247
2192 2624 0.0661
2193 2238 0.1814
2194 2963 0.0694
2195 2404 0.0754
2195 2270 0.0435
2197 2875 0.2845
2197 2588 0.092
2197 3197 0.1861
2197 2541 0.0948
2197 2622 0.0863
2200 2464 0.1199
2201 2438 0.0215
2203 3192 0.1096
2203 2204 0.0393
2203 2598 0.0477
2203 2223 0.136
2204 2232 0.0137
2205 2975 0.1942
2206 3003 0.0196
2207 2502 0.1324
2209 2451 0.1359
2209 2577 0.2647
2210 2962 0.0384
2211 2416 0.0836
2212 2490 0.0369
2213 2379 0.2151
2217 3160 0.1779
2218 2764 0.0792
2218 2647 0.0689
2219 2342 0.0726
2219 2948 0.0849
2220 2414 0.0381
2221 3078 0.0503
2221 2729 0.1707
2222 2960 0.0603
2223 2541 0.1087
2224 2268 0.1223
2224 2849 0.1107
2225 2487 0.4217
2228 3001 0.2676
2231 3144 0.0566
2232 2237 0.1136
2232 2501 0.05
2233 3077 0.0841
2233 2693 0.0903
2234 2729 0.312
2234 3052 0.1654
2235 2738 0.1043
2236 2471 0.1021
2236 2796 0.1168
2236 2423 0.0508
2236 2884 0.0409
2239 2552 0.0365
2240 2301 0.1503
2241 3083 0.0654
2241 3038 0.062
2242 2560 0.2077
2242 2888 0.1564
2245 3099 0.1208
2245 2935 0.0652
2246 2670 0.1307
2246 2487 0.1199
2246 2380 0.1501
2246 2387 0.1218
2249 2770 0.0821
2252 3173 0.1018
2255 2405 0.0628
2255 3015 0.0853
2255 2678 0.1629
2257 2946 0.2544
2263 2811 0.0236
2263 3117 0.1385
2263 2323 0.0896
2264 2716 0.2634
2267 2299 0.0524
2268 2514 0.0457
2269 2741 0.1154
2269 3148 0.1078
2275 3195 0.0663
2277 2825 0.1017
2279 2292 0.2894
2280 2308 0.0547
2284 2561 0.1369
2288 3011 0.0298
2288 2412 0.4475
2289 2937 0.4255
2290 2754 0.0306
2290 2435 0.2459
2291 3048 0.018
2293 2929 0.1057
2294 2931 0.0792
2295 3069 0.0647
2295 2633 0.1598
2296 2643 0.15
2296 2957 0.1636
2299 2361 0.0478
2301 3153 0.1889
2302 2967 0.1374
2304 2707 0.0526
2307 3069 0.04
2307 3076 0.2503
2308 3143 0.0491
2308 2947 0.1053
2308 2850 0.0874
2308 3195 0.0208
2309 3118 0.046
2310 2528 0.3576
2310 2494 0.0887
2311 3190 0.1238
2311 2644 0.0525
2312 2395 0.3093
2313 2363 0.0751
2313 2725 0.0626
2314 2497 0.3192
2315 2980 0.087
2317 3072 0.0778
2318 2755 0.0394
2319 3040 0.1228
2323 2622 0.0526
2325 2453 0.147
2325 2659 0.0475
2328 3097 0.1755
2329 2593 0.1474
2329 2454 0.0946
2329 2942 0.1174
2331 2800 0.1038
2331 2614 0.2893
2331 2728 0.1749
2332 2726 0.1072
2334 2384 0.1089
2339 2862 0.0021
2344 3003 0.0611
2344 2479 0.3279
2345 2426 0.0953
2346 3111 0.1132
2351 2814 0.0772
2352 2711 0.1153
2353 2448 0.0917
2354 2411 0.0993
2357 2813 0.6147
2358 3029 0.0519
2361 2562 0.1443
2363 2982 0.257
2364 2462 0.0408
2364 3022 0.1836
2371 2434 0.2164
2373 3094 0.1552
2374 2760 0.2562
2374 2691 0.1409
2374 2821 0.1154
2375 2851 0.1434
2376 3006 0.124
2376 2561 0.0342
2376 2431 0.111
2377 2672 0.326
2377 3108 0.0522
2379 2962 0.0323
2379 2657 0.0988
2383 2554 0.4253
2384 2947 0.1139
2389 2904 0.0848
2392 2776 0.2147
2392 3019 0.1126
2394 2438 0.0824
2394 2959 0.1496
2394 3134 0.2561
2395 2449 0.1169
2396 3040 0.0571
2396 3121 0.1962
2400 2574 0.1537
2401 2645 0.2046
2403 2770 0.2652
2404 2658 0.1397
2407 2636 0.1419
2411 2573 0.0379
2413 2589 0.2398
2414 2601 0.2298
2416 2847 0.013
2416 2573 0.0764
2419 2660 0.1034
2420 2908 0.1371
2421 3105 0.2049
2424 2489 0.1082
2424 3060 0.0814
2425 3151 0.1072
2427 2463 0.25
2428 3166 0.1402
2429 3060 0.0216
2430 2471 0.4569
2436 2944 0.1751
2439 2789 0.1195
2440 2907 0.0435
2447 3054 0.0578
2451 2521 0.3013
2453 2873 0.0861
2454 2511 0.176
2460 2631 0.173
2460 3007 0.2049
2461 3157 0.1093
2463 3120 0.037
2464 2957 0.0491
2464 2825 0.0375
2466 2877 0.2092
2468 3091 0.0467
2468 3118 0.0479
2470 2707 0.0637
2471 3118 0.1285
2471 2832 0.061
2473 2738 0.0323
2475 2663 0.0908
2475 3138 0.1359
2475 2832 0.0768
2476 2915 0.0725
2478 2517 0.0463
2478 2904 0.1185
2479 3032 0.0925
2480 2910 0.1357
2481 2749 0.0628
2481 2750 0.05
2482 2999 0.1619
2483 3025 0.3336
2483 3046 0.0954
2485 3078 0.0206
2488 2705 0.156
2495 2968 0.0191
2496 2507 0.0872
2499 2912 0.2422
2500 3184 0.2894
2502 3129 0.0533
2504 2835 0.1341
2504 2973 0.0848
2504 3092 0.0351
2505 2979 0.0466
2506 2697 0.1169
2507 3011 0.1072
2507 2808 0.0292
2507 2819 0.1193
2508 2741 0.1385
2510 2950 0.0187
2510 2829 0.2986
2511 3068 0.0815
2512 2614 0.0189
2514 2955 0.1482
2519 2657 0.2427
2519 3185 0.045
2520 2787 0.0205
2523 2867 0.0867
2526 3045 0.1737
2528 2863 0.1947
2529 3167 0.0563
2530 2657 0.1065
2538 2985 0.0876
2539 3046 0.2527
2541 2817 0.0868
2541 3031 0.0264
2543 2907 0.0468
2547 2886 0.1324
2547 2649 0.1526
2549 2880 0.1352
2551 2757 0.1137
2553 2667 0.0666
2561 3133 0.0453
2563 2978 0.1254
2564 2628 0.3705
2566 3110 0.0937
2566 2828 0.0477
2567 2782 0.0134
2569 2594 0.0988
2569 2709 0.3831
2570 2657 0.15
2571 3059 0.125
2571 2948 0.1644
2574 2915 0.625
2581 2695 0.1222
2594 3077 0.0672
2597 2703 0.0354
2597 2845 0.0351
2598 2950 0.1262
2602 2977 0.147
2607 2978 0.122
2607 2935 0.0235
2607 3185 0.1773
2615 3098 0.1186
2618 3104 0.3152
2621 2702 0.0386
2622 3082 0.1526
2625 2716 0.394
2627 2644 0.1025
2629 2954 0.088
2633 2911 0.1062
2635 3082 0.0129
2637 3051 0.0521
2638 2979 0.0229
2643 2985 0.1183
2644 2990 0.0806
2646 2907 0.1373
2649 2861 0.0821
2649 2693 0.0185
2651 2954 0.3086
2651 2967 0.0649
2657 3078 0.049
2660 2859 0.0907
2660 2951 0.1441
2662 2923 0.0833
2667 3064 0.2465
2669 2807 0.0638
2669 2950 0.0081
2669 2815 0.0203
2670 2894 0.1696
2676 3016 0.0416
2679 2744 0.1497
2679 2878 0.0694
2680 3189 0.0587
2680 2739 0.1004
2684 2923 0.0826
2686 2983 0.2537
2688 2875 0.0691
2692 2996 0.0708
2705 3186 0.1323
2711 3096 0.0371
2712 2996 0.3133
2713 2863 0.0752
2714 2897 0.2571
2714 2895 0.0813
2715 3085 0.1544
2715 2768 0.035
2720 2788 0.2781
2731 2912 0.1628
2733 2954 0.0485
2733 3181 0.0131
2737 2934 0.0244
2738 2865 0.1959
2741 2812 0.1884
2743 2812 0.0892
2748 2900 0.0677
2750 3183 0.3159
2756 2847 0.0317
2757 2939 0.0689
2767 3045 0.054
2771 2884 0.0994
2773 3009 0.1485
2774 2833 0.0553
2777 2838 0.0572
2778 3163 0.2313
2779 2981 0.1634
2779 3083 0.0958
2781 3032 0.3176
2785 3188 0.0679
2788 2855 0.1295
2789 3163 0.095
2795 2861 0.1183
2796 2954 0.2852
2800 2920 0.0222
2801 3076 0.0771
2802 3133 0.4661
2803 3162 0.1694
2803 2972 0.0327
2804 2880 0.263
2804 3109 0.0467
2810 3172 0.1559
2812 3079 0.2408
2814 2859 0.0847
2819 2850 0.0546
2819 3017 0.1771
2820 2978 0.0973
2823 2835 0.2011
2831 3101 0.0884
2831 3054 0.1784
2833 3034 0.1721
2835 3071 0.4591
2846 2932 0.2137
2847 2998 0.3238
2848 3071 0.0459
2849 3091 0.1139
2852 2919 0.042
2854 2984 0.128
2858 3032 0.1104
2862 3037 0.0489
2863 3100 0.1663
2869 2954 0.144
2878 3113 0.0615
2882 3145 0.1223
2885 2934 0.101
2891 2940 0.085
2896 3189 0.0473
2899 2956 0.1324
2901 2998 0.1147
2902 3171 0.0988
2903 3188 0.03
2906 3165 0.0959
2909 2948 0.1665
2911 3078 0.0229
2915 2929 0.0326
2922 3134 0.1439
2928 3184 0.1141
2939 3183 0.0461
2940 2994 0.0977
2941 3132 0.1656
2951 3083 0.0272
2962 3022 0.019
2975 3035 0.0238
2999 3108 0.1249
3000 3100 0.0367
3001 3002 0.1062
3006 3030 0.207
3006 3061 0.0511
3039 3182 0.0406
3046 3106 0.2134
3057 3159 0.0684
3062 3070 0.0422
3065 3149 0.0581
3075 3181 0.11
3085 3146 0.1228
3092 3150 0.5114
3101 3129 0.1077
3106 3156 0.1607
3112 3129 0.1754
