3200 4800 num_nodes_f_dist 3200
0 2465 0.1495
1 2335 0.0606
1 2436 0.0688
1 2912 0.2164
2 1418 0.0991
2 273 0.088
3 292 0.1844
3 1105 0.0973
3 1577 0.1459
3 823 0.0953
3 1369 0.0644
4 1057 0.1194
4 2345 0.1683
5 375 0.0763
5 1458 0.0268
5 2631 0.1222
6 2566 0.045
6 2198 0.2174
6 1499 0.0971
7 503 0.0707
7 975 0.1438
7 1806 0.0333
8 184 0.1196
8 2317 0.2741
8 1618 0.0635
10 2841 0.0785
10 184 0.0651
10 2683 0.238
10 235 0.3601
10 2869 0.0887
10 2647 0.192
10 2442 0.0746
10 2494 0.067
10 2817 0.065
10 2675 0.048
10 2391 0.031
11 1766 0.1139
11 467 0.0777
11 1644 0.0256
12 1768 0.1148
12 1367 0.1591
13 895 0.1161
13 415 0.0676
13 1287 0.222
14 1193 0.0673
14 1577 0.1645
14 2345 0.0434
14 411 0.3103
15 134 0.3558
16 1976 0.1151
18 2188 0.1099
19 2219 0.1754
19 1664 0.266
19 1085 0.2629
19 2335 0.0907
19 1467 0.1685
19 138 0.1798
20 1548 0.2538
20 2224 0.0828
20 2811 0.2727
20 448 0.0718
21 643 0.0839
21 363 0.0382
21 2793 0.1209
21 1809 0.0129
22 2654 0.2955
22 803 0.1991
22 2140 0.2189
23 1828 0.3163
23 190 0.1465
23 1393 0.0595
23 2859 0.0363
24 1164 0.0772
24 427 0.0559
25 417 0.2062
25 2549 0.1044
25 1040 0.1146
26 1631 0.347
26 1724 0.1111
27 1731 0.1749
27 2252 0.067
27 430 0.1564
27 314 0.0825
28 1392 0.0449
28 2781 0.08
29 1195 0.0534
29 1141 0.0798
29 107 0.5467
29 678 0.3695
29 1167 0.3663
30 2337 0.1522
30 2532 0.0059
30 2573 0.0702
31 1672 0.3823
31 2117 0.2393
32 1866 0.0649
32 989 0.0649
32 885 0.1325
32 2445 0.0536
32 2549 0.0775
33 124 0.0901
33 2949 0.1298
34 2677 0.1462
34 2390 0.1814
34 1592 0.0325
35 1952 0.1792
35 1879 0.131
35 789 0.0885
36 2233 0.0603
36 271 0.0312
36 1659 0.0778
37 648 0.3724
37 3023 0.0638
37 636 0.1016
37 3046 0.1456
38 1488 0.0174
38 925 0.2366
38 1158 0.1809
39 1927 0.0571
39 44 0.2371
39 2174 0.3575
40 2941 0.1061
42 2662 0.0776
42 2176 0.0681
42 2610 0.109
42 1922 0.0524
43 2142 0.0114
43 140 0.117
43 381 0.5829
45 289 0.028
46 2207 0.0362
48 2025 0.0612
48 589 0.3726
49 392 0.056
49 560 0.1572
50 1538 0.1142
51 186 0.0465
51 1926 0.135
52 1121 0.0528
52 2764 0.0449
53 2498 0.0706
53 2408 0.0125
53 2144 0.0885
53 1815 0.0989
53 1049 0.292
53 1792 0.1138
54 2810 0.1839
54 614 0.094
54 1549 0.047
55 691 0.0705
55 1692 0.3537
56 2005 0.3336
56 2109 0.0523
57 2052 0.1583
57 184 0.1531
57 2070 0.1298
58 1366 0.1327
58 222 0.0351
58 1403 0.0699
59 1354 0.1425
59 896 0.2896
59 1757 0.0835
60 1926 0.0203
60 2612 0.1029
60 2510 0.3066
61 2512 0.1451
61 2529 0.1568
62 950 0.1069
62 2264 0.3368
63 542 0.1642
63 2898 0.0287
64 941 0.9356
64 794 0.1225
64 3071 0.1733
65 2048 0.2737
66 2314 0.2267
66 3059 0.287
67 2885 0.1687
67 2811 0.1732
67 2475 0.1531
68 1576 0.0352
70 608 0.1365
70 2649 0.1752
70 2920 0.2494
71 2736 0.0924
71 860 0.0637
71 302 0.0156
72 1882 0.2218
72 1910 0.1204
72 2425 0.051
72 250 0.1428
73 879 0.0493
73 108 0.1194
74 1339 0.0645
74 3002 0.1369
74 1824 0.0376
74 1759 0.1328
74 3115 0.1164
74 85 0.1884
75 1074 0.0599
75 2019 0.0852
75 904 0.1904
77 2769 0.0448
77 2399 0.1715
77 3051 0.2553
77 736 0.1751
77 2902 0.1307
77 511 0.0102
77 400 0.2509
79 1643 0.1371
79 1600 0.2168
79 752 0.0127
80 2454 0.0236
80 891 0.1825
80 418 0.2198
80 875 0.0612
81 272 0.0614
81 2385 0.1012
82 2473 0.2967
82 1722 0.1173
82 449 0.0534
83 1209 0.0323
83 2583 0.1028
83 3143 0.1315
83 407 0.1126
83 2302 0.1294
83 1606 0.0199
84 1119 0.0996
84 572 0.2163
84 1394 0.155
85 2304 0.0779
85 1036 0.0274
86 870 0.1883
86 2207 0.0636
87 731 0.5188
87 2259 0.1597
87 2907 0.0393
87 2898 0.1067
88 2941 0.1284
88 1869 0.3444
88 1138 0.052
88 184 0.1169
88 263 0.1925
88 2031 0.1026
88 1957 0.184
88 1518 0.212
90 700 0.2183
91 2612 0.1542
91 1627 0.0518
91 2887 0.05
91 252 0.1103
93 1567 0.088
93 2221 0.2502
94 1231 0.0782
94 1533 0.0553
95 1078 0.0533
95 402 0.1172
95 2467 0.134
95 519 0.0394
96 2252 0.1811
96 537 0.0856
97 1326 0.0902
98 2683 0.0098
99 1558 0.1976
99 1245 0.1928
100 2847 0.3054
101 2925 0.1677
101 3188 0.2142
101 1982 0.1004
101 223 0.0398
101 1848 0.0907
101 2135 0.2006
102 2404 0.0395
102 1240 0.2943
102 2013 0.0428
102 442 0.1071
103 2065 0.2452
103 2913 0.0687
103 323 0.2087
104 1573 0.1312
105 878 0.1528
105 175 0.0469
105 2726 0.0283
105 176 0.1359
105 446 0.1478
105 307 0.0221
105 1333 0.1715
105 1960 0.0069
105 2139 0.0256
106 2378 0.0525
107 3031 0.2299
108 323 0.1305
108 1775 0.0343
108 2118 0.0318
109 2925 0.1133
109 1559 0.1759
109 2891 0.1021
109 1497 0.2173
110 482 0.0067
110 1590 0.1259
110 2990 0.0633
110 370 0.1422
110 191 0.0246
110 1444 0.0618
110 193 0.0446
111 3096 0.1654
111 3077 0.0936
111 3097 0.0158
111 1515 0.2772
111 2267 0.0681
112 1806 0.2155
113 3163 0.1046
113 2622 0.0184
113 776 0.0566
114 2552 0.1351
114 1141 0.0912
114 1820 0.0955
114 1468 0.0544
114 1997 0.0535
115 2304 0.0738
115 1270 0.0541
115 1991 0.1331
115 2009 0.0718
115 2523 0.0903
116 1975 0.1473
117 447 0.4047
117 357 0.1772
117 557 0.011
118 1258 0.0917
118 223 0.1635
118 2161 0.0243
119 352 0.0562
119 1918 0.0321
119 2231 0.0826
121 1832 0.014
121 833 0.0752
121 1556 0.1079
121 2798 0.2563
122 1974 0.2548
122 872 0.1411
122 2357 0.0733
123 1650 0.0541
123 1268 0.0617
123 559 0.0807
123 706 0.073
125 2984 0.0465
125 1576 0.3514
125 527 0.2164
126 2523 0.0321
126 1383 0.1739
126 1053 0.2969
126 2570 0.1068
126 1225 0.2511
127 330 0.0157
128 1705 0.034
129 150 0.0513
129 2920 0.1219
129 596 0.1138
130 1296 0.2339
130 3040 0.1118
130 3001 0.1361
131 2202 0.223
131 1172 0.0798
131 1918 0.1831
132 1161 0.2235
132 568 0.1054
132 2611 0.084
132 1841 0.0311
132 3181 0.1606
132 1691 0.053
133 2103 0.1905
133 1768 0.0906
134 2134 0.2955
134 1973 0.2364
134 2410 0.2288
134 948 0.1458
135 733 0.1025
135 277 0.0755
135 1673 0.1941
136 1107 0.0377
137 2055 0.0394
137 406 0.0047
137 2907 0.0334
138 1879 0.0338
139 708 0.1729
139 3056 0.0588
140 2848 0.0776
141 591 0.0679
141 167 0.0728
142 1076 0.1248
143 2540 0.0626
143 2748 0.1173
143 1248 0.1708
144 833 0.1109
144 2824 0.5303
144 2128 0.0818
144 375 0.2146
144 2418 0.0505
144 3177 0.3777
145 500 0.0503
145 2130 0.2962
146 259 0.0482
146 956 0.1426
146 1985 0.2542
147 1867 0.0267
148 1662 0.1057
148 1557 0.1102
148 488 0.0506
149 3016 0.2433
149 1638 0.0636
149 350 0.0331
150 295 0.0221
150 845 0.1097
151 897 0.2287
151 2007 0.2249
151 2632 0.0384
151 886 0.0223
151 370 0.0863
151 572 0.0844
151 200 0.1421
151 264 0.2145
152 3023 0.068
152 2813 0.0986
152 2574 0.2887
153 2150 0.104
153 1672 0.0298
153 2044 0.1474
154 2854 0.3157
155 3106 0.0825
155 1080 0.0234
155 2531 0.2545
155 2016 0.1402
155 1408 0.0605
155 216 0.0737
155 1175 0.2641
156 2476 0.1159
156 975 0.3246
156 1902 0.1388
157 3124 0.1246
158 2800 0.1154
158 572 0.0646
158 2969 0.0846
158 1156 0.04
159 822 0.1012
159 891 0.0517
159 2360 0.1262
160 2615 0.0348
161 1735 0.0964
161 2321 0.2535
161 2389 0.2722
162 2845 0.1401
162 2487 0.0203
163 1410 0.1214
163 2631 0.0935
163 2730 0.0986
164 3011 0.0591
165 3050 0.094
165 2501 0.0325
165 3183 0.0412
166 2103 0.051
166 2178 0.1037
166 730 0.2985
166 498 0.1396
166 2680 0.0604
167 2237 0.2427
167 2345 0.1581
167 2906 0.0803
168 2062 0.079
169 1485 0.0031
169 2037 0.0462
169 2569 0.1139
169 1245 0.0841
170 2617 0.3604
170 1487 0.2718
170 930 0.2048
170 821 0.102
171 1384 0.2856
171 633 0.0913
171 658 0.0581
172 2479 0.1181
172 3031 0.3389
173 332 0.0432
173 1937 0.2666
173 2753 0.0757
173 2571 0.1
174 2546 0.1215
174 1335 0.1041
174 3060 0.1053
175 2601 0.1302
176 2922 0.0534
176 3144 0.135
176 2319 0.2064
177 332 0.1147
177 2312 0.0714
177 1518 0.109
177 1797 0.1655
178 393 0.3757
179 1198 0.4567
181 3019 0.1836
181 803 0.2738
181 1288 0.1075
182 783 0.0789
182 734 0.3653
182 2556 0.1357
182 3182 0.4131
182 2684 0.1429
182 2129 0.0369
182 1781 0.1923
183 1862 0.1952
183 2363 0.0151
183 582 0.1735
183 346 0.1191
185 2630 0.0819
186 2686 0.0129
186 833 0.0306
187 1683 0.1523
187 2187 0.1444
187 1409 0.2042
188 2424 0.0223
188 406 0.0753
188 2456 0.0953
188 3068 0.2441
189 1895 0.1302
189 1899 0.2566
189 3026 0.0267
189 2847 0.1848
190 540 0.1784
190 2219 0.124
191 576 0.1508
191 796 0.1026
192 543 0.0513
192 2904 0.0946
192 2381 0.1373
192 332 0.0485
192 318 0.0438
193 3147 0.2895
193 599 0.1826
194 2279 0.0149
194 2074 0.0073
196 698 0.0367
196 2576 0.1052
197 308 0.1829
197 2439 0.1199
198 623 0.134
198 577 0.1265
198 2910 0.1756
199 2873 0.1609
199 2616 0.1018
201 2098 0.0436
201 1561 0.0195
202 218 0.1501
202 426 0.1306
202 914 0.0415
202 1827 0.2078
202 1350 0.1125
203 418 0.2167
203 2225 0.187
203 2262 0.1377
204 1621 0.2538
205 1634 0.208
206 511 0.1035
206 3189 0.0298
206 389 0.0429
206 2125 0.0544
206 1584 0.2882
206 736 0.1283
206 2716 0.0393
206 372 0.0956
207 1016 0.1164
207 1299 0.0636
207 3043 0.2364
208 2882 0.1355
208 2957 0.1281
208 1596 0.065
210 1331 0.1111
210 2206 0.1802
210 1848 0.0324
211 2889 0.0875
211 2024 0.0544
211 810 0.0524
211 2743 0.0922
212 955 0.1685
212 2685 0.1169
212 960 0.0229
213 428 0.2017
213 403 0.0715
213 1605 0.119
213 1439 0.1343
214 2959 0.0759
214 1495 0.1702
214 2982 0.1828
215 627 0.0306
215 386 0.1357
215 276 0.0484
216 2771 0.0319
216 2526 0.2576
216 1692 0.139
217 1155 0.1244
217 2441 0.0911
217 447 0.1235
217 1873 0.2277
217 1503 0.0492
217 318 0.0155
217 2866 0.0922
218 2255 0.0319
219 931 0.1092
219 462 0.3862
220 3045 0.1282
221 289 0.062
221 1414 0.0037
222 321 0.1095
222 2591 0.2076
222 3003 0.1045
222 1973 0.1296
222 1420 0.0159
222 2916 0.0651
222 440 0.1092
222 331 0.0871
223 753 0.0138
223 2524 0.0067
224 2073 0.0835
224 2264 0.0951
225 3188 0.0624
225 433 0.0636
225 614 0.0845
226 254 0.0888
226 756 0.3405
226 1309 0.0337
226 2793 0.4302
227 2881 0.1494
228 2549 0.02
228 2668 0.0608
228 1492 0.1058
228 745 0.237
229 268 0.0634
229 994 0.2906
231 2736 0.1259
231 3193 0.0643
231 1602 0.2238
231 496 0.1247
232 837 0.2733
233 3158 0.1543
233 1559 0.5739
233 2866 0.1624
234 1209 0.2906
234 1512 0.1781
234 1310 0.37
235 2757 0.3665
235 393 0.1429
235 719 0.4145
236 2142 0.0684
236 492 0.1454
237 3047 0.1277
237 344 0.0497
238 1204 0.071
238 2197 0.3612
238 407 0.1589
238 2884 0.3275
239 1608 0.1478
239 1670 0.3127
240 2248 0.1198
240 2259 0.1079
240 500 0.3019
240 1481 0.0453
240 3001 0.2141
241 909 0.0328
241 784 0.2326
242 1883 0.0395
242 1293 0.3378
243 465 0.0809
244 2338 0.0473
244 1174 0.0324
245 2102 0.0664
245 2280 0.0424
246 2432 0.218
246 364 0.0359
246 752 0.0029
246 3138 0.2401
246 2301 0.0558
247 685 0.4132
247 1469 0.0269
248 2094 0.1403
248 1719 0.1105
248 2641 0.0648
248 2790 0.1585
248 1611 0.4355
249 1219 0.0852
249 1593 0.1789
249 2130 0.1291
249 787 0.038
250 1108 0.0092
250 741 0.0224
250 2088 0.1375
250 1107 0.1482
250 2265 0.016
251 1335 0.0458
251 2627 0.2247
251 2789 0.1306
252 413 0.0526
252 2275 0.0466
252 2221 0.252
253 1732 0.0594
253 2825 0.2986
253 2437 0.2401
254 264 0.0262
254 2706 0.0655
255 575 0.1013
255 3142 0.0503
255 828 0.1042
255 1491 0.0367
255 3063 0.0544
255 343 0.0703
256 647 0.2885
256 622 0.2295
256 667 0.067
256 2659 0.091
257 626 0.0714
257 2026 0.3888
257 1601 0.1086
257 1882 0.1447
258 2193 0.1437
258 1246 0.1614
259 336 0.071
259 2263 0.1457
259 887 0.5633
260 774 0.0604
260 1483 0.4453
260 1334 0.193
260 1917 0.0341
260 1863 0.1719
260 2621 0.066
261 3088 0.3316
261 603 0.431
262 1059 0.0248
262 1958 0.1345
262 1993 0.4931
263 299 0.015
263 2442 0.0479
263 2397 0.1504
263 1981 0.0612
264 1562 0.0528
264 2826 0.1181
265 378 0.1153
265 670 0.1315
265 1034 0.0675
266 3129 0.2081
266 1741 0.0123
267 791 0.1242
267 730 0.1515
267 2966 0.2291
268 1203 0.0628
268 1932 0.1848
268 3108 0.0999
269 1897 0.0887
269 1218 0.0256
270 1922 0.1672
270 1167 0.0817
270 1044 0.0141
271 3186 0.0996
271 2888 0.218
271 969 0.1499
271 2752 0.039
272 801 0.0253
272 1092 0.028
272 2355 0.1334
273 2984 0.2264
273 2619 0.1259
273 3065 0.0313
273 646 0.0381
273 2382 0.1648
274 1819 0.0452
274 1980 0.1234
274 2460 0.0918
274 1003 0.0836
275 1934 0.0971
276 2223 0.103
276 2351 0.0997
277 1876 0.4052
277 1539 0.1808
277 2448 0.0533
277 575 0.0253
278 1380 0.1641
278 1676 0.0481
278 3188 0.0224
279 897 0.2609
280 645 0.0976
282 1225 0.2244
282 1575 0.2543
284 396 0.1841
284 3100 0.2034
285 388 0.2224
285 2561 0.0732
286 2175 0.1566
286 949 0.0689
287 3106 0.1124
287 2863 0.123
287 1253 0.2215
288 2464 0.0839
288 1805 0.0067
288 871 0.1147
288 1308 0.1323
288 2682 0.0763
288 2846 0.1049
289 777 0.0655
289 1193 0.0574
289 2505 0.259
289 1780 0.0543
290 2305 0.2744
290 3126 0.1074
291 500 0.0559
291 2215 0.0802
291 2412 0.0612
292 2768 0.169
292 1254 0.0863
292 724 0.2995
292 2006 0.1481
292 819 0.1122
292 1113 0.0297
293 2794 0.0581
293 1254 0.0892
294 2303 0.2019
294 333 0.0717
294 2710 0.0717
294 879 0.056
295 820 0.0775
295 1009 0.11
295 419 0.1336
296 2598 0.1178
296 1592 0.0291
297 1768 0.1616
298 2511 0.0783
298 1149 0.1311
298 782 0.0492
298 466 0.1497
299 1436 0.3152
300 2508 0.0307
300 1892 0.1812
300 1319 0.0883
301 984 0.1634
301 2807 0.0172
302 2570 0.2027
302 1290 0.0441
302 2135 0.0193
302 734 0.0973
302 869 0.2857
302 2911 0.0684
303 3064 0.1082
303 1567 0.071
303 1326 0.1189
304 1147 0.0669
304 3045 0.0957
305 711 0.0934
305 1480 0.2381
306 348 0.0899
306 3045 0.0815
306 948 0.0044
306 1122 0.2154
307 3118 0.0559
307 2408 0.0645
307 710 0.3337
308 2114 0.2297
308 3192 0.0897
309 1321 0.1283
309 423 0.209
310 2155 0.1347
310 3056 0.2913
310 2484 0.1281
310 1112 0.1535
310 1489 0.3072
311 2450 0.0688
311 536 0.0152
312 1576 0.0531
312 2870 0.0292
312 1392 0.2579
312 2910 0.0508
312 2201 0.1989
312 2509 0.114
312 3018 0.163
313 1177 0.052
313 1068 0.063
314 2350 0.073
314 2085 0.2062
314 2486 0.0337
314 2605 0.0299
315 382 0.1297
315 2961 0.1794
315 1407 0.0491
315 2112 0.3072
316 389 0.0752
317 1850 0.0906
318 2785 0.1238
318 2752 0.1272
319 3096 0.1837
319 1765 0.0678
320 2945 0.0765
320 1229 0.0518
321 2436 0.0835
321 1605 0.1478
322 1124 0.1557
323 1190 0.0582
324 2127 0.1708
324 2921 0.0971
325 377 0.4329
326 3144 0.1938
326 350 0.1098
327 1738 0.0882
327 603 0.1384
327 1836 0.3709
327 1620 0.1379
327 906 0.1048
328 1749 0.2208
328 735 0.1015
328 1191 0.1688
329 1418 0.0809
329 2305 0.0756
329 2533 0.1815
329 3135 0.3049
330 3056 0.0147
330 3031 0.0057
330 2256 0.177
331 762 0.1151
333 2946 0.0779
333 725 0.0626
333 1637 0.0618
334 1382 0.2618
335 498 0.0994
335 1140 0.1526
336 2977 0.1609
336 2646 0.0881
337 2191 0.0817
338 1170 0.089
338 1775 0.1413
338 1734 0.0248
338 1341 0.0572
338 2249 0.0242
339 2812 0.0713
339 1401 0.1041
341 966 0.2046
342 2964 0.1008
342 529 0.1009
343 3023 0.0635
343 2979 0.1223
343 2947 0.1255
343 1968 0.0979
343 2851 0.2905
343 682 0.0172
343 712 0.0348
344 960 0.3408
344 1987 0.0806
345 2774 0.4268
345 1407 0.1692
345 976 0.0409
346 733 0.0897
347 601 0.1108
347 3147 0.0056
347 1822 0.1295
347 1130 0.1814
348 2869 0.0459
349 2459 0.2658
351 641 0.1967
351 1873 0.1097
351 2381 0.1587
351 2130 0.0561
352 1488 0.1036
353 1660 0.1227
353 1332 0.0498
353 2111 0.117
354 2093 0.0882
354 645 0.0536
354 2915 0.2053
354 391 0.2665
354 1551 0.0749
355 2481 0.0659
355 1281 0.2206
356 1067 0.0243
356 2302 0.0318
357 658 0.1111
357 606 0.2239
357 2423 0.2772
358 1060 0.1771
358 3123 0.0229
358 1061 0.1915
358 3074 0.1304
359 1202 0.0907
362 1718 0.0539
362 1216 0.0952
362 431 0.1669
363 1470 0.2752
363 548 0.0334
363 2243 0.2927
364 1407 0.0808
364 2109 0.1376
364 1922 0.0633
364 667 0.0795
365 1146 0.0982
365 1171 0.0378
365 1941 0.1625
365 2445 0.0634
365 2745 0.1801
366 1269 0.1002
366 2513 0.2523
366 2925 0.1446
367 959 0.08
367 2268 0.3113
368 606 0.0694
369 634 0.198
369 2304 0.0331
370 2628 0.2013
370 2085 0.0983
370 2007 0.1898
371 1541 0.2351
371 2669 0.1816
372 1359 0.1472
372 3132 0.0358
372 3026 0.1312
373 1607 0.0932
373 1857 0.2187
374 3094 0.035
374 2282 0.3464
374 2991 0.019
375 1055 0.1857
375 632 0.0925
376 1437 0.2516
376 2537 0.0629
377 2871 0.1367
377 1171 0.172
377 1288 0.1941
377 602 0.2907
377 1684 0.0701
378 513 0.1357
378 3039 0.1482
378 1358 0.1919
378 1036 0.0307
379 801 0.025
379 2418 0.0348
379 463 0.1205
379 1758 0.1394
379 1373 0.4052
380 1761 0.0801
380 2163 0.0952
380 2603 0.186
382 2885 0.0717
382 2775 0.0525
383 681 0.1294
384 2762 0.1071
384 1023 0.2194
385 1093 0.0603
385 2073 0.1569
385 1733 0.0403
386 542 0.0579
386 2012 0.1612
386 3161 0.0846
386 2318 0.0608
387 2042 0.1881
387 2308 0.1524
387 435 0.1799
388 2417 0.0276
389 1497 0.2067
389 1065 0.1282
389 943 0.0676
389 1266 0.8341
390 466 0.1164
390 1697 0.2133
390 1963 0.0893
390 2474 0.107
390 794 0.1084
391 2213 0.1598
392 1270 0.0346
392 1067 0.3432
392 1613 0.0621
392 2206 0.1528
392 819 0.0788
393 2912 0.3706
394 970 0.1549
394 2133 0.1556
395 1489 0.1197
395 3065 0.1467
395 2854 0.018
395 1460 0.157
395 1431 0.0278
396 841 0.0448
396 1600 0.0327
396 2605 0.1951
396 862 0.0567
397 2340 0.0858
397 3080 0.0281
397 3055 0.0919
398 1291 0.1397
398 1421 0.3189
399 2984 0.1678
399 2983 0.2357
399 2860 0.0998
400 1667 0.1662
400 2114 0.0999
400 2853 0.1516
400 1690 0.4408
400 2997 0.2333
400 3045 0.0462
401 1460 0.041
401 1611 0.1151
401 2453 0.149
401 2955 0.0948
402 864 0.0823
402 1021 0.1257
402 3166 0.0823
403 649 0.1154
403 2014 0.2014
403 2717 0.0756
403 2370 0.0448
404 1770 0.1411
404 2038 0.0488
404 3198 0.1318
404 1088 0.128
405 2622 0.047
405 488 0.1829
406 2335 0.2243
406 1634 0.0543
406 2985 0.1205
406 1974 0.241
407 2464 0.0663
407 423 0.2017
407 3085 0.1393
407 2995 0.1656
408 2826 0.2578
408 1385 0.4626
408 1852 0.1265
408 1597 0.215
409 1135 0.0383
409 2280 0.0434
410 3132 0.3251
410 1424 0.003
410 1834 0.0812
410 2517 0.1609
411 516 0.0325
411 3018 0.0876
411 506 0.0962
412 703 0.1293
412 3125 0.0678
412 1298 0.0445
413 3062 0.217
413 524 0.3033
414 2644 0.1721
414 1323 0.055
414 515 0.1443
414 1174 0.0737
414 1880 0.0473
414 2406 0.1555
415 2307 0.1158
416 767 0.0235
416 523 0.2208
416 1350 0.4077
416 1103 0.0181
419 3186 0.1392
419 966 0.129
419 453 0.0765
419 450 0.0203
419 1064 0.5801
419 930 0.0924
420 2308 0.0658
420 2927 0.2667
420 3059 0.1193
421 2983 0.1425
421 3024 0.0705
421 1722 0.2434
422 2954 0.1377
422 2878 0.1456
422 1925 0.2927
424 1294 0.0132
424 463 0.1658
424 1839 0.0828
425 1606 0.0621
426 2022 0.1035
426 554 0.0733
426 1157 0.1267
427 2870 0.0564
427 1427 0.2027
428 1717 0.2786
428 2376 0.2025
428 2903 0.1527
429 479 0.1485
429 577 0.0448
429 1904 0.0161
429 1817 0.0893
430 1510 0.0515
430 717 0.1907
430 2963 0.0169
430 1768 0.2392
430 2244 0.1114
431 2791 0.0747
433 1724 0.3057
433 1236 0.2153
433 1306 0.098
434 1072 0.3236
434 2771 0.0438
435 2529 0.1277
435 1847 0.0997
436 2332 0.1622
436 1552 0.0195
436 1863 0.1809
437 1755 0.0889
438 1945 0.3753
438 2872 0.0417
438 1338 0.1638
439 2889 0.07
439 2126 0.0978
440 699 0.2014
440 2545 0.0895
440 3019 0.0553
440 2862 0.2517
441 1822 0.0473
442 970 0.187
442 476 0.183
442 1343 0.0986
443 2937 0.173
443 1721 0.0676
445 2267 0.0371
446 831 0.0281
447 2281 0.024
447 2248 0.0418
448 2070 0.0437
448 1280 0.0692
449 1911 0.0518
449 2113 0.075
449 1835 0.0326
449 1092 0.1295
449 540 0.1752
451 822 0.0669
451 721 0.0881
452 3196 0.1263
452 1800 0.0387
453 2232 0.2981
453 479 0.0191
453 1514 0.0422
454 2465 0.3573
454 2887 0.1024
455 1806 0.0451
455 3036 0.3272
455 1915 0.3165
455 1916 0.0571
455 2597 0.0141
455 1871 0.0331
455 1848 0.216
456 3120 0.1019
456 1992 0.188
457 2685 0.1502
457 657 0.0548
457 792 0.1419
457 670 0.2068
457 1980 0.046
458 919 0.0317
458 629 0.0246
458 1904 0.1166
458 529 0.0304
458 2035 0.1945
459 1435 0.0152
460 2191 0.1822
460 1651 0.1699
460 488 0.0953
461 1581 0.0554
461 1507 0.0401
462 2435 0.1148
462 2907 0.0388
462 3105 0.1039
463 3137 0.0039
465 1689 0.0509
465 1957 0.0161
465 1323 0.1273
466 706 0.1031
467 3130 0.0756
467 1788 0.1249
467 3110 0.1104
467 2574 0.0928
468 2543 0.0165
469 2394 0.3951
469 1654 0.1771
470 866 0.0911
470 1359 0.1154
470 1820 0.0329
470 1013 0.0651
471 1866 0.2707
472 688 0.3679
472 2144 0.0224
473 705 0.3436
473 1248 0.0926
474 1054 0.1786
474 2495 0.2647
474 2396 0.1121
474 1860 0.0249
475 2386 0.0804
475 2293 0.8476
475 2328 0.1134
476 2751 0.1411
476 1666 0.1903
476 2904 0.0635
477 768 0.0659
477 2189 0.1375
478 2333 0.0441
478 3113 0.0662
478 1263 0.1513
478 1542 0.045
478 579 0.0966
479 1643 0.1666
479 1583 0.0835
479 923 0.2404
480 1222 0.2062
480 664 0.1314
480 2912 0.0506
481 1245 0.066
481 606 0.0289
481 1794 0.1008
482 737 0.1441
482 2394 0.0797
482 1520 0.0273
482 3071 0.255
482 2261 0.295
482 3176 0.1059
483 1323 0.364
483 1154 0.2927
483 1336 0.1072
484 2286 0.1909
484 2375 0.0226
484 1365 0.0529
484 2596 0.0397
484 3189 0.0308
485 2525 0.0425
485 610 0.0698
485 1064 0.0929
485 1122 0.1058
485 2274 0.0127
486 564 0.2
486 2901 0.1157
488 645 0.0847
488 2705 0.0757
489 1929 0.2642
489 817 0.1274
489 629 0.0855
491 717 0.0201
491 1853 0.0211
491 2052 0.1984
491 1926 0.034
492 1238 0.0313
492 747 0.0647
492 1499 0.0184
493 872 0.113
494 1274 0.1605
494 2597 0.3871
494 2403 0.4216
494 515 0.023
495 1277 0.1674
496 1349 0.1351
497 1525 0.0757
498 2082 0.225
498 1112 0.0275
499 2571 0.1195
499 2329 0.2502
499 736 0.1655
499 2404 0.3078
500 972 0.5386
500 2540 0.0563
500 923 0.1042
500 3038 0.1737
500 646 0.1621
501 2521 0.0809
502 2008 0.0713
503 2588 0.1234
503 2283 0.2624
503 2565 0.0224
505 1057 0.0162
506 1165 0.0333
506 2372 0.1039
506 2955 0.1321
507 2728 0.2551
507 2985 0.0141
507 972 0.2415
508 1498 0.1346
508 2664 0.1433
508 2333 0.2251
509 2284 0.064
509 2427 0.4011
510 1262 0.1823
510 2104 0.0344
510 2240 0.0448
510 851 0.014
510 3198 0.0184
511 3055 0.0767
512 2763 0.1035
512 901 0.1502
512 2837 0.1114
512 1100 0.0872
513 760 0.2585
513 3092 0.0603
513 1192 0.0924
516 3153 0.2292
516 1340 0.2357
518 1241 0.1632
518 2220 0.1503
519 1533 0.2123
519 2227 0.1803
520 1870 0.1194
520 1029 0.069
521 2281 0.0324
521 2704 0.1024
522 3140 0.1358
523 1321 0.0413
523 2388 0.1232
523 3105 0.0402
523 1758 0.0043
524 867 0.1269
524 2642 0.0648
524 1058 0.2638
524 2281 0.109
525 3185 0.3313
525 2162 0.0896
525 619 0.2412
526 1524 0.0633
526 620 0.0357
526 2332 0.1422
526 2555 0.0171
526 2102 0.134
527 3023 0.0407
527 1628 0.2967
527 2017 0.1199
529 2227 0.1755
529 1341 0.1164
529 1518 0.1195
530 2323 0.1653
530 705 0.1065
530 2227 0.1538
531 2239 0.255
531 855 0.2039
531 2006 0.0882
531 1820 0.0731
531 2827 0.103
531 2708 0.1158
531 1568 0.1089
531 2705 0.0762
531 534 0.3553
532 2904 0.3481
532 1161 0.2041
532 2949 0.2694
533 1969 0.1082
534 2849 0.0475
534 727 0.2499
534 1814 0.3238
535 826 0.0593
536 1893 0.3164
536 844 0.0302
537 708 0.1167
537 2332 0.0683
537 890 0.0693
538 677 0.2096
539 2364 0.0548
539 2757 0.0835
539 2862 0.0728
539 1321 0.0987
541 2235 0.0777
542 2627 0.0266
542 1248 0.1372
543 2794 0.0936
544 1134 0.1161
544 2327 0.0273
544 2297 0.278
544 931 0.1608
545 1392 0.3413
545 2855 0.2298
545 2924 0.4019
547 1243 0.0723
547 2431 0.166
547 2276 0.0983
548 749 0.3312
548 2256 0.1096
549 2121 0.0796
549 588 0.1222
550 2259 0.0313
550 1579 0.023
551 614 0.0338
551 3057 0.1788
551 1622 0.0909
551 3098 0.24
552 1103 0.1188
552 3171 0.0548
553 1229 0.0621
553 1166 0.1095
553 2420 0.1998
553 2942 0.1727
556 2456 0.2082
557 2066 0.1967
558 1196 0.0592
558 2858 0.3423
558 1669 0.193
558 2802 0.1992
558 2835 0.1523
559 3163 0.1365
559 2027 0.2095
560 2767 0.0847
560 1595 0.0325
561 2932 0.1095
561 2151 0.0085
562 764 0.2805
562 1560 0.0812
563 743 0.1238
563 2705 0.0628
564 2853 0.0805
564 817 0.0303
564 2525 0.0295
564 2153 0.0769
564 2148 0.115
564 2202 0.059
564 1302 0.0959
564 1163 0.0843
565 1931 0.0546
565 2805 0.04
565 2370 0.0512
566 2397 0.3112
566 2962 0.0438
566 2070 0.1671
566 2816 0.3255
566 2172 0.0708
567 1518 0.0217
567 967 0.1452
567 1573 0.1262
567 2783 0.0558
568 3170 0.1531
568 1047 0.1029
568 1270 0.1828
569 2502 0.2166
569 2661 0.0782
569 1731 0.0714
569 2628 0.3023
570 1786 0.46
571 1538 0.3243
571 2722 0.2397
571 990 0.223
571 1745 0.3716
571 1896 0.032
572 2444 0.1204
572 1869 0.0668
572 1696 0.0456
572 621 0.2527
573 3068 0.1167
573 2530 0.0648
573 769 0.1589
575 2422 0.0638
575 2264 0.051
576 1030 0.191
576 3189 0.1396
576 1176 0.0928
577 807 0.154
577 1061 0.0405
577 668 0.092
577 1848 0.0541
577 2508 0.0603
578 1845 0.1093
578 646 0.0131
578 586 0.3782
579 2514 0.2481
579 3006 0.0232
580 1071 0.0381
580 1422 0.1501
580 1944 0.0073
580 2004 0.0642
580 1853 0.0314
581 2431 0.1027
581 2418 0.0439
581 3000 0.2037
582 3051 0.4031
584 1773 0.0456
584 2816 0.0688
584 1202 0.1063
584 2404 0.1451
584 1736 0.1432
584 2602 0.1585
585 1428 0.3233
585 2379 0.22
585 1722 0.2158
585 1253 0.1049
585 701 0.0925
585 1024 0.0876
585 3175 0.0318
586 651 0.3371
586 2622 0.0319
586 1712 0.1042
587 958 0.0314
587 2538 0.4441
588 2116 0.0237
588 1284 0.2525
588 2215 0.1619
588 2237 0.105
588 1357 0.2053
589 2480 0.0642
589 1391 0.1953
589 3122 0.1033
590 3156 0.0775
590 630 0.1513
590 1310 0.0713
590 1678 0.1686
592 1653 0.4363
592 1803 0.2002
592 1421 0.1023
593 873 0.1189
593 2841 0.1504
594 2759 0.1006
594 2349 0.0634
595 3137 0.2599
595 957 0.0942
596 1237 0.2138
596 1803 0.113
597 2285 0.2649
597 2447 0.0494
598 2419 0.1932
599 2913 0.1037
599 1396 0.1196
599 2090 0.0728
600 2982 0.2107
600 2368 0.0911
600 1995 0.1395
601 1089 0.1716
602 2598 0.0916
603 1214 0.0827
603 2332 0.0556
603 2847 0.1384
604 2742 0.0425
605 2042 0.1482
605 2182 0.1081
605 2805 0.3036
605 1530 0.198
606 1247 0.0694
606 1112 0.1945
606 2504 0.1389
607 2897 0.0481
607 1249 0.2063
607 1400 0.0933
608 3052 0.1952
609 976 0.0562
609 3190 0.0519
609 2613 0.0377
609 822 0.148
609 1741 0.1851
610 1938 0.1917
610 2743 0.0753
611 2894 0.0941
611 2995 0.1663
611 2476 0.0455
611 2181 0.0693
612 2484 0.1779
612 1893 0.1197
612 942 0.1863
612 2081 0.2319
614 1391 0.0529
614 2906 0.0206
615 2656 0.0238
616 2377 0.1856
616 2169 0.038
616 2888 0.1664
617 2705 0.1857
617 3195 0.1802
617 2312 0.0147
617 1436 0.0988
617 2504 0.0295
618 1734 0.0914
618 884 0.0983
619 846 0.2385
619 1306 0.1738
619 2437 0.2343
620 2446 0.0985
621 1264 0.0252
621 1074 0.1726
621 643 0.098
622 1921 0.053
623 2228 0.101
624 1245 0.0252
624 708 0.0873
624 1248 0.1864
624 3028 0.0357
624 1328 0.0193
624 1550 0.0685
625 3108 0.0913
625 1085 0.0682
625 2842 0.1825
625 1889 0.0422
625 1471 0.0863
625 1985 0.0252
626 1317 0.1465
626 742 0.1247
626 1717 0.2773
627 770 0.3348
629 2575 0.0738
629 1787 0.1433
629 1603 0.0497
630 970 0.1325
630 1923 0.0786
630 1797 0.0826
631 1687 0.0915
631 1462 0.1671
632 1343 0.032
633 1909 0.0098
634 1392 0.2559
634 1374 0.1591
634 3180 0.1247
634 1271 0.1017
634 2701 0.0072
634 2187 0.2497
635 638 0.1079
636 699 0.1335
637 3001 0.3921
637 1931 0.02
638 2058 0.1005
638 1718 0.0474
638 1433 0.0364
638 2919 0.0938
639 2094 0.1067
639 1961 0.0609
639 1690 0.1792
640 2721 0.1272
640 1691 0.1204
642 865 0.0495
642 909 0.0773
642 2923 0.0359
642 2288 0.4723
642 774 0.0603
643 1744 0.1209
643 1497 0.0642
643 1483 0.0526
645 3077 0.0337
646 2111 0.1184
646 1928 0.0144
646 2158 0.2921
647 1986 0.0567
647 801 0.1852
647 3058 0.0592
647 2990 0.3251
648 1122 0.1552
649 2266 0.331
649 2032 0.1865
650 2452 0.1296
650 1483 0.1767
650 2552 0.0095
651 2225 0.324
651 1474 0.3963
651 2599 0.0959
652 2911 0.0943
653 2726 0.1423
654 2164 0.0568
655 1808 0.0532
655 2244 0.0208
655 1574 0.1365
656 2494 0.1949
657 2802 0.2505
657 1295 0.0375
657 2895 0.069
657 1704 0.1894
657 1210 0.0436
658 832 0.0522
659 2463 0.0216
659 1542 0.1601
659 3102 0.174
659 1495 0.0754
660 955 0.2241
660 1972 0.0307
660 715 0.1423
660 2656 0.1008
661 3056 0.0949
662 3024 0.1283
663 826 0.0947
663 1245 0.0604
663 770 0.0193
663 2949 0.1039
663 1628 0.1864
664 2730 0.0612
664 1043 0.0403
665 703 0.2502
665 1316 0.2982
665 2136 0.1918
666 722 0.146
666 2452 0.1285
667 1292 0.0504
667 1282 0.0358
667 2143 0.081
668 1629 0.088
668 712 0.3989
668 2906 0.1989
668 1237 0.1928
668 2440 0.082
669 688 0.1529
669 1752 0.0414
669 1553 0.3225
669 1248 0.4641
670 1609 0.2468
670 967 0.0155
671 1607 0.0757
671 2758 0.1024
671 811 0.1888
671 3160 0.1285
672 3066 0.0962
673 2997 0.0702
673 2577 0.0878
674 1898 0.0955
674 1830 0.1228
675 1269 0.2284
675 3131 0.0869
675 987 0.2691
676 1303 0.2648
676 2991 0.2252
676 3194 0.3008
676 1843 0.036
677 1378 0.0309
677 2569 0.202
677 696 0.1082
678 2087 0.0743
678 1219 0.1036
678 2121 0.0228
678 3161 0.154
679 2540 0.0798
679 2718 0.1533
679 875 0.1211
679 1084 0.1286
679 2606 0.055
679 2882 0.0649
679 1263 0.1285
680 769 0.0617
681 710 0.0835
681 1768 0.1136
681 1644 0.0501
681 2406 0.2328
682 693 0.0655
682 2025 0.4206
682 2551 0.4116
682 2838 0.142
683 2045 0.4187
684 2374 0.1319
684 1463 0.0876
684 699 0.1199
684 1244 0.1261
684 2110 0.4993
685 1522 0.0519
685 798 0.2785
685 2512 0.118
685 1164 0.1445
686 2195 0.0054
686 1447 0.1981
686 1329 0.0527
687 783 0.0687
687 1120 0.0578
688 1367 0.0499
688 2483 0.0987
688 891 0.1173
688 2000 0.1274
688 2495 0.0937
688 2233 0.1009
689 1978 0.1423
690 3019 0.086
690 2581 0.1153
690 1120 0.0934
690 2186 0.0477
690 1549 0.0486
691 2910 0.1214
691 807 0.0116
692 3140 0.4674
692 3094 0.0832
692 2335 0.1324
692 2809 0.2136
693 2930 0.1605
694 1495 0.2741
694 1268 0.0282
694 1684 0.0596
694 2739 0.0268
695 2582 0.0959
696 1523 0.1414
696 2067 0.1445
696 1796 0.0636
696 2755 0.0704
697 1584 0.0939
697 1272 0.7782
697 2658 0.3815
698 1853 0.1266
698 1860 0.0894
699 3112 0.0643
699 2408 0.1666
700 2496 0.036
700 2276 0.0746
700 1342 0.3365
700 2672 0.0755
701 1304 0.094
702 2515 0.0135
703 2496 0.6477
703 1395 0.1503
704 2668 0.0806
704 802 0.1567
704 3017 0.2488
705 2875 0.1641
705 1890 0.1311
705 1798 0.1639
706 2172 0.0254
707 3193 0.1357
707 1606 0.0222
707 1316 0.2078
707 2669 0.2774
708 3157 0.1191
708 3108 0.3294
709 3192 0.2427
709 2095 0.0776
710 1341 0.0163
710 3079 0.2205
712 1169 0.259
712 1753 0.1279
712 2507 0.0984
713 2343 0.094
713 2320 0.0554
713 2699 0.1871
715 1338 0.1265
715 773 0.0395
715 3004 0.0772
716 1318 0.2586
717 975 0.0571
717 2421 0.1113
717 2406 0.3656
717 2283 0.2032
717 2331 0.0107
718 3159 0.0955
718 2681 0.0238
719 1332 0.1675
719 1370 0.0823
719 1736 0.2271
720 2227 0.0433
720 2768 0.1106
721 2195 0.0904
721 908 0.1852
722 1807 0.1319
722 2512 0.0578
723 1740 0.1155
723 1102 0.2919
725 2087 0.0503
726 2500 0.1137
726 3103 0.1109
726 2993 0.0045
726 1175 0.1311
726 2925 0.1513
727 1356 0.048
727 1168 0.2243
727 2678 0.1864
727 1181 0.1401
727 2243 0.1972
727 1142 0.1857
728 1019 0.2683
729 2707 0.2538
729 1401 0.1189
730 2216 0.1248
731 912 0.2228
731 2448 0.0617
731 1357 0.0744
731 1459 0.0817
732 1659 0.0263
732 835 0.1249
732 2431 0.0168
733 2159 0.1006
734 2710 0.1425
735 1350 0.28
735 1230 0.1032
735 2205 0.0521
736 3088 0.0725
737 2586 0.1372
738 3140 0.1857
739 3139 0.1535
740 2596 0.0263
740 1414 0.2655
740 1660 0.1301
740 1917 0.0494
741 3140 0.0376
741 1431 0.0341
741 1594 0.2129
742 1626 0.0104
743 986 0.1974
743 2201 0.2731
743 3063 0.0306
743 1099 0.0528
744 2050 0.0413
744 2672 0.0774
745 2887 0.0428
745 1896 0.0675
745 1302 0.0227
745 1034 0.199
746 990 0.102
746 873 0.5129
747 2392 0.1291
747 798 0.0924
747 1473 0.025
747 3028 0.1037
748 844 0.0213
748 1015 0.0878
749 1742 0.141
750 1205 0.0438
750 1065 0.2584
751 1729 0.1643
751 1459 0.0469
752 1457 0.1679
752 891 0.0821
752 1324 0.2793
753 1029 0.1584
753 2665 0.045
753 2237 0.1487
753 931 0.0334
753 3198 0.0954
753 1949 0.1663
754 1740 0.0164
754 2864 0.0294
755 3175 0.0877
755 2304 0.3305
755 2616 0.0942
755 1448 0.0836
755 2403 0.0883
756 1292 0.0326
757 2189 0.0966
757 3113 0.0449
757 2213 0.303
757 2607 0.0539
758 1852 0.0847
758 1749 0.2005
759 2219 0.0865
760 1294 0.0336
760 2761 0.0965
761 1909 0.1619
761 2279 0.179
762 2031 0.1905
762 3193 0.2147
762 2747 0.1619
763 868 0.1117
763 2325 0.2466
764 1009 0.0498
765 2650 0.0416
767 2658 0.0662
767 2954 0.0191
767 2048 0.1235
768 2042 0.155
768 1745 0.1167
768 2227 0.0888
768 1625 0.1315
768 1934 0.1689
769 2405 0.0938
769 2170 0.1203
769 3146 0.0561
769 1247 0.0475
770 2430 0.2702
770 1738 0.028
770 2538 0.2818
772 1445 0.0455
772 1950 0.0213
773 863 0.1522
773 855 0.1541
774 2511 0.1205
774 2146 0.0545
774 2084 0.1436
775 1991 0.141
775 1250 0.3735
775 852 0.0576
776 2878 0.0526
777 1980 0.2142
778 1797 0.0819
778 1301 0.0154
778 1768 0.0004
778 984 0.0993
779 3064 0.1118
780 1426 0.1487
780 900 0.2145
780 1783 0.0668
781 3167 0.1198
781 1907 0.1902
782 1215 0.0037
783 2260 0.3607
784 1819 0.2462
784 2860 0.0452
784 1186 0.1164
784 1942 0.0728
785 1764 0.0553
785 2520 0.1678
786 1922 0.3216
786 1478 0.0846
786 2617 0.2746
786 1912 0.1693
787 1835 0.1832
787 2562 0.0884
788 1117 0.104
788 2266 0.0798
788 2293 0.2026
788 2193 0.1976
789 1021 0.2594
790 2084 0.0804
790 1324 0.0487
791 2909 0.1334
791 1560 0.0685
792 1113 0.1238
792 2102 0.0569
792 1771 0.3002
792 1629 0.2641
792 2046 0.1696
793 1769 0.1748
793 2862 0.1634
794 1071 0.0969
794 2452 0.2288
795 2610 0.1141
795 1372 0.0606
795 1630 0.0609
796 2558 0.0838
797 1115 0.7049
797 2661 0.1208
799 2082 0.0424
799 1854 0.1508
800 1090 0.1725
801 1789 0.0526
801 3137 0.0344
801 2451 0.041
802 2574 0.1197
802 1024 0.016
802 1927 0.0979
802 1667 0.1634
803 2439 0.1836
804 2386 0.1084
804 1738 0.032
805 1083 0.1132
806 2024 0.0083
806 828 0.1177
806 1987 0.209
806 3057 0.083
808 1523 0.0849
808 2878 0.1265
809 1598 0.1597
810 2475 0.1272
810 1918 0.1476
811 2226 0.0206
811 1378 0.0252
812 1531 0.1037
813 1325 0.1438
813 2870 0.3671
814 2775 0.104
814 2856 0.2722
814 1248 0.0646
814 2811 0.1659
815 3139 0.0764
815 2105 0.0451
815 2578 0.0758
816 3176 0.0482
817 1312 0.1227
817 1141 0.0076
818 2175 0.1986
818 3044 0.12
819 2091 0.054
819 2274 0.1108
819 2132 0.0842
819 2013 0.1126
820 2669 0.0483
820 2988 0.0701
820 2722 0.1324
821 1436 0.1229
822 1946 0.0383
822 2321 0.0462
823 3139 0.1714
824 1128 0.1198
824 2116 0.1226
824 3087 0.0247
825 2180 0.0645
825 1457 0.065
826 1956 0.2678
826 1961 0.0662
826 1132 0.112
826 1370 0.1968
827 2929 0.301
827 1485 0.1034
827 1970 0.1785
827 2114 0.1055
828 2508 0.3293
828 2664 0.1776
829 1169 0.0739
829 3123 0.016
829 2026 0.0332
829 2306 0.0669
830 1690 0.3002
830 993 0.0457
830 2952 0.048
830 2168 0.1904
831 2853 0.1288
833 2055 0.184
834 2335 0.1458
834 1835 0.1761
834 2116 0.1021
834 1534 0.11
834 2761 0.0995
834 2098 0.2645
836 2565 0.084
838 2257 0.1933
838 2900 0.3765
838 1757 0.2096
840 1269 0.2189
840 1185 0.0268
840 2066 0.1949
841 1561 0.1696
841 1692 0.0126
842 1868 0.0903
843 1853 0.1262
843 2656 0.1786
843 1349 0.1332
844 2771 0.0705
844 1172 0.2916
844 2014 0.0219
844 2235 0.1983
846 2412 0.0044
846 2435 0.0687
846 1474 0.0951
847 2916 0.215
848 1799 0.0604
848 1786 0.182
849 1687 0.1293
849 1944 0.1894
850 2885 0.1628
850 2608 0.1381
850 2693 0.1889
851 1736 0.004
851 3050 0.1132
852 3163 0.0394
852 1404 0.1506
853 2286 0.1113
856 2632 0.1717
856 2890 0.1674
856 950 0.2236
857 1608 0.1028
858 1408 0.2748
859 1849 0.01
859 1145 0.1399
859 1764 0.059
860 2539 0.2689
860 977 0.2382
860 1333 0.1243
861 2711 0.0633
863 2344 0.0986
863 2150 0.2255
863 2155 0.4261
863 1099 0.0861
864 2073 0.1211
864 979 0.0251
865 2807 0.0724
865 1575 0.0511
866 1038 0.1408
866 2503 0.1217
866 2131 0.1122
868 2588 0.1554
868 2585 0.0447
868 3044 0.0875
869 2272 0.0479
870 2123 0.1487
870 2433 0.1228
870 1761 0.1388
871 2949 0.2671
872 2146 0.1622
872 2815 0.1204
872 2687 0.1706
872 2504 0.3227
873 2997 0.0582
873 1222 0.0559
874 1588 0.0988
874 2145 0.0289
876 1844 0.073
877 1801 0.1474
877 2720 0.066
877 1541 0.0636
877 1033 0.042
878 2346 0.0436
878 2592 0.0899
878 1708 0.2508
879 1011 0.1764
880 1221 0.0492
880 3094 0.1415
880 3156 0.0456
880 1910 0.0316
880 3023 0.0378
881 2162 0.2717
881 962 0.0557
883 1752 0.1368
883 3051 0.0658
883 1522 0.0446
884 2309 0.0442
885 2739 0.076
885 1713 0.0775
885 1209 0.1019
885 2708 0.0485
887 1647 0.0795
887 1957 0.0417
888 1709 0.0733
888 1433 0.1717
888 3060 0.1628
889 1066 0.0195
889 3019 0.0224
890 1153 0.0159
891 1472 0.0925
893 1625 0.0324
893 2818 0.0674
896 1065 0.0213
896 2048 0.2191
897 1373 0.0748
897 2169 0.0102
898 1467 0.0505
898 1722 0.0914
898 2243 0.2054
898 1659 0.0263
899 2298 0.0865
899 900 0.1301
900 1309 0.2764
900 1726 0.1335
901 2007 0.3649
901 2896 0.2754
901 2884 0.1935
902 954 0.0632
902 1109 0.1157
902 2145 0.0224
903 1482 0.0357
904 2786 0.0064
904 3057 0.0731
904 2360 0.0249
904 1050 0.0393
905 2881 0.0503
905 1248 0.0384
905 1803 0.0328
905 2832 0.1347
906 2706 0.1399
906 2161 0.1706
906 1139 0.1863
907 2995 0.0204
907 2079 0.1598
907 2303 0.031
907 1792 0.0097
908 1643 0.0518
908 3091 0.3526
909 2621 0.131
909 3108 0.0912
909 1558 0.2624
909 1522 0.1365
909 2080 0.2037
910 1560 0.042
910 3052 0.0528
910 1832 0.1383
911 2284 0.0855
911 2833 0.2016
912 2571 0.1299
912 1780 0.0755
912 2883 0.0293
912 2544 0.1725
913 2681 0.0253
913 2477 0.1891
913 2558 0.1527
914 3007 0.1691
915 3110 0.1358
915 2584 0.1165
915 1077 0.1685
916 1558 0.1954
916 2844 0.0718
916 2520 0.1063
917 1266 0.023
917 1077 0.2604
917 2264 0.0754
918 3132 0.1147
918 2271 0.0368
920 1937 0.0499
920 2107 0.0544
920 3105 0.0713
921 2659 0.075
921 1605 0.0245
921 1165 0.0737
922 1424 0.1301
923 1909 0.2528
923 2227 0.1524
924 1577 0.0499
926 2553 0.1172
926 2948 0.0623
927 2003 0.11
929 1142 0.1759
929 3122 0.3767
930 2340 0.0507
930 2286 0.1471
930 2424 0.1025
931 1507 0.1068
931 1290 0.259
931 1600 0.0568
933 2617 0.0592
935 3136 0.091
935 2810 0.0882
936 1676 0.0919
936 1005 0.0895
937 2900 0.211
937 2627 0.3322
937 1360 0.2085
937 1954 0.0206
938 1461 0.0322
939 2496 0.0263
940 942 0.0276
940 3117 0.1187
940 2934 0.4597
940 1074 0.0257
940 2737 0.1388
941 2435 0.17
941 3184 0.1342
941 3141 0.2419
942 2173 0.0928
942 1783 0.1053
943 3054 0.0801
943 966 0.2468
943 1436 0.0627
944 1121 0.019
944 1279 0.17
945 2599 0.1353
946 2360 0.2852
947 2267 0.0452
947 1789 0.0918
947 1960 0.1303
947 3182 0.2683
948 1708 0.0243
948 2173 0.1294
948 1121 0.2767
948 2087 0.0457
950 3199 0.181
951 3181 0.1608
951 2410 0.0968
952 3159 0.0933
952 2671 0.0696
954 1345 0.0969
954 2126 0.3355
954 2184 0.0823
955 1167 0.1374
955 2294 0.1424
955 1262 0.1257
955 2721 0.092
955 3174 0.2089
955 1076 0.0993
956 1782 0.2706
956 2525 0.2695
957 3107 0.0541
957 970 0.0804
957 2905 0.0527
959 1032 0.2393
959 1443 0.0798
959 1313 0.1348
960 1948 0.1526
962 1936 0.0463
962 3133 0.1168
963 2697 0.131
966 1242 0.1017
966 2862 0.0589
967 1786 0.1199
967 2680 0.0764
967 2781 0.088
967 1954 0.1021
967 2634 0.1357
969 1004 0.0696
970 2226 0.0845
970 1478 0.0083
970 2291 0.0174
971 2351 0.1316
971 1766 0.18
972 2006 0.0396
972 1824 0.341
973 2599 0.1884
973 2304 0.1798
974 1203 0.203
975 1215 0.248
975 2515 0.1097
975 2093 0.0281
975 1568 0.083
975 1851 0.2762
975 1831 0.0487
975 2875 0.1666
977 1780 0.0497
978 2654 0.0926
978 2186 0.2837
978 1460 0.1552
979 2987 0.0361
980 1201 0.1095
980 1941 0.0344
982 1200 0.0845
982 1897 0.1569
984 2455 0.0411
984 2215 0.108
984 2255 0.0846
986 1769 0.2504
986 1793 0.064
986 1302 0.0346
987 2519 0.0256
987 2977 0.0801
987 1679 0.0138
989 2245 0.0841
989 2489 0.1114
989 1001 0.1504
989 3195 0.1756
989 1776 0.0546
989 1384 0.1523
990 1797 0.1124
990 1582 0.0491
990 1295 0.099
992 2153 0.1848
992 2567 0.1868
992 2569 0.1321
992 1112 0.0301
993 1412 0.1835
994 2614 0.0427
995 2672 0.259
995 1711 0.0031
996 2268 0.261
996 1627 0.0745
996 1202 0.2483
997 2891 0.0134
997 2516 0.0905
998 1313 0.1496
998 3045 0.1555
999 2053 0.0387
1000 2126 0.2653
1000 2964 0.0503
1000 2925 0.097
1000 2603 0.0946
1000 2278 0.0793
1000 2944 0.1599
1001 2293 0.0823
1001 1875 0.0969
1002 2009 0.2626
1003 2410 0.1596
1003 1219 0.1263
1003 1170 0.106
1004 2914 0.0663
1005 2132 0.0929
1005 2147 0.0894
1005 1527 0.2781
1007 2274 0.0694
1009 1145 0.2973
1009 2053 0.1069
1009 3018 0.113
1009 1732 0.2754
1010 2416 0.0794
1010 2015 0.2531
1010 2894 0.2638
1011 2621 0.1176
1011 2652 0.0676
1011 1741 0.1942
1011 2429 0.1219
1011 3036 0.0579
1011 1080 0.0842
1011 2830 0.0349
1012 1030 0.0226
1012 1188 0.2404
1013 1939 0.0824
1013 1769 0.1
1014 2559 0.1097
1014 1234 0.1982
1015 1832 0.0612
1016 1244 0.0944
1016 2104 0.2264
1017 1797 0.0183
1017 1048 0.0825
1018 2651 0.1458
1018 1169 0.3088
1019 1427 0.181
1019 2493 0.0787
1020 1316 0.0691
1020 1473 0.0189
1020 1340 0.2878
1020 1160 0.0307
1021 2830 0.1218
1021 2611 0.2692
1022 2357 0.1178
1022 1312 0.0206
1022 2589 0.1216
1023 2912 0.0149
1024 1563 0.3208
1024 1106 0.0435
1024 2111 0.1879
1024 1314 0.1041
1024 1616 0.4162
1024 2101 0.1546
1024 1348 0.0512
1024 1653 0.1015
1025 2697 0.0715
1027 1091 0.0915
1027 2849 0.0978
1027 2585 0.3475
1028 1667 0.0076
1028 1908 0.1006
1029 1081 0.258
1029 2287 0.0278
1029 1059 0.1159
1030 3189 0.2095
1030 2372 0.0442
1030 1121 0.19
1031 2388 0.22
1031 2474 0.1503
1031 1961 0.0222
1031 2443 0.268
1032 1385 0.2063
1033 2899 0.1399
1034 1596 0.0865
1034 2526 0.2369
1034 2203 0.1498
1034 2911 0.0905
1035 1111 0.0565
1035 2829 0.0312
1036 2692 0.4578
1037 1041 0.1008
1037 1397 0.1666
1038 3121 0.1379
1038 1917 0.0183
1038 2588 0.1468
1039 1971 0.0115
1039 1331 0.1331
1039 2802 0.291
1040 2180 0.0441
1040 1597 0.1596
1040 2674 0.1476
1041 2424 0.119
1041 1917 0.1362
1042 1064 0.0766
1043 1323 0.2686
1043 1626 0.081
1044 2076 0.1671
1045 2451 0.0677
1046 2384 0.0876
1046 3065 0.0955
1046 2047 0.1107
1047 2371 0.1594
1047 1068 0.1338
1047 3068 0.0406
1047 2930 0.0945
1048 2108 0.0723
1048 1145 0.1464
1048 2481 0.0342
1048 1126 0.0708
1049 1192 0.0454
1049 1339 0.2996
1049 2085 0.0819
1051 2332 0.1831
1051 1888 0.1609
1052 2490 0.0244
1052 1367 0.1846
1052 3036 0.0783
1052 2012 0.0873
1052 2406 0.0427
1053 1378 0.1034
1054 1080 0.0321
1054 2138 0.1551
1055 2287 0.1646
1055 2898 0.0616
1055 1661 0.1077
1056 1980 0.0491
1056 1412 0.2049
1056 2690 0.4144
1057 1726 0.0227
1057 2170 0.0915
1058 1618 0.2487
1058 2420 0.0934
1059 1386 0.1437
1059 2421 0.3743
1060 2452 0.1816
1060 1522 0.0403
1061 1330 0.0711
1061 1580 0.0632
1062 1320 0.156
1062 1317 0.16
1063 1249 0.126
1063 2987 0.4137
1063 2763 0.1266
1065 1116 0.2736
1065 2197 0.0487
1065 1965 0.0148
1065 3195 0.0453
1066 2624 0.07
1066 2651 0.0801
1066 2409 0.2133
1066 2380 0.224
1067 2308 0.2123
1069 2179 0.0412
1069 2871 0.0772
1069 2584 0.0134
1069 2450 0.1033
1069 1581 0.2015
1070 2387 0.1882
1070 2485 0.2111
1070 1514 0.1247
1070 1968 0.272
1071 2775 0.0436
1072 2884 0.0742
1072 1971 0.2588
1072 2528 0.076
1074 1721 0.1289
1074 2978 0.0362
1075 2854 0.0265
1075 2602 0.1541
1075 2579 0.0531
1075 2171 0.0571
1076 2130 0.3917
1077 2559 0.1034
1077 2314 0.0673
1077 1226 0.1253
1077 1232 0.0113
1077 1355 0.1396
1078 2418 0.1595
1078 2516 0.0655
1079 2494 0.2986
1079 2358 0.0331
1079 1265 0.0315
1080 2889 0.2179
1080 2411 0.0801
1082 1429 0.1252
1083 1834 0.1034
1083 3063 0.049
1083 2709 0.3026
1083 1662 0.0406
1084 1344 0.6479
1084 1455 0.1758
1084 1439 0.0894
1085 1750 0.0833
1085 1827 0.3364
1086 1429 0.032
1086 1237 0.2504
1086 1312 0.0512
1087 3162 0.2548
1088 1979 0.1509
1089 2681 0.0428
1089 2119 0.0531
1091 1624 0.0485
1092 2106 0.0146
1093 1711 0.1181
1093 2294 0.0594
1094 1631 0.1179
1097 1099 0.0502
1098 1386 0.2559
1098 1772 0.0759
1100 1535 0.1096
1100 1504 0.1773
1100 2096 0.2087
1100 1125 0.0634
1100 1993 0.0656
1100 2602 0.1258
1101 2875 0.1435
1102 1509 0.1789
1102 2575 0.0657
1102 1875 0.1517
1102 2519 0.0325
1102 1706 0.0958
1103 2732 0.1705
1104 1571 0.0198
1104 2785 0.073
1104 2532 0.0333
1105 1633 0.0851
1105 2963 0.0928
1105 1655 0.109
1106 1666 0.2895
1106 1390 0.0119
1106 1829 0.1263
1107 1112 0.1247
1110 1802 0.133
1110 1807 0.1686
1111 1796 0.1246
1111 1218 0.2253
1112 3151 0.0468
1113 2387 0.2087
1114 2162 0.0472
1114 1367 0.015
1114 2826 0.3224
1114 2208 0.19
1114 1958 0.0749
1114 1632 0.1821
1114 1151 0.0479
1115 2233 0.0508
1115 1390 0.0609
1115 2296 0.2385
1116 2208 0.0478
1116 2579 0.1142
1117 2042 0.1436
1117 1141 0.1345
1118 2181 0.0392
1119 1918 0.3344
1119 1565 0.0971
1120 2276 0.4244
1120 1639 0.1411
1120 2154 0.0934
1121 1893 0.1028
1122 2831 0.1062
1123 2548 0.1892
1123 1756 0.0749
1123 2759 0.0363
1123 2386 0.1905
1124 2290 0.113
1126 1216 0.0065
1128 2698 0.0356
1128 2891 0.1283
1128 2483 0.1129
1129 3036 0.0926
1129 2165 0.0715
1130 1357 0.144
1130 2814 0.0973
1130 1478 0.3155
1131 1806 0.0745
1132 2178 0.0849
1133 1475 0.2658
1133 3107 0.0684
1133 2151 0.1826
1134 1676 0.0153
1134 2311 0.0132
1134 2382 0.1111
1135 1440 0.0254
1135 2009 0.0629
1135 2019 0.1658
1136 3134 0.0044
1136 2529 0.1493
1136 1695 0.0349
1136 1398 0.1515
1137 1189 0.0463
1137 1241 0.1768
1138 1427 0.1217
1138 3040 0.233
1138 1715 0.1469
1139 2038 0.0697
1139 2185 0.1188
1140 1433 0.0572
1141 2842 0.0376
1142 1515 0.0858
1142 1386 0.1191
1142 2571 0.1356
1143 1722 0.059
1143 2679 0.1161
1143 1740 0.0433
1144 2458 0.0194
1145 2850 0.1651
1146 2916 0.142
1146 1961 0.0988
1147 2037 0.1203
1147 2636 0.2368
1147 2585 0.6885
1148 2565 0.1312
1148 3069 0.3558
1148 1968 0.2358
1148 1307 0.0098
1148 2152 0.0496
1148 3012 0.0598
1148 1315 0.4697
1149 1695 0.0984
1150 1947 0.063
1150 2655 0.1683
1151 2928 0.1105
1152 1871 0.1135
1152 2884 0.0555
1152 2751 0.0667
1153 2737 0.1274
1153 3141 0.2497
1153 2465 0.0723
1154 1838 0.0979
1154 1457 0.127
1154 1952 0.1486
1155 1551 0.141
1155 1473 0.0514
1156 1585 0.0641
1157 2169 0.1415
1157 1939 0.1335
1158 2829 0.0365
1159 1599 0.0224
1159 3146 0.1266
1159 2778 0.0356
1160 1193 0.0632
1161 1641 0.1014
1161 1335 0.0629
1162 1282 0.1469
1165 3031 0.0508
1166 3180 0.071
1167 1980 0.2901
1168 1378 0.2286
1169 2478 0.0374
1169 2481 0.2715
1169 2221 0.1447
1170 2631 0.1199
1171 1337 0.0316
1171 1422 0.3485
1172 2886 0.0092
1172 2764 0.2564
1172 1843 0.0867
1172 2128 0.0524
1173 1860 0.0492
1173 1743 0.2024
1174 2182 0.1901
1174 1245 0.1712
1175 1730 0.2198
1175 2718 0.0913
1176 2767 0.1247
1176 1300 0.0689
1176 2107 0.0533
1176 1275 0.1662
1176 2284 0.0934
1177 2958 0.0406
1178 2656 0.0311
1179 1707 0.0983
1180 2453 0.0389
1180 2674 0.1093
1180 1587 0.0503
1181 2994 0.1564
1181 1309 0.0973
1181 2575 0.2132
1182 1837 0.2943
1182 2947 0.1153
1182 2692 0.2318
1183 1322 0.0633
1183 2635 0.0581
1183 1678 0.0604
1184 2801 0.4422
1185 3134 0.2984
1185 1481 0.2014
1185 1707 0.1104
1186 2568 0.3576
1187 2028 0.056
1189 1485 0.2397
1189 2438 0.156
1189 1432 0.2723
1190 2079 0.0329
1190 1303 0.1001
1191 1880 0.0449
1191 2814 0.2082
1191 1441 0.0554
1191 1394 0.141
1191 2062 0.0859
1193 1560 0.0398
1193 1369 0.0217
1194 1355 0.1179
1194 1612 0.1702
1195 1753 0.2057
1195 2546 0.1648
1196 2528 0.1579
1197 1634 0.0495
1199 2167 0.0281
1199 3030 0.0822
1201 2530 0.3317
1201 1684 0.1328
1201 3198 0.1157
1202 1655 0.0255
1202 1750 0.0816
1202 2435 0.1306
1203 2092 0.0392
1203 1799 0.0059
1204 2482 0.2154
1206 2717 0.1462
1206 1626 0.164
1207 1214 0.047
1207 2110 0.1203
1207 2030 0.1175
1208 2408 0.0796
1210 1353 0.1309
1210 3070 0.2581
1211 2726 0.1687
1213 2690 0.0234
1213 1668 0.0217
1214 1294 0.0172
1214 2170 0.026
1214 2192 0.046
1214 2650 0.3479
1215 2574 0.1005
1216 1420 0.1584
1216 1296 0.0686
1216 2355 0.3058
1217 1504 0.005
1217 2706 0.0659
1217 2730 0.0528
1219 1529 0.0772
1220 3193 0.0334
1220 1592 0.1612
1221 1412 0.0507
1221 2781 0.2819
1221 3193 0.1693
1222 1778 0.1243
1222 2651 0.0205
1222 1491 0.0444
1222 2997 0.2754
1223 2293 0.0781
1223 1780 0.1776
1223 1567 0.043
1224 1333 0.0798
1224 2642 0.2281
1224 2123 0.0549
1224 1864 0.1789
1225 2090 0.1846
1226 1760 0.1942
1227 1901 0.0931
1227 2275 0.0878
1228 2194 0.1211
1228 2769 0.0944
1229 2243 0.0152
1229 1294 0.0909
1229 2474 0.0142
1229 2913 0.2113
1229 1399 0.0968
1230 2574 0.0454
1230 2741 0.0793
1230 2955 0.0253
1231 2839 0.1038
1231 2379 0.0656
1232 1647 0.0788
1232 2854 0.2451
1233 1587 0.2073
1233 1964 0.0143
1233 1736 0.0497
1233 1546 0.0327
1234 2226 0.1661
1234 2138 0.0768
1235 3020 0.1117
1235 1911 0.1965
1235 3192 0.1807
1236 2559 0.0743
1238 2608 0.1612
1238 2502 0.0977
1238 1449 0.2225
1238 1917 0.1735
1238 2223 0.1369
1238 2548 0.0514
1240 2817 0.1269
1240 2794 0.2096
1240 2109 0.0968
1242 2988 0.0444
1243 2165 0.2293
1243 3048 0.0185
1244 3107 0.1314
1245 1902 0.1984
1245 3037 0.0412
1245 1807 0.0838
1246 3171 0.3577
1246 1491 0.0803
1246 1591 0.075
1247 1345 0.1283
1247 3095 0.2367
1248 1626 0.1405
1249 2649 0.2217
1249 2103 0.0609
1251 2327 0.0597
1251 3122 0.0171
1251 1524 0.3465
1251 2787 0.0674
1251 1743 0.1934
1252 1485 0.0225
1253 2946 0.0493
1254 2945 0.2429
1254 1927 0.3101
1254 2699 0.0637
1254 1533 0.1897
1255 1935 0.0557
1256 3166 0.2583
1256 2878 0.0528
1256 2617 0.0448
1257 2835 0.0832
1259 1955 0.048
1259 2129 0.1283
1260 2876 0.1567
1262 1400 0.0955
1262 2870 0.2117
1263 1293 0.0897
1263 1958 0.1434
1264 2169 0.1034
1264 1439 0.1785
1265 1621 0.1347
1265 2112 0.2794
1265 2558 0.0927
1265 2085 0.1209
1266 2409 0.0269
1266 1575 0.1698
1267 2681 0.0533
1268 1505 0.3225
1268 2558 0.1974
1268 1861 0.2392
1269 1969 0.2796
1270 2710 0.5523
1272 2852 0.2081
1272 2252 0.1506
1272 2060 0.0905
1272 2231 0.0518
1272 1984 0.1495
1274 1591 0.307
1274 3050 0.1774
1274 1659 0.2733
1275 1533 0.0369
1275 1484 0.0351
1275 2604 0.2754
1275 3082 0.1412
1276 3134 0.1396
1276 1443 0.0168
1276 2135 0.1195
1277 1999 0.07
1277 1656 0.0821
1277 2685 0.1373
1277 1971 0.0508
1278 2473 0.1663
1279 2525 0.028
1280 2707 0.0437
1280 1460 0.2227
1280 2352 0.0862
1281 3068 0.0431
1281 2645 0.0703
1282 2451 0.0533
1283 2496 0.1294
1283 1333 0.1679
1283 2465 0.0199
1287 3030 0.0825
1288 2315 0.4004
1288 2265 0.1513
1289 1551 0.0975
1290 1720 0.0395
1290 2049 0.2594
1290 3121 0.0308
1290 2352 0.0865
1291 1343 0.043
1291 2673 0.2256
1292 1652 0.0643
1292 3042 0.1395
1293 2626 0.0598
1293 1826 0.1123
1294 2882 0.2164
1294 1746 0.3247
1294 1771 0.283
1295 2129 0.0953
1295 2719 0.0212
1297 2474 0.1892
1297 2338 0.2221
1297 2151 0.1185
1297 2186 0.0185
1298 1792 0.0833
1299 2815 0.0915
1299 2896 0.0461
1300 3129 0.2508
1300 3093 0.0664
1301 1667 0.1414
1301 2362 0.0253
1302 1815 0.1728
1303 1629 0.1115
1303 2455 0.0307
1304 2019 0.1099
1304 1774 0.2523
1305 1983 0.1876
1305 2753 0.1008
1306 1675 0.0936
1307 3169 0.0441
1307 2557 0.0622
1307 2590 0.0652
1308 2063 0.0637
1308 1477 0.2721
1309 2393 0.0381
1309 1662 0.0745
1310 2826 0.0475
1310 1410 0.4785
1311 1806 0.1002
1311 2705 0.2933
1311 2506 0.2882
1313 2411 0.1103
1313 2514 0.1728
1314 2215 0.2245
1314 3075 0.0975
1315 3073 0.153
1317 2216 0.0591
1317 1443 0.0627
1317 1570 0.2745
1318 2214 0.1385
1319 1999 0.0724
1319 2066 0.185
1319 1473 0.4216
1320 2158 0.3514
1320 3197 0.2391
1321 2711 0.1048
1321 1781 0.2847
1322 2008 0.0605
1322 2323 0.0817
1322 1653 0.0337
1322 2366 0.015
1323 1399 0.0705
1323 1676 0.1195
1324 2915 0.6153
1324 3105 0.1016
1325 1483 0.1006
1325 2418 0.1151
1328 2431 0.1819
1328 2103 0.1884
1328 3091 0.1669
1329 2510 0.169
1330 2372 0.0654
1330 3066 0.2469
1330 3089 0.0945
1330 3132 0.1493
1331 2947 0.0696
1332 1388 0.0434
1332 1342 0.37
1333 1679 0.0199
1333 3003 0.0453
1334 2954 0.1302
1334 3106 0.2721
1335 2985 0.1835
1336 2211 0.1467
1336 2563 0.0765
1337 2024 0.3195
1337 2200 0.1073
1337 2879 0.0626
1338 1468 0.1386
1339 1976 0.1025
1339 1991 0.0694
1340 2016 0.0202
1340 2915 0.1761
1341 2012 0.0973
1341 3002 0.1581
1341 1714 0.086
1342 2530 0.1913
1342 2758 0.4262
1343 1492 0.2815
1343 2897 0.0843
1343 2693 0.1396
1344 2586 0.2211
1344 3025 0.0563
1344 2971 0.4149
1344 1372 0.1574
1344 2342 0.0952
1345 1640 0.2428
1345 1643 0.1636
1345 2229 0.3108
1346 1501 0.1838
1346 1829 0.3017
1348 2010 0.1763
1350 3036 0.1886
1351 2189 0.2212
1353 1526 0.2664
1354 2303 0.1194
1355 1559 0.01
1356 2202 0.1749
1357 2347 0.0165
1357 1953 0.0689
1358 1552 0.3546
1360 2870 0.0936
1360 1724 0.1667
1362 2457 0.1775
1362 1850 0.1599
1362 2982 0.2199
1363 2251 0.178
1363 1828 0.3138
1363 3043 0.0196
1364 1474 0.0831
1364 2786 0.105
1364 2199 0.0184
1365 2185 0.2524
1365 1924 0.1575
1365 2531 0.1624
1368 1660 0.3031
1369 2735 0.0519
1369 2716 0.0527
1370 2145 0.3477
1370 2550 0.064
1370 2441 0.0681
1371 3084 0.126
1372 2444 0.0517
1372 2495 0.0466
1372 2506 0.1398
1372 2148 0.157
1373 2189 0.1198
1373 3001 0.0324
1374 2492 0.1427
1375 2664 0.0633
1376 2616 0.1214
1376 1624 0.1488
1376 3089 0.0289
1377 1554 0.0797
1377 2464 0.0714
1377 3159 0.2262
1377 2433 0.1082
1378 1667 0.0901
1378 2380 0.2185
1381 1808 0.2045
1381 1996 0.33
1382 2751 0.1
1382 2686 0.0644
1383 2910 0.1847
1383 2770 0.3481
1383 2929 0.0459
1383 2796 0.0495
1385 2703 0.1035
1385 2288 0.0631
1386 2735 0.1048
1387 2064 0.1148
1387 1751 0.0876
1389 2560 0.2702
1389 2797 0.1748
1389 1532 0.0492
1389 2048 0.086
1390 2723 0.0386
1390 2030 0.1499
1391 2407 0.2511
1392 3068 0.1243
1392 2081 0.1847
1393 2441 0.4024
1394 2643 0.1327
1394 2784 0.1127
1394 3047 0.052
1395 1538 0.0276
1397 2042 0.1532
1398 2575 0.0549
1399 2051 0.1793
1400 2482 0.1708
1401 1585 0.148
1401 2920 0.2503
1401 1858 0.1868
1402 2556 0.1193
1404 2870 0.4743
1404 2254 0.0594
1404 2717 0.0283
1405 1531 0.2118
1405 2174 0.0508
1405 1634 0.105
1406 1732 0.0432
1406 1925 0.0501
1407 2902 0.0902
1407 2458 0.0849
1407 1607 0.0702
1407 1730 0.0595
1408 2189 0.1622
1408 2002 0.0903
1408 2751 0.1528
1409 2774 0.4838
1409 2670 0.0643
1409 2016 0.0538
1409 2440 0.0293
1410 1876 0.1957
1411 1586 0.2479
1411 1714 0.0812
1411 2756 0.1127
1413 1979 0.1062
1414 1981 0.1557
1414 1784 0.2215
1415 2989 0.0595
1417 1531 0.0902
1418 2319 0.1117
1418 2438 0.0102
1419 2168 0.1497
1419 3061 0.0285
1419 2248 0.1534
1421 3029 0.0398
1422 2582 0.1467
1422 1922 0.1201
1423 2485 0.3162
1423 3168 0.2808
1423 2195 0.1468
1424 2546 0.0979
1424 2575 0.2539
1424 2800 0.1622
1427 2210 0.257
1427 2249 0.0659
1427 2954 0.0511
1427 1494 0.1776
1428 3139 0.1342
1428 2828 0.1798
1429 2288 0.2036
1429 1626 0.1314
1430 2621 0.178
1431 2082 0.2123
1431 3104 0.1725
1431 2779 0.2093
1435 2359 0.4274
1436 1457 0.0841
1436 1682 0.0748
1437 2688 0.0503
1438 2708 0.188
1439 2511 0.1296
1440 2152 0.0945
1441 2006 0.1025
1442 2185 0.0231
1443 2695 0.277
1443 1505 0.0295
1443 2308 0.6253
1443 2810 0.0207
1443 1465 0.3473
1443 2133 0.177
1444 2619 0.006
1444 2760 0.1519
1446 1950 0.0856
1447 2069 0.0645
1448 1611 0.1695
1448 2684 0.095
1448 1604 0.0653
1450 2494 0.1304
1451 2007 0.1014
1451 1670 0.1527
1452 2121 0.1453
1452 1849 0.0683
1452 2946 0.1512
1452 2792 0.1724
1453 1865 0.1544
1453 3145 0.1491
1454 2158 0.2036
1454 1914 0.0592
1455 2986 0.0586
1456 3061 0.1623
1456 2282 0.3007
1457 1847 0.0989
1458 1544 0.129
1458 2018 0.1958
1458 1573 0.0107
1459 2555 0.1568
1459 2599 0.2975
1460 2077 0.0697
1461 2536 0.0845
1461 2380 0.2013
1461 2333 0.148
1462 2856 0.1749
1464 3127 0.2798
1465 2155 0.2228
1465 2779 0.1158
1466 2082 0.0158
1466 2005 0.1584
1466 3065 0.1247
1466 2272 0.2993
1468 2799 0.0892
1469 2946 0.0303
1471 2428 0.0912
1471 2063 0.1384
1471 2726 0.1517
1472 2101 0.1625
1475 2471 0.1978
1478 2147 0.0576
1478 3126 0.1247
1478 1484 0.0786
1479 2340 0.0651
1479 2776 0.0242
1479 2019 0.0332
1482 2365 0.1327
1483 2711 0.0553
1483 1505 0.2398
1483 2152 0.1114
1484 2149 0.0451
1484 1634 0.0375
1485 2950 0.1729
1486 2129 0.4182
1486 2000 0.0801
1488 1940 0.2155
1489 2350 0.2549
1489 1571 0.003
1489 1618 0.1152
1490 1853 0.2411
1490 2615 0.1521
1491 1523 0.0576
1492 2518 0.0203
1492 2293 0.2465
1492 2485 0.1654
1492 1793 0.0497
1493 2622 0.2204
1495 2368 0.0741
1495 1980 0.0105
1495 2365 0.22
1495 2482 0.0441
1496 1814 0.046
1498 2099 0.1684
1498 2337 0.1749
1499 2817 0.0228
1499 1685 0.6819
1499 3197 0.037
1500 1807 0.106
1501 2767 0.0293
1502 1586 0.0561
1502 1795 0.1563
1502 2930 0.1223
1503 2970 0.0694
1504 2305 0.1461
1505 1865 0.0933
1506 2497 0.0865
1506 2767 0.4576
1506 3189 0.0563
1506 2645 0.2554
1507 2865 0.3366
1508 2018 0.0433
1508 1860 0.1795
1508 1864 0.1158
1509 1999 0.1707
1510 2264 0.0921
1510 1776 0.1357
1510 2001 0.0911
1511 2715 0.1043
1511 2825 0.1856
1511 2279 0.3088
1513 2510 0.0529
1515 1714 0.2164
1515 2124 0.0993
1516 2000 0.0424
1516 2064 0.1222
1517 1917 0.0673
1517 2317 0.0549
1519 2309 0.4075
1521 1624 0.1063
1521 3036 0.0853
1521 2382 0.0428
1522 2787 0.0697
1523 2679 0.1235
1523 1629 0.1085
1524 2693 0.1419
1525 2997 0.1046
1525 2213 0.0607
1526 1716 0.0904
1526 2047 0.1077
1526 2314 0.1677
1529 2163 0.2176
1529 3110 0.0703
1530 2244 0.4686
1531 2860 0.5059
1531 2644 0.2172
1534 2779 0.2664
1534 2568 0.1941
1535 1704 0.1653
1535 1963 0.0398
1535 3090 0.1241
1536 2858 0.0531
1536 2976 0.2065
1537 1617 0.1836
1537 2102 0.1115
1537 2006 0.0743
1537 2622 0.2394
1538 2632 0.1503
1538 1806 0.147
1538 2442 0.1324
1539 2788 0.1164
1540 2736 0.0145
1541 2127 0.0626
1541 2389 0.1124
1541 2555 0.076
1542 2497 0.0903
1542 3027 0.0867
1545 3045 0.0943
1546 2037 0.0992
1546 3081 0.0154
1547 2577 0.1227
1547 2707 0.2324
1548 2522 0.1547
1548 3176 0.116
1550 3110 0.5073
1551 2526 0.1577
1551 1591 0.0921
1552 2994 0.0809
1552 1966 0.1624
1553 1672 0.1251
1553 2615 0.0689
1556 2668 0.0998
1556 1790 0.5844
1557 3025 0.0978
1557 2849 0.2185
1558 2181 0.0226
1558 2114 0.1391
1559 1710 0.2624
1559 2480 0.0748
1561 2258 0.1922
1563 2545 0.0893
1564 2351 0.0784
1564 2378 0.2412
1568 2081 0.0639
1569 3134 0.0719
1569 2972 0.1121
1570 1981 0.0836
1570 2297 0.4369
1570 2931 0.0798
1571 1901 0.0593
1572 1973 0.1408
1572 2196 0.1212
1573 3184 0.0351
1573 2885 0.085
1573 2810 0.2031
1573 2245 0.2086
1573 2893 0.3744
1574 3001 0.1048
1574 2489 0.0143
1574 2079 0.0361
1574 3085 0.1349
1575 2881 0.2118
1575 2005 0.035
1577 2007 0.0937
1577 2125 0.0933
1577 3025 0.334
1578 2398 0.1406
1578 2254 0.155
1579 2706 0.1136
1579 2992 0.1489
1579 2511 0.0181
1580 1923 0.097
1580 2897 0.2303
1581 2183 0.6643
1583 1819 0.0812
1583 1892 0.2507
1584 2123 0.1257
1584 2237 0.0128
1584 3199 0.0553
1585 2622 0.1734
1586 2570 0.3081
1587 2024 0.0374
1587 1838 0.0489
1587 2270 0.0596
1588 2072 0.0945
1588 2308 0.2024
1589 2566 0.0771
1589 1908 0.0831
1589 2856 0.238
1590 3053 0.1253
1590 2218 0.21
1590 2210 0.0893
1591 1655 0.0808
1591 2589 0.0938
1591 2654 0.0782
1592 2817 0.1252
1593 2753 0.1772
1594 3182 0.0505
1594 2431 0.0677
1595 1791 0.2168
1595 2884 0.0989
1595 2497 0.0785
1598 1952 0.1482
1598 2849 0.0223
1599 1653 0.0376
1599 2710 0.0822
1599 2264 0.131
1599 2609 0.0402
1601 1889 0.079
1602 2200 0.1045
1602 2958 0.2641
1602 2606 0.154
1603 3129 0.1567
1603 1648 0.0518
1603 2132 0.1939
1603 1804 0.0909
1604 1810 0.0904
1605 1617 0.1054
1605 2308 0.1104
1605 1894 0.0597
1605 2010 0.0311
1606 2033 0.0875
1606 1961 0.0523
1607 2059 0.0309
1608 3024 0.0236
1609 1740 0.0592
1609 1712 0.0272
1609 2199 0.025
1609 1840 0.0516
1610 2240 0.1256
1611 2640 0.1261
1611 1639 0.026
1611 2870 0.1043
1611 2619 0.0038
1611 3157 0.4129
1612 2468 0.1324
1612 3195 0.0136
1613 2515 0.0769
1614 2134 0.0501
1614 2494 0.0212
1615 1905 0.2624
1615 1900 0.2092
1616 2012 0.051
1617 2537 0.0789
1617 3087 0.1131
1617 1788 0.1758
1617 1780 0.065
1617 1803 0.0791
1619 2369 0.1353
1619 3082 0.148
1619 1757 0.0723
1620 1895 0.0596
1621 3152 0.4016
1622 1961 0.5439
1622 2812 0.115
1625 3174 0.0127
1626 1724 0.1267
1628 2179 0.0378
1629 3020 0.2753
1630 2361 0.175
1631 2023 0.1054
1631 2962 0.0656
1631 2172 0.0345
1632 1787 0.0426
1633 2181 0.2181
1633 2031 0.3371
1634 2514 0.1
1635 2692 0.2805
1635 2914 0.0529
1638 1993 0.1373
1639 1850 0.0126
1640 2623 0.0303
1641 2073 0.1042
1641 2447 0.0682
1642 2378 0.3538
1643 2742 0.1803
1644 2250 0.18
1644 2392 0.146
1645 2420 0.1219
1645 2070 0.3444
1646 2991 0.1512
1646 2321 0.1973
1647 3013 0.333
1648 2644 0.1202
1648 2945 0.1278
1649 2477 0.0867
1649 1758 0.1967
1649 2043 0.1291
1650 2674 0.1612
1650 2092 0.0263
1651 2228 0.0794
1652 2680 0.0955
1653 3038 0.2452
1653 1989 0.3589
1659 1975 0.21
1660 2458 0.1605
1661 2069 0.2036
1661 2470 0.0118
1662 2350 0.0496
1662 3008 0.1461
1663 2453 0.1816
1663 2354 0.3428
1664 2972 0.0238
1664 2763 0.2023
1665 2907 0.0424
1665 1836 0.073
1666 2136 0.0811
1667 3095 0.0415
1667 2553 0.0944
1667 2362 0.072
1667 2935 0.0831
1668 2766 0.0073
1669 2594 0.0111
1669 2855 0.1212
1669 2539 0.0196
1669 1861 0.0085
1672 2356 0.1604
1672 2011 0.0798
1672 2420 0.0557
1674 2124 0.3149
1675 2179 0.0805
1676 3169 0.1774
1676 1680 0.0806
1677 2570 0.0656
1677 2265 0.1034
1677 3140 0.1357
1677 2258 0.1969
1678 1931 0.0513
1679 2190 0.0141
1679 2387 0.2584
1681 2541 0.156
1681 2014 0.1832
1682 1905 0.1421
1682 2864 0.2232
1683 1992 0.4117
1683 2143 0.1708
1684 2875 0.182
1684 2354 0.2191
1685 1795 0.1541
1685 2344 0.148
1686 2872 0.1425
1686 3152 0.0884
1687 2758 0.2121
1688 2022 0.0835
1688 2751 0.0208
1689 2038 0.1196
1690 2309 0.3162
1692 2074 0.1763
1693 2458 0.1467
1695 1735 0.3998
1697 2131 0.1674
1697 2248 0.3488
1697 2478 0.3095
1698 2682 0.2041
1698 2327 0.0589
1699 2683 0.0492
1699 2055 0.1915
1699 2587 0.4699
1700 2641 0.0652
1701 1912 0.018
1701 1777 0.1051
1703 1777 0.0404
1703 2074 0.1903
1703 3161 0.0651
1705 2669 0.0362
1706 2882 0.237
1707 1788 0.0789
1707 1808 0.005
1707 2037 0.0166
1708 3115 0.0651
1709 2087 0.0571
1710 2728 0.0374
1710 3030 0.0354
1710 2757 0.1179
1710 1753 0.0689
1711 2177 0.0344
1712 2674 0.3087
1713 2933 0.3312
1714 2741 0.147
1714 1935 0.0748
1714 2567 0.0749
1715 2113 0.0847
1717 1875 0.0899
1719 2634 0.0158
1720 2201 0.1112
1720 3019 0.0202
1720 2068 0.06
1721 1902 0.0515
1722 2723 0.0376
1723 1885 0.1997
1724 2157 0.058
1724 1734 0.1268
1725 1816 0.363
1725 2485 0.3419
1726 1846 0.0712
1727 1754 0.0719
1728 1800 0.131
1730 1960 0.0103
1730 2374 0.0686
1730 2285 0.1402
1731 1760 0.1314
1733 2823 0.0985
1733 2358 0.1768
1734 2987 0.1201
1735 2935 0.0539
1736 2150 0.0767
1736 1965 0.1854
1736 3117 0.124
1737 2808 0.0664
1738 1843 0.1408
1738 2826 0.0641
1739 2215 0.0398
1740 2636 0.2168
1740 3171 0.0981
1740 2685 0.1058
1742 2064 0.4252
1746 3040 0.0529
1746 2580 0.1723
1746 2184 0.081
1747 2567 0.1182
1747 2948 0.087
1748 3094 0.0304
1748 2535 0.143
1748 3175 0.2304
1748 2217 0.3037
1749 2151 0.0383
1749 2016 0.1174
1749 1921 0.0451
1751 3156 0.0651
1751 1948 0.0391
1752 2068 0.1103
1753 2100 0.1803
1753 2888 0.1538
1753 1915 0.5163
1754 2838 0.0687
1754 2883 0.2047
1756 3158 0.1051
1758 2226 0.0684
1759 1929 0.1478
1760 2104 0.0728
1760 2831 0.1259
1761 3046 0.1159
1765 1848 0.1814
1765 2863 0.099
1765 2469 0.018
1767 1861 0.1955
1770 2998 0.1604
1770 2948 0.1941
1771 2454 0.2752
1772 2349 0.0637
1772 2316 0.1521
1772 3013 0.0247
1772 2312 0.1388
1773 2156 0.0581
1773 2037 0.079
1774 2988 0.1307
1775 2773 0.0639
1776 1989 0.1701
1777 2073 0.0609
1777 2033 0.0898
1778 2800 0.2412
1779 2527 0.3548
1780 2438 0.1069
1780 2044 0.047
1781 2739 0.1685
1782 2938 0.0425
1784 2887 0.1715
1785 3059 0.4425
1785 3183 0.2987
1786 2481 0.0535
1787 3070 0.1336
1790 1960 0.0329
1790 2107 0.2219
1791 2881 0.2373
1791 2563 0.1922
1792 2522 0.0735
1792 2610 0.0344
1793 3021 0.1672
1794 2997 0.0298
1795 2614 0.1558
1795 1917 0.1936
1796 2434 0.1733
1797 2934 0.1047
1799 3029 0.0525
1800 2156 0.0804
1800 1979 0.0363
1801 2067 0.1166
1801 2051 0.0934
1801 2032 0.1651
1802 2841 0.1091
1803 2744 0.0348
1805 2075 0.2591
1806 2185 0.2908
1806 2606 0.0656
1808 2590 0.1099
1809 2744 0.0953
1809 2962 0.1126
1811 3114 0.2353
1811 2496 0.0885
1813 2812 0.0801
1815 2609 0.184
1816 2622 0.0514
1816 2278 0.1832
1816 2956 0.0907
1818 2728 0.0955
1819 2720 0.2315
1821 2169 0.2619
1821 2729 0.1291
1821 2883 0.1865
1822 2070 0.027
1823 2785 0.0405
1823 2876 0.1091
1825 1837 0.0268
1826 2971 0.2063
1826 1928 0.1913
1826 2782 0.0294
1828 2000 0.3061
1829 2399 0.1412
1833 3010 0.0073
1834 2361 0.5098
1834 2419 0.2284
1834 2162 0.2566
1836 2958 0.0805
1836 2450 0.1634
1837 2598 0.0543
1838 2667 0.1013
1838 2743 0.0041
1838 2080 0.0858
1839 2104 0.0569
1840 2352 0.0678
1840 3043 0.0918
1840 2922 0.2143
1841 2995 0.1523
1841 3102 0.0377
1842 3092 0.072
1843 2723 0.1132
1844 1858 0.1515
1844 2601 0.1825
1844 1876 0.2047
1844 2657 0.4642
1846 2423 0.0868
1846 2246 0.1386
1846 3183 0.1399
1846 3179 0.0168
1847 1878 0.1338
1847 2128 0.0882
1849 2945 0.1093
1850 3176 0.12
1850 2485 0.2852
1851 2302 0.0401
1851 2879 0.0824
1852 1891 0.1996
1852 2941 0.0935
1854 2092 0.1234
1854 2415 0.05
1856 3196 0.11
1858 2225 0.1496
1858 2931 0.0756
1859 3064 0.0918
1860 2181 0.2869
1860 2830 0.1042
1861 2110 0.0086
1862 2185 0.0772
1863 2600 0.1841
1863 2036 0.1462
1864 2721 0.0379
1865 2573 0.0915
1866 2182 0.1221
1866 1997 0.1114
1869 2954 0.2233
1870 2862 0.0793
1870 2838 0.2846
1871 2197 0.1073
1872 2350 0.4126
1872 2505 0.0914
1877 2744 0.0383
1877 3154 0.1473
1877 2835 0.3345
1878 2212 0.1579
1878 2452 0.0899
1878 2644 0.1586
1878 2436 0.0593
1879 2780 0.0488
1879 2905 0.0486
1880 2291 0.2644
1881 1984 0.0214
1881 2840 0.1812
1882 2896 0.1419
1882 3101 0.0719
1883 2911 0.039
1885 2665 0.1589
1886 3067 0.1741
1887 2070 0.112
1887 2305 0.1005
1887 3180 0.3266
1889 2818 0.0189
1889 2302 0.0499
1889 2163 0.1997
1890 2543 0.0886
1890 3115 0.16
1892 2950 0.0292
1893 2473 0.086
1893 2053 0.2281
1895 1910 0.1574
1896 2015 0.1322
1898 2928 0.2909
1898 2221 0.0249
1898 2248 0.1326
1899 2528 0.1995
1899 3181 0.0688
1901 1932 0.3262
1901 2747 0.1871
1902 2331 0.1341
1902 2252 0.0033
1902 2071 0.1036
1903 2196 0.2688
1904 2998 0.0553
1904 2807 0.1049
1905 2169 0.2934
1908 2498 0.177
1909 2279 0.1702
1909 2957 0.0629
1909 2151 0.042
1911 2832 0.0103
1912 2228 0.2732
1912 2704 0.0701
1913 1995 0.0856
1914 2334 0.1156
1915 2325 0.3097
1916 3188 0.1366
1916 2403 0.2975
1917 2529 0.1101
1918 3098 0.0472
1918 2711 0.1457
1919 2172 0.3337
1919 2277 0.0823
1919 3002 0.0252
1920 2928 0.2
1920 3107 0.3156
1920 3074 0.1805
1920 1925 0.0516
1921 2587 0.0836
1922 2056 0.0369
1922 2309 0.0333
1923 3038 0.1099
1923 3074 0.0582
1923 2074 0.0773
1924 2649 0.0711
1926 1949 0.1355
1927 2936 0.2679
1929 2194 0.1966
1929 1975 0.0405
1929 1969 0.2074
1930 2654 0.364
1930 2631 0.1161
1930 2936 0.1757
1930 3025 0.2276
1930 2871 0.0672
1931 3168 0.0557
1931 2425 0.1979
1931 2096 0.2397
1932 2046 0.0804
1933 2157 0.0386
1933 2732 0.1221
1934 3057 0.0058
1935 3114 0.1161
1935 3186 0.1043
1935 3143 0.3005
1935 2470 0.0368
1935 2449 0.0759
1937 2161 0.1274
1938 3064 0.0946
1939 2022 0.0116
1941 2961 0.0709
1941 2158 0.1577
1941 2750 0.3005
1942 2816 0.1553
1942 2864 0.0518
1943 2071 0.145
1943 2528 0.1127
1943 2609 0.0506
1944 2901 0.1411
1945 2931 0.0848
1946 2975 0.2766
1947 2239 0.132
1947 3190 0.0068
1948 2320 0.0444
1948 2291 0.0427
1948 3162 0.18
1950 2026 0.11
1951 2108 0.0628
1951 2371 0.2182
1953 2472 0.1482
1953 2151 0.0374
1954 3037 0.0858
1957 2669 0.066
1958 2857 0.1089
1958 3035 0.1194
1958 2010 0.1096
1958 2598 0.0247
1959 2183 0.097
1960 2247 0.0829
1961 2527 0.1112
1962 2766 0.0971
1962 2021 0.4241
1963 3111 0.1015
1963 2934 0.0433
1964 2157 0.1676
1965 2148 0.1578
1967 2986 0.1075
1968 2237 0.1417
1970 2135 0.0611
1970 2432 0.1194
1971 2769 0.2304
1972 2392 0.0937
1972 2427 0.152
1972 2193 0.2644
1973 3190 0.0271
1975 2022 0.0668
1975 2673 0.0644
1976 2668 0.0823
1977 2876 0.065
1977 2651 0.1676
1978 2844 0.2155
1978 2833 0.0204
1982 2184 0.2144
1982 2253 0.1943
1982 2409 0.094
1983 2461 0.0276
1983 2079 0.1211
1983 3167 0.1207
1983 2470 0.6427
1985 2844 0.0993
1988 2809 0.1611
1990 3053 0.1521
1992 2931 0.1472
1992 2951 0.0265
1992 2184 0.0699
1992 2560 0.1058
1992 2545 0.1407
1993 2660 0.0751
1995 2335 0.0136
1997 2911 0.0649
1998 2743 0.0946
1999 2418 0.1488
2000 2313 0.1507
2002 2297 0.3265
2002 2854 0.0526
2002 2055 0.1602
2002 2446 0.1042
2002 2435 0.0692
2003 2848 0.0361
2004 3003 0.0841
2004 2407 0.0966
2005 2937 0.008
2005 2549 0.103
2006 2781 0.096
2006 2179 0.4859
2007 2829 0.2738
2009 2386 0.1121
2010 2409 0.233
2012 3014 0.1966
2013 2039 0.7118
2016 2520 0.1182
2019 2750 0.0421
2019 2968 0.0898
2020 2174 0.1497
2021 3101 0.0149
2021 2829 0.2374
2024 2131 0.0651
2026 2478 0.1522
2026 2590 0.2597
2027 2425 0.0971
2027 3016 0.0265
2028 2707 0.0302
2029 2461 0.0051
2029 2807 0.0444
2030 3009 0.063
2031 2214 0.0134
2032 2649 0.0969
2033 2267 0.0985
2033 2283 0.0872
2033 2667 0.2868
2035 3059 0.0634
2036 2882 0.0667
2036 2811 0.038
2038 2419 0.117
2039 2617 0.0496
2040 2126 0.0317
2040 3150 0.057
2041 3003 0.0454
2042 2375 0.1979
2042 2593 0.0498
2044 2630 0.1377
2046 3092 0.2166
2049 2495 0.057
2051 2145 0.0201
2051 2705 0.026
2052 2590 0.1413
2052 2958 0.0717
2053 2704 0.1298
2054 2751 0.0273
2056 2314 0.133
2057 2325 0.0792
2057 2877 0.0307
2057 2907 0.4147
2060 2778 0.0871
2061 2968 0.0434
2061 2393 0.2005
2061 2986 0.4168
2062 2679 0.0324
2062 2716 0.0442
2064 3197 0.1554
2065 2715 0.1176
2065 2068 0.0292
2066 2564 0.0933
2067 2149 0.2447
2068 3017 0.1789
2072 2817 0.213
2074 3048 0.0704
2075 2336 0.0605
2077 2304 0.1842
2078 2086 0.0948
2078 2460 0.0453
2082 3095 0.1958
2082 2122 0.2519
2084 2091 0.2131
2084 2456 0.1819
2084 3089 0.2477
2085 2130 0.0348
2086 2853 0.0688
2088 3099 0.2675
2088 3149 0.0321
2088 2605 0.0387
2094 2303 0.0145
2094 2827 0.0915
2099 2420 0.0906
2100 2496 0.093
2100 2341 0.2159
2102 3189 0.0899
2103 3077 0.1168
2104 2553 0.146
2106 2265 0.0778
2107 3115 0.2464
2109 2589 0.0987
2111 2684 0.1534
2112 2754 0.1816
2112 2801 0.1726
2113 3167 0.1755
2115 2128 0.1875
2115 2815 0.0235
2116 2355 0.2016
2117 2965 0.0515
2118 3121 0.0949
2119 2486 0.1948
2119 2891 0.2619
2120 2129 0.0381
2120 2180 0.1266
2120 2228 0.0827
2122 2812 0.0417
2124 2853 0.0703
2124 2567 0.2358
2125 2189 0.0155
2125 2196 0.1581
2128 2629 0.334
2128 2715 0.0521
2129 2455 0.1471
2129 2704 0.1561
2131 2198 0.1876
2131 2660 0.1111
2131 2938 0.2089
2135 2581 0.3472
2136 2581 0.227
2136 2348 0.0907
2136 2265 0.1299
2137 2396 0.1216
2138 3049 0.0441
2142 2221 0.0473
2142 2966 0.1093
2143 2623 0.0955
2143 2547 0.1341
2143 2436 0.0924
2145 2987 0.0994
2145 3056 0.2237
2146 3090 0.0183
2148 2445 0.3104
2151 2847 0.111
2155 2472 0.0821
2156 3154 0.0392
2157 2790 0.0712
2157 2320 0.0125
2157 2364 0.1621
2158 2766 0.0528
2158 2172 0.0575
2159 2893 0.0636
2159 2950 0.1316
2160 2191 0.1946
2160 3192 0.0302
2161 2223 0.1635
2161 2586 0.1956
2162 2893 0.1066
2163 2872 0.0642
2163 2689 0.0609
2164 3014 0.1507
2165 2636 0.1235
2168 2404 0.0984
2168 2499 0.0298
2168 2871 0.1389
2169 2567 0.3045
2169 2650 0.048
2170 2285 0.0229
2170 2250 0.0677
2174 2703 0.0609
2178 3070 0.2304
2180 2943 0.1241
2180 2381 0.1413
2182 2457 0.1685
2182 2480 0.1178
2182 2230 0.1339
2184 2722 0.1226
2184 2689 0.0192
2184 2547 0.0628
2187 3014 0.0915
2189 3030 0.1434
2189 2613 0.3471
2191 2846 0.0775
2193 2900 0.19
2195 2680 0.0738
2195 2625 0.041
2196 3097 0.0382
2196 2421 0.0726
2198 2924 0.2562
2199 2473 0.2708
2200 2463 0.0579
2201 2457 0.074
2202 2644 0.3806
2204 2400 0.0366
2205 2920 0.175
2205 2985 0.0625
2206 2842 0.0182
2207 3007 0.067
2207 2524 0.2899
2209 3174 0.1944
2210 3082 0.179
2211 2793 0.0305
2213 2771 0.1386
2214 3043 0.0801
2215 2598 0.045
2216 2936 0.1818
2216 3008 0.0392
2217 3151 0.0216
2217 2258 0.1861
2219 2920 0.0068
2220 3160 0.3074
2221 2236 0.3641
2222 2590 0.0963
2227 2307 0.2256
2228 2386 0.0291
2229 2767 0.0796
2229 2376 0.0451
2229 2515 0.0944
2232 2451 0.1237
2234 2448 0.132
2234 3059 0.0977
2234 2580 0.1003
2237 2463 0.0585
2237 2645 0.0363
2238 2602 0.0995
2238 2699 0.1644
2241 2542 0.0859
2242 3129 0.0601
2243 2774 0.2089
2248 2698 0.3155
2249 2835 0.0302
2249 2706 0.0366
2250 2542 0.1986
2251 3140 0.0917
2256 2798 0.1784
2257 2912 0.2248
2257 2770 0.1008
2260 2618 0.0679
2262 2964 0.213
2264 2993 0.1072
2268 3153 0.3559
2271 3175 0.2545
2271 2764 0.0843
2274 3071 0.1835
2275 2548 0.0702
2276 2800 0.1228
2278 3172 0.1847
2280 2888 0.0928
2282 2948 0.1805
2283 2808 0.0349
2283 2391 0.1217
2284 3118 0.0899
2285 2335 0.1114
2285 2429 0.1458
2286 2447 0.1433
2286 2470 0.0384
2287 2598 0.1947
2290 2584 0.3047
2293 3174 0.0269
2294 2899 0.0595
2294 3104 0.302
2295 2902 0.2065
2296 2507 0.1365
2297 2315 0.2024
2297 2745 0.1962
2298 2839 0.0659
2298 2784 0.0668
2300 2868 0.0615
2301 2384 0.102
2302 2545 0.0721
2303 3008 0.0278
2303 2972 0.1886
2304 2733 0.0518
2307 3115 0.0549
2308 2824 0.0813
2308 2823 0.0464
2310 2706 0.1676
2311 2676 0.0626
2313 3005 0.1534
2313 2966 0.0369
2314 2689 0.1893
2314 2340 0.1132
2315 2450 0.317
2319 2465 0.1255
2321 2403 0.0403
2321 2576 0.1693
2323 2383 0.1406
2329 2700 0.0599
2329 2840 0.1133
2331 2916 0.1504
2332 2756 0.1314
2332 2703 0.0545
2332 2369 0.025
2334 2876 0.0635
2337 2992 0.1527
2339 2683 0.0839
2340 3174 0.0601
2341 2660 0.0969
2341 3106 0.2599
2343 2811 0.1159
2343 2620 0.0238
2343 2753 0.1571
2344 2887 0.0381
2344 2700 0.0283
2344 2756 0.1013
2344 2991 0.0217
2345 2618 0.0955
2347 2477 0.1658
2347 2613 0.0115
2349 2972 0.0971
2350 2356 0.0941
2350 3194 0.0916
2352 2977 0.0756
2357 2849 0.2202
2358 2546 0.2746
2360 2508 0.0288
2362 2989 0.1717
2363 2542 0.0972
2364 3114 0.3177
2368 3044 0.15
2368 2796 0.1046
2369 2703 0.0565
2372 3142 0.0197
2374 3193 0.1059
2374 3144 0.2676
2375 3045 0.0728
2375 2785 0.1312
2376 2981 0.0292
2376 2620 0.0012
2376 2455 0.0488
2380 2999 0.1027
2383 2788 0.2252
2383 2754 0.0323
2384 2520 0.2731
2387 2551 0.0757
2388 3163 0.0693
2390 2534 0.216
2390 2618 0.1612
2392 2695 0.0537
2392 2965 0.2021
2393 3132 0.0472
2393 2981 0.0544
2393 2843 0.1067
2395 2997 0.0408
2397 2405 0.077
2400 2922 0.0745
2401 2699 0.1702
2404 2800 0.2255
2404 2919 0.1784
2406 2918 0.1312
2407 2667 0.0735
2408 3133 0.4878
2409 3162 0.079
2410 3096 0.2831
2411 2489 0.142
2413 2437 0.0962
2416 2648 0.37
2420 2711 0.101
2429 3087 0.0401
2429 2487 0.1349
2430 2642 0.0461
2431 2801 0.0762
2431 3078 0.1829
2436 3194 0.0129
2438 2868 0.4183
2439 2772 0.1491
2439 2698 0.2297
2440 3011 0.0797
2442 2964 0.1426
2444 3088 0.0283
2445 3158 0.0816
2445 3142 0.1051
2447 3137 0.0638
2448 2767 0.0556
2449 3033 0.1156
2450 2855 0.0533
2450 2463 0.042
2451 2684 0.0467
2453 2659 0.0686
2454 2572 0.0562
2455 2840 0.0594
2459 2780 0.1107
2459 2847 0.2715
2460 2694 0.3506
2461 2470 0.1034
2461 2551 0.0578
2462 2961 0.2315
2462 3051 0.0557
2465 3019 0.3324
2466 2785 0.0186
2469 2549 0.0827
2469 2643 0.5862
2476 2783 0.0634
2476 2865 0.061
2477 3072 0.1284
2477 2962 0.2294
2477 2881 0.1353
2477 3092 0.1052
2483 2489 0.2905
2484 2551 0.0454
2485 2930 0.2477
2490 2802 0.1325
2491 2750 0.0803
2497 2586 0.0589
2500 3166 0.0912
2504 2994 0.1905
2506 2647 0.0359
2508 3046 0.0567
2510 2529 0.0338
2510 3105 0.179
2513 2928 0.0496
2516 2622 0.228
2518 2833 0.1528
2518 3007 0.1114
2519 2797 0.1804
2521 2567 0.1249
2522 2779 0.2002
2526 2954 0.2371
2530 2704 0.2477
2532 2902 0.1156
2532 2561 0.0084
2533 2676 0.0768
2535 2855 0.1855
2537 2894 0.0786
2539 2827 0.1105
2542 2764 0.1734
2543 2701 0.1913
2545 2843 0.4853
2546 2657 0.0965
2547 3054 0.0793
2548 2766 0.1278
2549 2725 0.0561
2551 2783 0.1522
2552 2626 0.0641
2554 3089 0.3139
2557 2573 0.3264
2558 2818 0.0293
2559 3048 0.0235
2559 3182 0.0926
2561 2645 0.1081
2561 2747 0.067
2562 3000 0.0776
2564 3125 0.0448
2565 3175 0.0768
2565 3032 0.099
2566 3195 0.1047
2567 3062 0.1123
2568 2901 0.112
2569 2577 0.2387
2570 3099 0.0817
2571 2737 0.1264
2573 2773 0.019
2576 2717 0.2065
2577 2664 0.018
2578 3181 0.1416
2579 2812 0.03
2582 2863 0.1671
2583 2845 0.2295
2584 2620 0.1097
2587 2691 0.0878
2590 2777 0.24
2590 2909 0.0872
2591 2601 0.3701
2591 2747 0.3582
2591 2880 0.0253
2595 2651 0.0122
2595 2972 0.0599
2596 2887 0.0407
2598 3060 0.0685
2599 2723 0.1055
2599 3166 0.129
2600 2864 0.1182
2600 3034 0.0517
2600 2992 0.0609
2601 2817 0.0854
2604 2920 0.056
2605 3015 0.031
2606 2728 0.0937
2607 3076 0.1129
2613 2723 0.2564
2617 3057 0.2089
2617 2862 0.0722
2618 2937 0.1833
2621 2852 0.1566
2628 2641 0.1072
2630 2780 0.1664
2633 2967 0.0787
2633 2852 0.112
2636 2772 0.1578
2637 2828 0.2263
2639 3068 0.2732
2639 3170 0.0409
2640 2965 0.1009
2640 2974 0.0331
2642 3177 0.0452
2647 3066 0.1234
2648 2849 0.0377
2653 2998 0.1745
2655 2765 0.1142
2658 3124 0.1355
2660 3002 0.2652
2662 3196 0.3064
2662 2881 0.135
2665 2726 0.1027
2666 2939 0.0775
2669 3119 0.1535
2670 3175 0.2476
2670 2742 0.1454
2674 2983 0.1954
2675 2809 0.2533
2678 2938 0.1445
2680 2735 0.1214
2681 2809 0.2389
2684 3198 0.0945
2684 2851 0.1666
2687 3058 0.1434
2689 2947 0.1019
2691 2825 0.0253
2692 2906 0.0353
2696 2861 0.0849
2699 3000 0.0871
2701 2761 0.0569
2702 3059 0.1027
2704 3039 0.0823
2707 2968 0.0888
2707 2758 0.1118
2707 2993 0.1239
2707 3132 0.1085
2707 3105 0.1033
2708 3048 0.0358
2708 3062 0.2126
2708 3180 0.0634
2711 3161 0.0583
2720 3131 0.0474
2721 3180 0.0233
2726 3140 0.0362
2726 3016 0.0432
2726 3170 0.1775
2727 2962 0.1137
2728 3006 0.1474
2728 2823 0.1689
2729 3015 0.0613
2730 3034 0.1891
2731 2901 0.0599
2736 2745 0.0205
2736 2838 0.3682
2736 3179 0.3493
2738 2947 0.4117
2743 2885 0.0971
2745 2799 0.1611
2747 3044 0.1445
2749 2989 0.0657
2751 3191 0.0476
2755 2801 0.3724
2761 2941 0.1484
2761 3142 0.1161
2762 2807 0.1509
2765 3010 0.1045
2767 3106 0.0069
2771 3080 0.1064
2772 3000 0.0663
2775 2852 0.1721
2776 3154 0.0111
2777 2938 0.1189
2779 2786 0.1392
2780 2911 0.0612
2780 3194 0.0108
2782 2991 0.0375
2784 2786 0.1591
2785 3161 0.1461
2786 2965 0.0359
2798 3152 0.0345
2799 2856 0.1247
2800 3039 0.0789
2804 3132 0.1571
2808 3099 0.1137
2812 2867 0.1188
2812 3016 0.1008
2813 2912 0.0333
2815 3029 0.1746
2822 3119 0.0312
2822 3146 0.1959
2825 3137 0.0686
2826 2995 0.0792
2827 3112 0.2452
2830 3086 0.1054
2834 3175 0.0921
2834 3025 0.0521
2835 2896 0.0785
2835 2857 0.0465
2841 2913 0.0335
2841 2934 0.0812
2842 2849 0.1202
2848 2849 0.1038
2850 3057 0.1421
2854 2978 0.0992
2866 3071 0.1103
2866 2901 0.2359
2867 3123 0.1728
2877 3012 0.0426
2880 3170 0.052
2881 2940 0.0812
2882 3001 0.0451
2882 3024 0.2336
2886 2989 0.1119
2889 3080 0.0608
2890 3078 0.1046
2893 2997 0.061
2899 3088 0.1462
2905 2951 0.2002
2913 3180 0.1214
2915 3119 0.0595
2920 2953 0.1735
2927 3132 0.0446
2928 3181 0.0663
2928 3109 0.0499
2933 3150 0.0961
2942 3059 0.1012
2942 3003 0.1323
2943 3147 0.1824
2947 2983 0.0899
2949 3063 0.1478
2949 3126 0.0499
2955 3016 0.0948
2956 3025 0.0961
2957 3039 0.1516
2961 3095 0.1223
2964 3008 0.0968
2973 2989 0.1491
2978 3007 0.0417
2986 3158 0.142
2991 3180 0.3679
2993 3011 0.0981
2993 3034 0.0888
2999 3044 0.1189
3014 3154 0.0509
3014 3173 0.2201
3018 3058 0.1675
3023 3196 0.3234
3024 3065 0.2263
3028 3168 0.1333
3035 3100 0.0442
3042 3175 0.303
3069 3083 0.066
3070 3140 0.0986
3083 3183 0.1204
3085 3112 0.064
3091 3174 0.0707
3100 3124 0.0379
3110 3180 0.0965
3112 3178 0.0788
3115 3148 0.2072
3139 3162 0.1943
3167 3179 0.0913
3188 3199 0.1842
