3200 4800 num_nodes_f_dist 3200
0 1171 0.1512
0 1786 0.1837
0 144 0.1644
0 237 0.211
1 1427 0.0523
1 2579 0.1219
1 1941 0.0722
2 1531 0.1288
3 1564 0.0516
3 1831 0.0374
3 197 0.3694
3 97 0.1013
4 134 0.1982
4 1996 0.2846
4 2207 0.2547
4 1923 0.3709
5 196 0.1312
5 3179 0.1956
5 1339 0.0652
5 899 0.6067
6 2441 0.0959
6 792 0.5118
6 1224 0.07
6 2785 0.1177
7 541 0.228
7 2426 0.0669
7 494 0.3192
8 2192 0.1889
8 3063 0.0629
8 2349 0.2992
8 30 0.1689
9 2730 0.0794
9 493 0.0313
10 603 0.0516
10 78 0.2235
10 1871 0.0982
11 149 0.0254
11 906 0.2595
11 2730 0.1909
12 1611 0.273
12 1568 0.1939
13 2400 0.0419
13 2845 0.1881
13 2029 0.0499
13 1620 0.0839
14 1064 0.058
14 2696 0.1313
15 2024 0.0576
15 1953 0.1635
15 414 0.3281
16 1064 0.276
17 1911 0.2454
18 1132 0.0827
19 2054 0.1091
19 1550 0.0341
19 3016 0.1399
20 3137 0.4646
20 1187 0.1488
21 857 0.0649
21 2917 0.0906
22 2310 0.0122
22 1972 0.0632
23 481 0.2076
23 1476 0.1283
24 2871 0.063
24 208 0.2227
24 2956 0.1349
24 635 0.3113
24 1192 0.1403
25 1892 0.5489
25 2412 0.485
26 1286 0.0919
27 239 0.142
27 1994 0.0763
27 973 0.1447
27 2073 0.1029
27 1960 0.1498
27 1595 0.1899
28 745 0.1008
28 499 0.1107
28 903 0.1374
28 2531 0.2511
28 1543 0.0409
29 172 0.3494
30 2132 0.4351
30 118 0.1491
30 229 0.0272
31 1903 0.2257
31 437 0.1094
32 1940 0.1121
32 553 0.1028
33 228 0.3064
33 1673 0.1063
34 2202 0.2059
35 831 0.2268
36 2808 0.1138
36 2046 0.1238
36 198 0.3284
36 1913 0.1104
36 495 0.1922
37 1854 0.0323
37 1638 0.0582
38 718 0.03
38 2799 0.015
38 2264 0.2689
39 1867 0.1856
39 1972 0.1026
40 550 0.0375
40 1407 0.0416
40 1337 0.0884
41 424 0.0657
41 839 0.0981
41 2763 0.146
41 1719 0.273
41 1478 0.0752
42 3142 0.111
42 3078 0.1582
44 1371 0.1866
45 3018 0.3342
45 142 0.0528
45 250 0.0871
46 2765 0.1992
46 2227 0.0666
46 1711 0.3636
46 1424 0.0251
47 1942 0.144
47 2716 0.1794
47 864 0.1826
47 1841 0.1779
47 2765 0.1222
47 3155 0.205
48 611 0.0885
48 2318 0.1754
49 1932 0.0951
49 733 0.4419
49 1866 0.0127
50 3097 0.1744
50 1467 0.0673
50 1981 0.1028
50 1705 0.0269
50 2343 0.168
50 3197 0.1696
50 2072 0.1803
51 2996 0.0694
51 664 0.328
51 703 0.1405
51 2609 0.0818
51 203 0.0696
51 2092 0.1466
52 1032 0.2413
53 2994 0.1265
53 3047 0.0821
54 1607 0.1474
54 1072 0.0585
55 1175 0.4263
55 778 0.0304
56 1237 0.1761
56 600 0.1365
57 3017 0.1237
57 1787 0.1842
58 756 0.2872
58 2516 0.107
58 2138 0.0406
59 1759 0.1413
59 1256 0.0977
59 1898 0.1529
59 1856 0.0576
59 578 0.0533
60 343 0.1943
60 374 0.077
61 3097 0.1676
61 906 0.3552
61 835 0.0468
61 356 0.5644
61 1286 0.0278
62 3158 0.1911
62 1514 0.0539
62 3062 0.1588
62 837 0.1765
62 967 0.0452
64 1212 0.1359
64 2801 0.1089
65 2902 0.057
65 269 0.1681
65 1586 0.0503
65 1393 0.0657
66 3114 0.2088
66 600 0.1789
66 79 0.1384
66 1206 0.0056
67 87 0.0953
67 1803 0.1803
67 1136 0.2938
68 946 0.0731
68 1484 0.2761
68 1157 0.09
68 3138 0.1505
69 594 0.2736
69 1867 0.0696
69 808 0.1942
69 1634 0.0484
69 2981 0.1119
69 2516 0.1828
69 971 0.1159
70 2216 0.1205
70 1680 0.2255
70 981 0.0751
70 1279 0.2257
71 2559 0.26
71 2233 0.1208
71 3075 0.2609
72 334 0.2626
72 1842 0.082
73 2046 0.0137
73 1509 0.1306
74 2248 0.095
74 2831 0.0461
75 2654 0.1617
75 942 0.1167
76 2921 0.0724
76 2684 0.1329
76 230 0.0816
77 2001 0.0841
77 2877 0.1496
78 2234 0.3749
78 3078 0.7118
78 1428 0.0455
79 2415 0.0367
79 1135 0.0966
79 1781 0.122
80 1307 0.1291
80 2336 0.4187
80 1822 0.1063
80 2026 0.0383
80 716 0.1238
82 2431 0.0829
82 627 0.2316
82 3097 0.1061
82 1484 0.1594
83 837 0.1014
83 2872 0.0417
83 864 0.0769
83 514 0.2764
83 2815 0.1446
84 3096 0.0867
84 626 0.3334
85 2501 0.1234
85 2472 0.3921
85 510 0.4554
85 218 0.1362
86 2896 0.2072
86 1506 0.0869
86 1675 0.2596
87 2284 0.0527
88 1479 0.1022
88 1041 0.2645
88 574 0.1352
88 237 0.1025
88 1254 0.2023
88 749 0.3694
89 2759 0.1714
89 2828 0.2462
89 2613 0.4016
89 1049 0.1049
90 333 0.4033
90 418 0.0986
90 223 0.326
90 2864 0.0459
91 1299 0.2835
91 448 0.118
92 2080 0.0621
92 106 0.1638
92 1662 0.2024
93 3071 0.0344
93 853 0.3047
93 1046 0.1276
93 282 0.0406
94 2457 0.3005
96 2529 0.0857
97 1953 0.0851
97 883 0.2088
97 1378 0.1637
97 700 0.0733
98 120 0.061
99 704 0.4592
99 1795 0.0795
99 2499 0.1963
100 1899 0.2304
100 1361 0.3751
100 606 0.4961
100 1701 0.067
100 323 0.0287
101 2562 0.1741
101 3150 0.1211
101 2902 0.2919
101 813 0.0428
102 2927 0.2437
102 2487 0.1205
102 2496 0.033
102 2325 0.0396
103 1517 0.1024
103 1263 0.3107
104 1364 0.0858
104 1295 0.1259
104 2715 0.3025
105 2871 0.0597
105 1405 0.3116
105 2680 0.0395
105 823 0.1156
106 162 0.1994
106 2414 0.0759
106 3166 0.0991
106 2841 0.2003
106 1936 0.0363
107 1121 0.2361
107 464 0.2626
107 2958 0.1009
107 1693 0.183
107 955 0.274
107 1913 0.0588
107 3169 0.0986
108 1927 0.2621
109 1901 0.07
109 2795 0.1876
109 348 0.2233
109 1196 0.0351
110 2776 0.2283
110 2314 0.3161
110 2375 0.3188
111 318 0.1351
111 2630 0.1117
111 3162 0.5039
112 498 0.0268
112 2539 0.1704
112 353 0.212
112 279 0.2219
112 2155 0.0873
113 801 0.1313
113 1301 0.0526
114 2282 0.2234
114 722 0.049
114 2862 0.2837
114 1607 0.1797
114 476 0.0561
114 2824 0.0421
115 1811 0.1459
115 2600 0.0079
116 805 0.2441
116 1762 0.0221
116 818 0.0689
117 2746 0.1452
117 1044 0.2459
117 2838 0.2459
117 185 0.139
118 1907 0.124
118 2121 0.3043
118 402 0.1684
118 920 0.1023
119 529 0.3675
119 1662 0.2896
120 2220 0.3325
120 1289 0.2699
120 689 0.1941
121 2513 0.02
122 506 0.0121
122 1399 0.057
123 1818 0.0163
123 840 0.3188
123 1948 0.0579
123 818 0.1622
123 2959 0.069
123 2609 0.1777
124 611 0.1206
125 2218 0.0352
125 604 0.1176
126 1400 0.1952
126 455 0.1248
126 1046 0.0684
126 963 0.1897
127 2535 0.0276
127 812 0.1308
127 1756 0.1181
127 216 0.2344
127 539 0.6183
128 442 0.1679
129 2457 0.2008
129 2481 0.0962
130 1662 0.1759
130 1090 0.1375
131 1974 0.087
131 2627 0.1064
131 1159 0.1182
132 1234 0.1945
132 1783 0.0606
133 2861 0.2122
133 1864 0.1973
133 2667 0.2695
134 2614 0.1852
134 2983 0.119
134 1130 0.3417
134 1757 0.4697
134 236 0.0812
135 151 0.0667
135 963 0.0638
135 2046 0.0688
135 1584 0.0736
135 802 0.301
136 184 0.1744
136 1742 0.0232
136 806 0.2374
137 823 0.2683
137 1755 0.122
138 1618 0.144
138 1835 0.46
139 1169 0.172
139 2766 0.159
139 406 0.0486
139 1263 0.2399
140 3111 0.2267
140 1775 0.0409
140 353 0.1418
140 2025 0.1474
141 1353 0.1336
141 1589 0.0755
142 454 0.0225
142 523 0.09
142 2843 0.3688
143 1088 0.1819
143 2555 0.2471
143 1610 0.0478
144 1940 0.0178
145 1343 0.3179
145 1548 0.0704
146 1701 0.1642
146 233 0.1608
147 2252 0.4058
147 2735 0.2524
147 2404 0.1324
147 1677 0.0499
148 2119 0.2431
149 2816 0.2078
149 2070 0.2877
149 2469 0.0405
150 1773 0.0658
150 1006 0.0473
150 1548 0.1008
150 1929 0.1342
150 696 0.1507
152 3083 0.1333
154 796 0.2834
154 384 0.177
154 3085 0.1727
154 2709 0.0835
154 2000 0.0573
154 722 0.1086
154 2762 0.1348
155 1322 0.0819
155 708 0.1799
156 976 0.0508
156 1271 0.2115
156 1621 0.1151
156 2254 0.4244
157 2262 0.1834
157 897 0.0554
157 889 0.1489
157 1469 0.1553
158 1894 0.0607
158 2158 0.0579
158 2585 0.0438
158 191 0.0848
159 3044 0.7207
159 2716 0.0661
159 2629 0.1313
159 2506 0.0868
159 2464 0.1923
159 2451 0.0191
159 2046 0.0806
159 1557 0.181
160 1752 0.1728
160 2444 0.2785
160 280 0.0761
160 871 0.2089
161 801 0.2525
161 737 0.1933
161 2138 0.0462
162 1707 0.0985
162 633 0.0213
163 558 0.2198
163 2030 0.0568
164 3132 0.2387
164 815 0.1534
165 2409 0.4066
165 1444 0.2233
166 1995 0.1187
166 1444 0.0505
166 235 0.161
166 271 0.2359
166 1316 0.133
167 1138 0.089
167 2142 0.1123
167 3136 0.1097
168 893 0.1107
168 1969 0.0386
169 2325 0.1455
170 3189 0.1797
170 2339 0.12
171 1931 0.1042
171 2158 0.2022
171 1391 0.0343
172 1859 0.2374
172 2811 0.0792
172 2103 0.1326
172 972 0.1477
172 2441 0.3311
172 2264 0.0367
172 1205 0.0686
173 833 0.0657
173 1804 0.1696
173 517 0.1983
173 2230 0.2277
174 273 0.0896
174 1230 0.2157
174 860 0.1074
174 1555 0.1204
175 2631 0.2017
176 931 0.0777
176 297 0.0975
176 1234 0.0517
176 1948 0.1045
177 2841 0.3348
177 2929 0.0605
177 2377 0.0882
178 873 0.0958
178 589 0.1418
178 1766 0.3106
178 298 0.1555
178 2991 0.4711
179 2645 0.2154
179 2240 0.2304
179 1708 0.1261
180 286 0.1241
181 824 0.1282
181 517 0.0835
181 453 0.2616
181 1447 0.3401
181 1838 0.0422
182 389 0.0373
182 2084 0.2469
183 3049 0.0039
183 474 0.1286
184 1782 0.1943
184 2542 0.0252
185 1640 0.3677
185 553 0.2281
186 803 0.0815
186 918 0.0851
186 1100 0.2233
186 716 0.0821
186 464 0.243
188 1771 0.1033
189 786 0.0451
189 1597 0.205
190 3103 0.0958
190 885 0.0697
191 2898 0.1803
191 458 0.2745
192 2627 0.1959
192 2071 0.2512
193 2981 0.1445
194 1922 0.1534
194 524 0.4365
195 276 0.0524
196 246 0.379
196 2881 0.1559
196 1256 0.2123
196 3159 0.1444
196 1227 0.0539
197 2839 0.147
197 2593 0.2281
197 3049 0.2638
198 331 0.0588
198 280 0.2843
198 1808 0.0299
198 2501 0.2103
199 1158 0.8168
199 2928 0.1269
200 505 0.3766
200 2900 0.0843
200 1107 0.2509
201 3153 0.3346
201 354 0.2686
201 598 0.1663
202 2165 0.1553
202 716 0.0584
202 1224 0.2761
203 280 0.4564
204 732 0.19
204 2266 0.0966
204 846 0.0186
204 906 0.1698
205 323 0.1169
206 2638 0.0154
206 1771 0.0541
206 709 0.0716
206 2126 0.191
206 3129 0.6616
206 2204 0.0342
207 532 0.162
207 804 0.1086
208 394 0.3223
208 3001 0.1023
209 1539 0.0268
210 2623 0.0837
210 3128 0.0469
210 2689 0.2395
212 2658 0.0281
212 2316 0.0772
212 1557 0.3065
213 3077 0.2428
213 1441 0.1422
213 316 0.2097
213 996 0.1618
214 850 0.2161
214 2152 0.2584
214 2788 0.1883
215 2857 0.3923
215 1529 0.2434
216 3023 0.4043
216 2308 0.034
216 1147 0.1747
217 895 0.105
217 655 0.6103
217 2499 0.051
217 2521 0.1586
218 2134 0.0768
219 617 0.4063
219 2626 0.0083
219 2721 0.6697
219 1459 0.0359
220 1930 0.1293
220 1114 0.1078
220 445 0.0711
220 901 0.0842
221 546 0.0617
221 1981 0.3609
222 436 0.2232
223 1345 0.0805
223 1083 0.1718
224 679 0.2687
224 2470 0.2182
224 1486 0.1073
224 1755 0.1411
225 1797 0.2484
226 3015 0.0431
226 951 0.0552
226 2828 0.064
227 2547 0.1689
227 3148 0.0388
227 2204 0.0966
227 1352 0.0756
228 596 0.1173
228 566 0.0976
228 1093 0.0503
229 2050 0.3194
230 2737 0.1869
231 2178 0.1739
231 1488 0.3894
232 1743 0.0769
233 1049 0.1233
233 844 0.0625
233 814 0.1501
233 2130 0.0819
234 1171 0.6348
234 2504 0.0788
234 2185 0.0332
235 1146 0.0088
235 2583 0.0776
235 2976 0.181
237 1182 0.1246
237 1228 0.2529
238 2868 0.1353
238 2980 0.1367
239 2795 0.2689
239 337 0.1449
239 661 0.1794
239 1582 0.4219
239 2940 0.1577
239 1529 0.1265
240 1722 0.1814
241 2816 0.0426
241 890 0.0783
242 629 0.0948
243 781 0.0539
244 2524 0.302
245 3039 0.0789
245 2663 0.0416
247 662 0.4284
247 2036 0.1321
247 1817 0.0174
248 2979 0.2848
248 2292 0.3781
249 1855 0.1619
249 1159 0.1437
250 2745 0.32
250 1068 0.2072
251 2017 0.2234
251 312 0.2126
251 2434 0.3145
251 697 0.0737
251 2286 0.0486
252 2976 0.0489
252 2223 0.252
253 2201 0.1514
253 3135 0.0745
254 2531 0.2615
254 1205 0.1021
254 2354 0.2458
255 404 0.0831
256 2686 0.1654
256 271 0.1911
256 605 0.1843
257 2718 0.4999
257 2360 0.1702
257 1352 0.1173
258 3173 0.2063
258 1078 0.609
258 1437 0.2326
258 1944 0.0814
258 2316 0.2207
259 397 0.2628
259 2126 0.1942
259 1798 0.1267
259 1729 0.2466
259 3143 0.103
260 2221 0.0584
260 2810 0.0395
260 2213 0.0713
261 662 0.0276
262 2890 0.0571
262 324 0.1023
262 1022 0.2185
263 1198 0.1724
263 1718 0.1833
263 2930 0.0981
264 800 0.1101
264 3119 0.4034
264 3163 0.0965
264 3108 0.096
264 2873 0.2855
265 2814 0.077
265 2627 0.1253
265 3019 0.1057
266 1359 0.5139
266 1616 0.2618
267 2598 0.2254
267 1602 0.2063
267 287 0.0779
268 2222 0.1077
269 963 0.1108
270 1269 0.208
270 1243 0.1344
270 1255 0.0651
270 2852 0.247
270 377 0.3851
270 1461 0.2783
271 2557 0.1371
271 1049 0.1367
271 1482 0.1574
272 2328 0.147
273 2999 0.1043
273 1431 0.4824
273 2180 0.0111
273 2736 0.3095
274 2381 0.2922
274 990 0.1265
275 2549 0.0607
275 1054 0.5407
275 2860 0.072
276 2704 0.0622
276 1650 0.0498
276 585 0.1602
277 2940 0.1425
277 3167 0.0984
280 2898 0.0711
280 2597 0.0863
280 427 0.1457
281 1659 0.2595
281 1090 0.4835
281 1586 0.086
282 1234 0.029
282 3164 0.1303
282 801 0.0837
283 2010 0.1627
284 2952 0.0887
284 2715 0.183
285 2629 0.1326
286 2615 0.0218
286 1084 0.051
286 295 0.1978
287 1933 0.3002
287 1669 0.0357
288 2752 0.1316
289 1838 0.0866
289 882 0.0844
289 449 0.3695
289 2460 0.2159
290 2105 0.0599
291 651 0.0574
291 970 0.0937
291 2166 0.0471
291 2344 0.3904
291 2977 0.0701
291 2395 0.1227
292 534 0.154
292 3057 0.0771
292 2381 0.2435
293 1704 0.0563
294 568 0.0319
294 2505 0.0972
294 3053 0.1309
294 1722 0.0627
294 1217 0.1099
295 960 0.3835
295 3040 0.1182
296 2800 0.0408
296 2912 0.5835
296 459 0.2604
297 953 0.2979
297 1523 0.0759
297 460 0.1929
297 2511 0.1207
297 1304 0.4221
297 2514 0.1541
297 350 0.0583
297 2687 0.2205
298 2127 0.3483
298 1239 0.0581
298 2489 0.0606
299 780 0.0951
299 653 0.3005
299 2703 0.073
300 597 0.1108
300 999 0.346
300 1851 0.1255
300 3125 0.0803
300 535 0.252
300 3017 0.0723
302 315 0.0481
302 2981 0.0413
303 528 0.2022
304 2465 0.0539
304 1664 0.1422
305 2137 0.2554
305 3184 0.172
305 1595 0.0768
305 2398 0.2147
305 3090 0.0431
305 2807 0.0443
306 499 0.1385
306 2760 0.052
308 2450 0.4485
308 1965 0.1961
308 2447 0.6154
309 1119 0.1256
309 2739 0.1352
309 991 0.2029
310 1909 0.0496
310 447 0.3942
310 2932 0.1698
310 400 0.1424
310 2641 0.0669
312 2121 0.0401
313 3120 0.1084
313 2447 0.0375
313 2958 0.0837
313 3073 0.0537
313 2335 0.1064
314 2591 0.0886
314 1729 0.1536
314 510 0.0242
314 464 0.1452
314 694 0.0818
315 864 0.0581
316 1494 0.0829
316 2795 0.0613
317 1380 0.0396
319 685 0.255
319 3111 0.3245
319 2292 0.1093
319 929 0.0386
320 726 0.0751
320 2688 0.0495
320 791 0.1359
320 500 0.6111
320 2344 0.3226
320 2299 0.1676
321 2116 0.2535
321 1018 0.0101
322 2832 0.0794
322 533 0.0632
322 1036 0.3182
322 2430 0.0326
323 2444 0.0899
324 2621 0.3334
324 683 0.1437
325 2620 0.0605
325 2450 0.1646
325 2079 0.043
325 533 0.1175
326 1997 0.0174
326 1685 0.087
326 2005 0.0934
326 1184 0.0761
326 2935 0.1336
327 3149 0.3705
327 1692 0.1784
328 2823 0.3045
328 2954 0.0847
329 2969 0.2249
329 877 0.0676
330 1012 0.2274
330 3070 0.4281
331 2991 0.253
331 3044 0.3572
332 1636 0.0201
332 2298 0.2772
332 1284 0.5424
332 882 0.1812
332 1032 0.0511
333 1207 0.4752
333 1803 0.1171
333 1495 0.1395
333 2944 0.1543
333 450 0.0818
334 2798 0.0789
334 2821 0.0738
335 1931 0.0202
336 1689 0.044
336 555 0.0055
336 3179 0.0926
336 3092 0.1716
337 3131 0.3636
337 1080 0.2509
337 2644 0.2303
337 1241 0.1715
338 1138 0.1255
338 528 0.0489
338 3119 0.1479
338 2794 0.026
339 680 0.2427
340 2724 0.1833
340 2948 0.4213
340 2134 0.0761
340 3173 0.076
341 2384 0.0627
341 2080 0.0372
342 528 0.2034
342 389 0.0415
342 2532 0.2179
343 475 0.0836
343 1007 0.0552
343 2634 0.282
344 2712 0.1335
344 2673 0.1349
344 1330 0.3016
345 1285 0.0681
345 1755 0.0394
345 1149 0.1188
345 502 0.2272
345 1910 0.0795
346 1399 0.0435
348 1094 0.0756
348 2606 0.2948
348 2976 0.3323
349 2347 0.0788
349 2126 0.152
349 2518 0.021
350 1757 0.189
350 1922 0.1131
350 3030 0.0733
350 2197 0.1734
350 517 0.1873
351 2076 0.0537
351 2387 0.1328
352 2164 0.0211
353 477 0.2012
353 2643 0.0852
353 2310 0.0735
355 442 0.1541
355 1215 0.1012
355 2252 0.1832
356 905 0.0816
356 1218 0.2505
357 3169 0.1309
357 1973 0.108
357 1595 0.3933
358 1979 0.2706
358 2100 0.1945
358 2586 0.1212
358 1939 0.3397
359 394 0.2458
360 478 0.0612
360 1402 0.1057
360 2937 0.1817
360 1523 0.2632
360 1664 0.379
361 2744 0.227
361 1874 0.5094
361 2889 0.0133
361 2346 0.0611
362 2357 0.2427
362 2559 0.0597
362 381 0.1323
362 490 0.1845
363 2329 0.0764
363 2053 0.1229
364 431 0.1354
365 737 0.2665
365 1512 0.1247
365 1237 0.0719
365 1051 0.0219
365 1589 0.2837
365 1664 0.383
365 561 0.2277
366 1238 0.1213
366 1492 0.0997
367 2946 0.2141
367 2744 0.0925
367 2971 0.0271
367 2074 0.1786
368 2283 0.17
368 2710 0.1984
369 2264 0.0348
370 2195 0.1905
371 682 0.1184
371 2945 0.3049
372 2492 0.2714
372 2416 0.0556
373 853 0.2943
373 511 0.5432
373 815 0.1559
373 458 0.0491
373 785 0.3271
374 1768 0.2441
374 1725 0.1423
374 2480 0.3209
374 1087 0.104
375 2911 0.2072
376 2011 0.1348
376 495 0.2846
376 1003 0.0308
376 1473 0.2252
377 2232 0.2001
377 3124 0.2993
377 2642 0.1917
378 2756 0.4918
378 1376 0.2451
379 507 0.253
380 457 0.2434
380 2423 0.3881
380 1183 0.1366
382 2959 0.1142
382 2837 0.0596
382 1602 0.1137
383 2076 0.1197
383 2023 0.159
383 1545 0.0388
384 2934 0.1458
384 1526 0.1289
385 1929 0.4061
385 917 0.1571
385 2298 0.145
386 1285 0.128
386 912 0.03
387 3019 0.3715
387 2902 0.0246
388 1209 0.1315
389 2662 0.1184
389 438 0.0594
389 769 0.2377
389 1301 0.1307
390 2977 0.0949
392 421 0.2987
392 1277 0.0724
392 1694 0.2871
392 2396 0.1676
392 404 0.118
392 439 0.4014
393 1110 0.1579
394 2038 0.1462
394 1012 0.0561
395 466 0.1442
395 2301 0.0684
397 2347 0.1214
397 1035 0.092
398 2674 0.1493
398 2668 0.1549
398 2361 0.0247
399 3000 0.2315
399 897 0.2847
399 1989 0.4323
400 1643 0.1214
400 2219 0.137
402 2477 0.1639
402 2033 0.0388
402 2663 0.1661
403 1530 0.156
403 2102 0.0553
403 2608 0.0942
404 3086 0.2043
404 1946 0.0523
406 1255 0.0985
406 1651 0.2046
406 593 0.0561
406 2009 0.0828
407 2799 0.3318
407 800 0.2443
407 525 0.1789
408 784 0.0278
408 1067 0.1385
408 1929 0.1521
409 871 0.4044
409 2418 0.0202
409 929 0.0852
409 2059 0.1003
410 2187 0.1474
411 2963 0.078
411 2315 0.1021
411 1166 0.1727
412 1952 0.0378
412 803 0.0541
412 1711 0.1649
413 1825 0.0067
414 1799 0.1502
414 455 0.1806
415 2431 0.1124
416 949 0.0938
416 1180 0.1431
416 1561 0.0133
417 2227 0.1702
417 2524 0.1322
417 2633 0.3926
418 2666 0.3188
418 3037 0.2939
419 2435 0.36
419 1741 0.3989
419 498 0.0526
420 1843 0.1902
420 1557 0.0837
420 3149 0.2015
421 1496 0.0955
421 504 0.2396
421 2985 0.0859
422 1210 0.2204
423 2560 0.349
423 2786 0.1567
423 1582 0.2575
423 2924 0.1862
424 519 0.1928
425 2792 0.3215
425 624 0.0647
425 563 0.1433
426 1891 0.3049
426 449 0.1943
426 2452 0.0202
426 2372 0.1353
427 2576 0.1971
427 1740 0.3861
429 3114 0.1133
429 3042 0.0495
429 2053 0.1272
429 2479 0.1401
430 1220 0.19
430 2733 0.247
430 505 0.1061
430 2531 0.1686
431 3192 0.2611
431 2119 0.1613
431 2393 0.0696
431 1779 0.5437
431 1906 0.5581
431 1509 0.1698
432 3068 0.1768
432 889 0.182
432 1376 0.0182
432 438 0.1499
433 2635 0.1044
433 792 0.1687
433 1380 0.0904
433 2336 0.1232
434 2472 0.2227
435 777 0.204
435 2198 0.1894
435 1015 0.0381
436 1695 0.0475
436 1096 0.0402
436 1080 0.2356
436 850 0.1091
436 466 0.1928
436 2122 0.2649
437 2543 0.1632
437 799 0.1642
437 2707 0.2548
437 1066 0.3159
438 1440 0.0417
438 1745 0.3139
438 2865 0.2345
439 1001 0.0387
440 2815 0.1182
440 2173 0.1334
440 1571 0.4337
441 2527 0.0953
441 2668 0.2198
441 1120 0.2809
442 2415 0.2172
442 1335 0.4184
443 2275 0.0527
443 2418 0.209
443 1961 0.0394
443 1013 0.1181
443 2429 0.041
443 503 0.4924
443 2582 0.1642
444 1889 0.0737
445 2415 0.0558
445 785 0.1307
445 3049 0.1999
445 2654 0.2083
446 1327 0.1322
446 1107 0.1132
447 1206 0.0761
447 1065 0.3963
447 2470 0.0436
448 1585 0.2588
448 1237 0.1656
448 2846 0.1573
449 2990 0.0721
450 1212 0.3951
450 3162 0.0799
450 1216 0.2432
450 3093 0.0553
451 1136 0.0818
451 713 0.0516
451 498 0.0428
451 2805 0.149
451 3100 0.2666
451 1399 0.2057
452 1377 0.2054
452 2345 0.2926
453 1299 0.1899
453 567 0.1782
454 1161 0.0214
454 2851 0.2201
454 2386 0.0357
454 2600 0.0213
454 2412 0.0607
454 659 0.1974
455 2918 0.013
455 1792 0.0663
455 2590 0.0472
456 2908 0.0622
456 801 0.3631
456 710 0.0513
456 2930 0.1433
457 2784 0.2434
457 3055 0.1344
457 536 0.1032
458 2646 0.2119
458 2269 0.0851
460 1141 0.0845
460 1526 0.1646
461 600 0.1543
461 2846 0.2325
461 2309 0.2041
461 2438 0.041
461 2549 0.0965
461 1508 0.046
462 2131 0.3821
462 902 0.126
462 1122 0.3226
463 642 0.0511
463 1819 0.0947
463 2917 0.0155
463 2731 0.3993
465 1753 0.1426
465 2293 0.0603
465 3170 0.0302
465 1598 0.2047
466 1439 0.3382
466 2361 0.1489
466 802 0.0993
466 1336 0.1196
466 1067 0.1232
467 2812 0.1287
468 1572 0.2774
468 1062 0.0998
468 2871 0.0387
468 1796 0.2228
469 2033 0.2042
469 1492 0.1122
469 1373 0.1891
469 1402 0.2926
470 1007 0.0797
470 1791 0.0232
470 1919 0.1308
470 1574 0.1481
470 2915 0.4015
471 2821 0.3078
471 711 0.0616
472 1598 0.0614
472 623 0.2585
472 782 0.355
473 2271 0.0617
473 1211 0.049
473 721 0.1344
474 1540 0.2278
474 1338 0.1064
475 1714 0.2834
475 1940 0.1838
475 1638 0.0921
475 1921 0.1539
475 1820 0.0466
475 1849 0.0867
476 597 0.4654
476 1722 0.0581
476 1521 0.1753
476 1915 0.1004
476 1460 0.2555
477 1237 0.0673
478 1962 0.1709
479 2421 0.4119
480 880 0.1895
480 1643 0.0597
481 1690 0.3162
481 1036 0.3316
481 2073 0.0689
482 638 0.2328
482 1547 0.3424
482 756 0.1718
483 1555 0.0527
483 2245 0.2193
483 884 0.0927
483 2129 0.1037
484 3045 0.2178
484 3040 0.1903
484 1759 0.0644
484 1172 0.0819
484 1717 0.1002
484 1763 0.0538
484 1405 0.4188
485 3184 0.016
485 767 0.3109
486 2481 0.0918
486 1108 0.1478
487 804 0.0271
487 2334 0.4297
488 968 0.1125
489 1960 0.2056
489 1014 0.0123
489 752 0.1856
489 1288 0.1174
489 2766 0.1885
489 1178 0.0565
490 2520 0.1257
490 1849 0.1378
491 1744 0.1405
491 679 0.0842
492 3036 0.3852
492 1030 0.0174
493 1119 0.2084
494 1716 0.0183
495 2529 0.0892
495 1603 0.2035
495 2460 0.1908
495 1639 0.0211
496 1050 0.4119
496 2163 0.2297
497 720 0.0894
497 1953 0.1136
497 1218 0.0957
498 2643 0.1668
498 843 0.2401
499 2703 0.2495
499 3108 0.1351
499 569 0.2037
500 2275 0.1257
500 529 0.492
501 897 0.4951
502 1053 0.0445
503 1823 0.248
503 2210 0.0675
504 2237 0.4699
504 1145 0.3349
505 2594 0.1311
505 2682 0.0356
505 2298 0.2373
505 2125 0.2167
505 1317 0.2064
507 539 0.0782
507 1399 0.4009
508 1619 0.1749
508 1105 0.1766
509 3035 0.3186
509 2707 0.0584
509 1907 0.762
510 2989 0.0959
510 1400 0.1137
510 664 0.2119
510 2866 0.1383
510 2189 0.0721
510 2468 0.1045
511 1842 0.0193
512 902 0.4458
512 2814 0.1069
513 1484 0.0291
513 2140 0.0974
513 726 0.1552
514 571 0.0192
515 1416 0.0251
515 2683 0.0311
516 1231 0.3329
516 954 0.3187
516 1286 0.3687
516 547 0.174
518 1822 0.0044
518 2586 0.1187
519 1314 0.0749
520 878 0.1164
520 1229 0.122
521 1061 0.0758
521 2626 0.2344
522 680 0.2058
522 2059 0.3267
522 619 0.1327
522 649 0.0804
523 2583 0.1323
523 1114 0.6573
524 3167 0.208
524 1791 0.1281
524 811 0.0604
524 1208 0.0981
525 3166 0.3687
525 1474 0.0656
525 807 0.4479
525 1192 0.1288
527 1152 0.2954
527 2405 0.0906
529 1716 0.0318
529 2943 0.2049
529 833 0.3222
531 2198 0.2451
531 1186 0.1257
531 1473 0.3109
531 2563 0.1563
533 1315 0.1636
533 1083 0.3692
534 848 0.0842
534 1436 0.0613
534 908 0.0575
535 2993 0.2002
535 1262 0.0996
537 734 0.0399
538 2354 0.0098
538 1092 0.088
538 1511 0.168
538 622 0.2635
539 1834 0.2268
539 2601 0.1325
540 888 0.0753
540 2716 0.2044
540 2953 0.0064
540 1475 0.0427
540 2783 0.1611
540 2280 0.122
541 2037 0.3152
541 2411 0.3114
542 2419 0.3296
543 2582 0.2215
543 2972 0.0746
543 1281 0.1761
543 2800 0.097
543 1421 0.3139
544 815 0.082
544 2145 0.3362
544 1524 0.2689
544 1056 0.0515
544 2779 0.0263
544 1536 0.1406
546 1022 0.0655
547 960 0.1065
547 1578 0.095
547 1563 0.22
547 1381 0.1063
547 1534 0.0891
547 1174 0.1269
547 2619 0.3064
548 2794 0.1076
548 3087 0.091
548 1464 0.0778
548 2177 0.0782
549 2441 0.1869
549 2348 0.1391
549 1473 0.456
549 3199 0.1136
549 2264 0.1695
549 2058 0.2242
549 1124 0.0895
549 2926 0.0961
550 1517 0.222
550 2633 0.1044
551 1198 0.1329
551 2823 0.2868
551 2657 0.1546
552 2553 0.0169
553 1139 0.373
553 1801 0.1026
553 1022 0.2191
555 2821 0.1476
556 1810 0.2357
556 2731 0.2326
557 3040 0.1876
557 1305 0.0666
558 2960 0.0571
558 1876 0.1571
558 2866 0.2611
559 2223 0.1676
560 1943 0.3659
560 2289 0.301
560 2020 0.1709
562 693 0.2709
562 2432 0.1075
562 2519 0.0432
564 1985 0.0383
564 2335 0.0951
564 781 0.0517
565 1868 0.0842
565 859 0.0436
566 3161 0.0608
566 1331 0.0688
566 2379 0.1979
567 845 0.0867
567 2478 0.0653
567 618 0.2266
567 1914 0.0283
568 1276 0.0398
568 2011 0.0248
568 1907 0.1561
568 1830 0.4683
568 2828 0.2112
568 2399 0.0294
568 1903 0.1178
569 2666 0.1413
569 1805 0.3455
570 1924 0.1459
570 623 0.2281
571 1253 0.3507
571 943 0.1602
571 2206 0.0124
571 3099 0.1815
571 1717 0.4484
572 866 0.0505
573 2406 0.0448
573 2314 0.2335
573 1904 0.1943
574 2862 0.3816
574 736 0.0983
574 2285 0.1328
574 3163 0.0485
574 3166 0.0953
575 1077 0.0995
575 2022 0.08
575 2461 0.1281
576 2209 0.1095
576 1478 0.1405
576 2187 0.2962
577 2802 0.2109
578 1207 0.1942
578 2132 0.5351
578 1779 0.1064
579 1693 0.2953
579 2668 0.1244
580 1190 0.1418
580 2972 0.1422
580 2937 0.037
581 2122 0.085
582 642 0.0674
582 1042 0.2781
582 2773 0.0584
583 2454 0.6433
583 2067 0.4187
583 2846 0.1865
584 677 0.2324
584 712 0.1144
584 1291 0.2523
585 1430 0.0227
585 976 0.1635
585 2821 0.1086
585 2092 0.1997
586 1173 0.2373
586 1826 0.0745
586 639 0.1349
586 1353 0.3103
587 2816 0.0495
588 1401 0.2061
588 3051 0.1133
589 1827 0.1
589 1982 0.2134
589 1484 0.4175
591 2913 0.2659
591 595 0.4988
592 3061 0.0987
592 2707 0.1034
592 2014 0.4184
594 2963 0.2402
594 2873 0.3004
595 2223 0.0934
595 745 0.0566
595 855 0.2219
595 3091 0.1211
596 1080 0.1417
596 1974 0.1841
596 1917 0.0964
597 849 0.044
598 2110 0.1123
599 2875 0.4933
599 829 0.0519
600 2198 0.2082
600 2064 0.3544
601 902 0.1163
601 2621 0.2692
602 3192 0.2702
602 1555 0.0933
603 1674 0.1679
603 1874 0.3344
603 2911 0.2085
604 2822 0.0975
605 2487 0.1932
606 2324 0.3221
607 1392 0.0487
607 1240 0.1262
607 621 0.0887
607 2117 0.1304
608 751 0.3436
608 2229 0.07
609 2567 0.2878
609 2229 0.1634
609 972 0.2649
609 1289 0.1064
609 1808 0.1094
610 2203 0.077
611 1527 0.0251
611 763 0.1853
611 1131 0.4178
611 2029 0.122
612 804 0.0909
612 1855 0.028
612 1987 0.0749
612 1488 0.0584
612 2553 0.0607
613 749 0.1389
613 2757 0.5074
614 1038 0.2418
615 1444 0.2398
615 855 0.1729
615 1407 0.1639
616 1505 0.0635
616 3114 0.1793
617 858 0.0857
618 2329 0.1639
619 1244 0.2405
619 865 0.0886
620 1735 0.1196
620 2614 0.0573
620 2099 0.3407
621 2118 0.2852
621 2439 0.2755
622 1375 0.0592
622 1203 0.1481
622 1897 0.0407
622 887 0.1265
622 722 0.1558
622 1197 0.353
622 1009 0.4195
622 1517 0.1009
623 1923 0.1479
625 1428 0.0952
626 2889 0.0303
626 1063 0.1084
626 640 0.1557
628 1743 0.1114
628 3079 0.2504
628 1013 0.1594
628 2712 0.0706
629 2869 0.1497
629 1699 0.0666
629 1937 0.0994
629 783 0.08
630 2752 0.0302
631 1753 0.0967
633 2955 0.2274
633 2676 0.1262
633 1328 0.4703
634 818 0.0985
634 1724 0.279
635 2309 0.1824
635 2224 0.3966
635 1665 0.1354
636 1559 0.0544
637 2537 0.0879
637 1846 0.3609
638 2238 0.0501
638 1082 0.3549
639 812 0.1728
640 2725 0.6371
641 2753 0.0724
641 970 0.4145
642 1427 0.5836
642 2103 0.0911
642 977 0.0652
642 838 0.2542
642 2849 0.0777
643 1464 0.2324
645 1220 0.1289
646 2580 0.0259
647 2250 0.106
648 1197 0.3074
649 2034 0.1815
650 937 0.3126
651 1572 0.1604
651 2665 0.416
652 2363 0.124
652 1919 0.1727
652 1266 0.2033
652 1048 0.0786
653 3120 0.2495
653 1279 0.2342
653 2479 0.1257
653 785 0.2576
653 940 0.2402
654 1416 0.0938
655 2402 0.1895
655 1072 0.291
655 2374 0.0589
656 674 0.0109
656 1358 0.1725
656 1093 0.1532
656 1492 0.2668
657 2181 0.0598
657 1361 0.338
658 1440 0.0658
658 1285 0.0468
658 2955 0.0671
659 2185 0.4004
659 2908 0.1846
659 2962 0.1416
659 1292 0.168
660 1695 0.1683
660 3116 0.143
660 1851 0.4298
661 2949 0.4129
661 3073 0.0985
661 1135 0.2079
661 2215 0.0209
661 1561 0.0722
662 2845 0.0939
662 3080 0.2344
663 2219 0.2914
664 1159 0.4122
664 1935 0.1462
664 2341 0.1051
665 693 0.2723
665 2688 0.0244
665 2516 0.1019
666 1569 0.0957
666 1880 0.0705
666 1028 0.1927
667 1821 0.1833
667 1618 0.2214
667 2775 0.0636
668 2987 0.4897
668 2393 0.0676
668 2536 0.1491
668 2772 0.0735
668 2905 0.0684
668 2053 0.1517
669 3177 0.1253
669 2112 0.2542
670 917 0.2001
671 2464 0.1029
671 2861 0.2152
671 1922 0.2995
672 2200 0.142
673 1731 0.345
674 2175 0.0427
674 2650 0.149
675 2772 0.0918
676 2292 0.2251
677 2569 0.1632
677 1291 0.0905
677 3090 0.0472
678 926 0.1024
678 1924 0.0195
678 2123 0.1507
678 2616 0.1523
678 1323 0.0337
679 681 0.2619
679 1699 0.0197
679 1938 0.0692
679 2545 0.2567
679 1749 0.1087
680 2168 0.3718
680 2575 0.0847
680 1163 0.0452
680 3161 0.2121
680 831 0.1549
680 1261 0.1795
680 1523 0.2146
682 1386 0.135
682 2420 0.0942
682 3015 0.235
682 1310 0.0518
684 2006 0.3076
684 1333 0.0655
684 2412 0.1419
686 2632 0.1096
686 811 0.1815
686 741 0.0947
687 2919 0.0507
687 2427 0.1085
687 1180 0.2515
687 1207 0.0212
688 1718 0.1064
688 2837 0.1472
688 1755 0.2226
689 2161 0.102
689 2015 0.4582
689 2463 0.3183
689 751 0.6157
690 1758 0.2608
690 2713 0.1735
691 1779 0.248
691 2931 0.1406
692 699 0.247
692 3182 0.0546
692 2968 0.2441
692 1298 0.2923
692 1916 0.2194
693 2138 0.0681
693 3150 0.2013
693 3111 0.0606
693 2185 0.2082
693 983 0.1131
694 1626 0.1182
694 3169 0.1225
695 1680 0.2617
695 2814 0.0647
695 2784 0.1502
695 2893 0.1498
696 1702 0.1261
696 2923 0.122
696 2705 0.3533
697 3148 0.0809
697 2500 0.2646
698 944 0.1881
698 2101 0.1301
698 2714 0.1475
699 1610 0.0586
699 2560 0.3341
699 1638 0.0305
700 991 0.1157
701 2481 0.0581
701 1413 0.0933
701 2290 0.2346
701 2662 0.3205
701 3083 0.1059
701 737 0.0367
702 1778 0.1194
702 1171 0.7272
702 3101 0.0264
703 2526 0.0981
703 3175 0.4395
703 833 0.0808
704 2353 0.2136
704 3132 0.1599
704 3062 0.2502
705 1573 0.0421
705 1876 0.0177
705 901 0.3609
705 1707 0.3171
706 1433 0.1236
706 2096 0.3746
706 819 0.3238
707 2358 0.2532
707 2973 0.1264
707 1600 0.0788
708 1533 0.1225
708 1626 0.1034
708 2706 0.0505
709 1164 0.1419
709 1752 0.1461
709 1975 0.0589
710 1686 0.0639
710 2606 0.1179
711 2382 0.0476
711 1404 0.1135
713 1313 0.0103
713 1435 0.1544
713 2548 0.0813
713 1058 0.1227
713 3010 0.2842
714 1797 0.296
715 1669 0.0525
715 765 0.1143
715 1418 0.032
716 805 0.042
717 2802 0.0371
717 2063 0.4145
717 2013 0.1845
717 3122 0.0872
718 987 0.0685
718 1868 0.0184
719 985 0.2044
719 1900 0.1579
719 774 0.0883
720 2627 0.1474
721 2886 0.1078
721 2958 0.0845
721 1695 0.0899
722 2829 0.2784
722 1382 0.0442
722 2029 0.0709
722 1064 0.3837
722 2744 0.4698
722 2704 0.0308
723 946 0.0794
723 2507 0.2067
724 1796 0.0818
724 806 0.2345
725 2198 0.3796
726 1497 0.0668
726 1434 0.052
727 2610 0.0847
727 1169 0.0269
728 2338 0.1852
728 2119 0.0699
729 1548 0.4056
729 1665 0.1791
730 1065 0.1937
730 1038 0.1341
731 2378 0.1175
731 2075 0.172
734 2568 0.1213
734 2849 0.0523
734 1290 0.0752
735 1293 0.1409
735 2331 0.0628
736 1771 0.1157
738 2539 0.1475
739 2809 0.0469
739 1620 0.0809
739 2444 0.1902
739 2880 0.4935
740 2662 0.1074
740 786 0.0457
740 2042 0.25
740 1821 0.0755
740 1847 0.1414
740 3032 0.0459
741 2554 0.2123
741 1138 0.1523
741 1652 0.4112
741 2245 0.2171
741 935 0.0836
742 1757 0.2768
742 1521 0.374
742 1244 0.3601
743 1976 0.1987
743 1225 0.0339
744 838 0.0202
745 1144 0.106
745 2011 0.1244
746 2432 0.3514
746 2488 0.1781
747 1437 0.109
747 2090 0.4992
747 2324 0.1181
748 3111 0.1616
748 2962 0.3301
749 2920 0.2234
749 2304 0.1867
751 2868 0.2286
751 982 0.0393
751 1578 0.2709
752 2829 0.1761
753 1776 0.0227
754 1335 0.0478
754 3125 0.0524
754 2673 0.072
754 951 0.1621
755 1917 0.5788
755 1506 0.2757
755 799 0.33
755 2231 0.2944
756 1293 0.3957
756 1593 0.1501
757 1507 0.034
758 2501 0.2374
758 1456 0.0478
758 2772 0.175
759 920 0.1344
759 1287 0.0337
761 1657 0.2124
761 1752 0.4985
762 3048 0.0309
762 2014 0.2016
763 829 0.0635
763 2156 0.138
763 1291 0.0216
764 2415 0.0549
764 2552 0.0573
766 1727 0.079
766 2829 0.042
766 2491 0.1572
767 2902 0.0587
767 2502 0.144
768 2985 0.1762
768 972 0.1016
769 2823 0.2126
769 878 0.0267
769 2525 0.0367
769 2157 0.058
770 1648 0.2861
771 2031 0.1449
771 988 0.2327
771 2791 0.1267
771 2276 0.1117
772 808 0.1421
772 2044 0.1985
772 1527 0.1797
772 956 0.1163
773 3186 0.1993
773 2773 0.2538
773 1350 0.0628
773 1059 0.5418
774 1740 0.2935
775 1304 0.225
775 2382 0.0032
775 892 0.1686
775 1059 0.0895
775 2312 0.073
776 3137 0.0286
776 1315 0.2263
776 862 0.0323
777 1994 0.2447
777 2496 0.2112
777 2247 0.1736
779 1335 0.0581
779 2246 0.1247
779 2749 0.1571
779 2683 0.1783
779 2513 0.3039
780 1109 0.4693
780 2868 0.2072
780 2652 0.1325
781 3198 0.2282
781 829 0.0721
781 2243 0.0956
781 2356 0.1241
782 786 0.4072
782 2156 0.2001
783 2234 0.2834
783 2446 0.1578
784 2934 0.2102
785 2283 0.1335
786 2144 0.2161
786 1783 0.184
786 1865 0.1066
787 2621 0.0436
788 2589 0.0362
789 1592 0.0189
789 3027 0.043
789 1597 0.1118
790 2748 0.2558
790 966 0.0753
790 2467 0.1036
791 2465 0.1407
791 2457 0.6743
791 2283 0.1101
792 2245 0.2243
792 794 0.3613
792 2978 0.1433
792 2358 0.1691
792 2017 0.0649
793 1813 0.1395
793 827 0.0718
794 1827 0.3176
794 1438 0.014
795 2618 0.071
795 1645 0.07
796 1514 0.2915
796 970 0.0642
796 1800 0.0846
797 3100 0.0698
797 1045 0.0877
797 2584 0.1391
797 2827 0.1373
798 2410 0.0248
798 1180 0.0577
798 3024 0.1127
799 2418 0.0668
799 814 0.2774
799 1629 0.1646
800 3020 0.0912
800 1926 0.1009
800 2607 0.0687
801 2581 0.0216
801 1768 0.1081
802 1754 0.1191
802 2731 0.0569
803 1061 0.0881
803 3182 0.1312
803 2615 0.0878
803 920 0.0368
803 1875 0.1417
803 1076 0.0633
804 1214 0.3575
804 2690 0.1201
805 942 0.0683
805 2147 0.0275
806 2828 0.1834
806 1356 0.2816
807 1954 0.1151
807 1714 0.0596
809 1611 0.1451
809 2546 0.049
809 2158 0.0717
809 1357 0.2025
811 2984 0.1567
813 1482 0.1032
813 934 0.1578
813 2951 0.3032
813 836 0.0581
813 1094 0.0462
814 2208 0.5149
814 2778 0.1613
814 1040 0.2166
815 1267 0.1172
816 3092 0.1361
816 2437 0.1324
816 1181 0.0119
818 1171 0.1789
819 2215 0.1467
820 1513 0.059
820 1635 0.2506
820 1851 0.1557
821 2007 0.122
822 923 0.0449
822 1550 0.3947
823 1242 0.573
823 1392 0.1428
823 1076 0.325
823 959 0.2028
823 3044 0.0645
824 1353 0.0586
824 1134 0.193
824 2057 0.1007
824 3144 0.0912
824 1058 0.2461
825 2621 0.0846
825 1369 0.0868
826 1502 0.1034
826 834 0.103
826 1946 0.0694
826 2800 0.0743
827 2388 0.132
828 2739 0.1073
829 3018 0.0986
829 1807 0.4482
829 3040 0.0977
830 1872 0.2285
831 2501 0.1503
832 1727 0.0428
832 1074 0.1109
833 2860 0.0607
834 1162 0.1275
834 1398 0.1204
834 1392 0.159
834 1896 0.1073
835 1196 0.3405
836 1966 0.0743
836 2815 0.1912
836 1341 0.2357
836 3139 0.5218
837 2417 0.0494
837 1748 0.3147
839 2154 0.1886
839 1800 0.0172
840 2505 0.0873
840 1568 0.2696
841 2405 0.2727
842 1678 0.2588
842 2956 0.6324
842 2502 0.1969
842 2150 0.0327
843 3148 0.1003
844 2161 0.0498
844 2644 0.1532
845 1327 0.1377
846 3129 0.2144
846 1236 0.064
847 2138 0.6908
847 2462 0.2715
848 2164 0.0299
848 2028 0.1457
848 1574 0.1744
848 2948 0.0486
849 2321 0.0486
849 2970 0.1547
849 1031 0.1038
850 1207 0.3023
850 3014 0.0407
850 2518 0.1971
850 3148 0.3708
851 2465 0.3288
851 1552 0.0043
852 1229 0.0579
852 1020 0.5826
852 2248 0.1049
853 924 0.0653
854 2833 0.0809
854 2194 0.0792
854 1254 0.2839
855 2753 0.1436
855 2301 0.0663
856 1458 0.3579
857 2108 0.275
857 1642 0.1753
858 1059 0.4147
858 2126 0.1194
859 1646 0.0167
860 2410 0.0873
860 1607 0.0388
860 2068 0.0851
861 2999 0.1019
862 2366 0.3025
862 3019 0.2339
863 2158 0.1065
863 878 0.1224
863 2810 0.0963
863 1336 0.0236
864 1913 0.0711
865 1715 0.0542
865 1382 0.1178
866 1568 0.0574
866 1247 0.0454
867 1177 0.3117
868 2165 0.43
868 1453 0.1196
869 1107 0.3469
869 1025 0.0209
869 2964 0.0786
870 1142 0.0818
871 2000 0.7637
871 1332 0.162
872 2303 0.2509
873 2085 0.1573
873 1357 0.6444
873 2359 0.0523
874 950 0.0324
874 2429 0.1669
876 1604 0.1054
877 3003 0.0656
877 1039 0.2753
877 1290 0.1273
877 1089 0.2051
878 2990 0.3952
878 2955 0.2327
879 3175 0.409
879 2666 0.4636
879 1441 0.2075
880 3031 0.0658
880 1961 0.1618
881 2093 0.0952
882 3168 0.1519
882 2598 0.1006
883 1901 0.0478
883 2736 0.0672
885 1490 0.1169
885 2073 0.4459
885 2084 0.166
886 2686 0.307
886 1814 0.1211
886 1741 0.0306
886 2810 0.1342
887 1671 0.121
887 1513 0.0739
887 2274 0.0973
889 2303 0.0554
891 2393 0.1233
891 1684 0.1912
892 2871 0.0529
894 2282 0.065
894 2728 0.0651
895 2348 0.1751
896 2540 0.0506
897 3108 0.123
897 1332 0.1907
898 1618 0.4773
898 2152 0.164
898 2659 0.363
898 2523 0.4639
899 1982 0.0665
899 1369 0.1448
900 1552 0.2168
901 1687 0.2049
901 2497 0.063
901 2857 0.2279
901 2095 0.1871
902 1723 0.2722
902 1360 0.1741
902 2544 0.2259
902 1796 0.1563
902 2944 0.2543
903 2543 0.159
903 1369 0.0291
903 3021 0.0252
903 2958 0.2491
903 2464 0.2543
903 2984 0.3918
904 2859 0.2785
904 1608 0.1574
905 1507 0.1751
905 1364 0.1975
906 1299 0.0842
906 1491 0.1402
906 1315 0.1814
906 1629 0.3894
906 2324 0.0923
907 2197 0.0982
908 1798 0.0942
908 1877 0.1673
910 2982 0.1747
911 2339 0.0701
912 1824 0.0773
912 2200 0.3569
912 2891 0.0734
913 3070 0.4243
913 3011 0.3378
913 2581 0.4174
914 2490 0.3042
915 2019 0.1378
915 1938 0.1311
916 1658 0.1673
917 1839 0.0355
917 2114 0.2258
919 1559 0.15
920 2343 0.1385
920 1428 0.2317
921 1560 0.0996
921 1272 0.1603
921 3095 0.2656
921 2030 0.2907
921 2998 0.0556
921 1082 0.1854
921 2937 0.1272
923 3050 0.3036
924 1896 0.2779
924 2413 0.177
924 1926 0.0178
924 2664 0.1137
925 2814 0.7735
926 1727 0.198
927 2021 0.124
927 2827 0.1464
928 3089 0.1056
928 1998 0.0691
928 1337 0.1664
928 2192 0.1552
928 1257 0.5005
929 1022 0.2102
930 1288 0.5216
932 1800 0.1662
932 1516 0.2413
932 2239 0.0806
932 1711 0.1018
933 1072 0.0852
934 2436 0.2041
934 2304 0.248
935 1826 0.2548
935 970 0.1062
935 2731 0.121
936 2977 0.1921
937 1151 0.0548
938 1573 0.0868
938 2640 0.177
938 3187 0.1151
939 1381 0.1487
939 3162 0.1156
940 1967 0.1085
940 2768 0.4018
941 1400 0.3041
941 954 0.4755
942 3000 0.1657
942 1223 0.057
943 2788 0.6295
943 3149 0.0832
944 2354 0.5103
944 2884 0.2575
944 2338 0.0706
945 1742 0.1103
945 3074 0.0166
945 1953 0.2306
945 3038 0.0251
947 2006 0.1493
947 1754 0.2435
948 1751 0.0575
949 2770 0.1779
950 2689 0.073
950 3147 0.4425
951 1407 0.0585
952 2065 0.2425
952 1743 0.1689
953 1730 0.3584
953 3126 0.2175
954 1507 0.0669
954 1432 0.3146
955 1346 0.1329
955 2342 0.0399
955 2496 0.1699
956 2297 0.0642
956 1776 0.1136
957 2176 0.1038
957 3195 0.1947
957 2271 0.4695
957 1844 0.0629
958 1823 0.111
958 2803 0.1035
959 3063 0.0972
959 2944 0.0746
959 2423 0.0971
960 1439 0.2726
961 2488 0.1251
961 1014 0.1486
962 1187 0.0793
962 3147 0.1029
962 1981 0.1845
962 1854 0.0912
963 1530 0.13
963 2159 0.072
963 3076 0.0353
964 2815 0.104
965 2259 0.1826
965 2363 0.3384
966 1256 0.0352
966 2689 0.1341
966 2696 0.1281
966 2077 0.1798
967 1981 0.0934
968 1917 0.1226
968 1326 0.1187
968 1073 0.0509
968 3030 0.0857
969 2200 0.0373
969 1540 0.1484
969 2822 0.1197
970 2153 0.0765
972 3033 0.3385
972 1970 0.5019
972 1915 0.1841
972 2514 0.2389
973 1432 0.0303
973 1303 0.143
974 2940 0.0278
974 1110 0.1298
974 2388 0.0912
974 2137 0.3077
975 2077 0.0833
976 2367 0.167
977 1857 0.1569
977 2320 0.1066
977 1555 0.1347
978 2788 0.0891
979 1400 0.067
979 2934 0.1169
979 2840 0.3955
979 1690 0.1048
980 3035 0.1662
980 3045 0.0548
980 2949 0.1644
980 2086 0.25
980 2691 0.2644
980 1587 0.1808
982 2762 0.1572
982 2713 0.0801
982 2894 0.0479
983 3177 0.2169
983 1038 0.0559
983 1265 0.2167
984 1907 0.2755
986 2329 0.0515
986 2360 0.0892
986 1118 0.0731
986 2529 0.0166
987 2516 0.2173
987 2690 0.1831
988 2741 0.1348
988 2744 0.3069
989 3076 0.0797
989 1830 0.0202
989 2082 0.1615
990 3084 0.0519
992 1890 0.0531
993 1565 0.1826
993 1402 0.1749
995 2230 0.0217
996 2559 0.0499
997 1942 0.0344
997 2796 0.3686
997 1188 0.2258
997 1058 0.0597
998 2831 0.096
998 1581 0.1284
998 3092 0.0881
1000 2442 0.0799
1000 1731 0.1889
1000 1011 0.1794
1000 2572 0.1488
1000 1652 0.0628
1001 2457 0.3873
1002 2855 0.0698
1002 2601 0.3143
1002 1669 0.2957
1003 2583 0.448
1003 2203 0.1428
1003 2505 0.1417
1003 2925 0.069
1003 1297 0.0518
1003 2824 0.4061
1004 2342 0.1039
1005 1200 0.1156
1005 1129 0.4013
1005 1920 0.1342
1005 2862 0.145
1005 1728 0.0572
1005 2410 0.0177
1006 2875 0.1263
1006 2934 0.2122
1006 2418 0.1305
1006 1079 0.1272
1007 3095 0.1171
1008 2620 0.1834
1009 1559 0.0104
1009 1448 0.0806
1010 2541 0.2365
1010 2601 0.0884
1010 2925 0.0813
1010 1760 0.0263
1010 2252 0.164
1011 2574 0.4009
1011 1412 0.1367
1012 2190 0.0258
1013 2232 0.0153
1013 2584 0.1744
1013 1573 0.0144
1014 1185 0.0885
1014 1649 0.3906
1016 2716 0.2103
1016 2619 0.1654
1017 2480 0.0961
1017 1896 0.0241
1018 2869 0.1501
1018 2013 0.2454
1018 2160 0.155
1018 3155 0.0562
1019 1531 0.1579
1019 1664 0.0261
1020 3178 0.1053
1020 2865 0.0883
1021 2350 0.1076
1021 1863 0.1522
1022 1371 0.4056
1022 2063 0.0908
1022 1358 0.0518
1023 1201 0.5146
1023 3004 0.1005
1024 1866 0.0717
1024 3174 0.0556
1025 2932 0.0736
1025 2232 0.1652
1025 2002 0.2866
1026 1334 0.021
1026 1685 0.0812
1027 2149 0.5182
1027 2303 0.0473
1027 1294 0.2273
1027 2105 0.5359
1027 1226 0.0326
1028 1701 0.0782
1028 2866 0.2092
1029 1073 0.0336
1029 2262 0.0918
1029 1396 0.1546
1030 1147 0.0126
1031 2377 0.1256
1031 1556 0.4801
1033 2266 0.0578
1033 1591 0.0476
1033 2601 0.0819
1035 1215 0.0851
1036 1978 0.4752
1036 2764 0.4941
1037 1136 0.0688
1037 2090 0.1329
1037 2668 0.1221
1038 3177 0.1715
1038 1071 0.1773
1038 2672 0.0524
1040 2261 0.1813
1040 2829 0.0723
1041 3074 0.1225
1041 1746 0.0296
1041 1684 0.104
1042 1809 0.014
1043 3154 0.193
1043 1249 0.3821
1044 1682 0.3632
1044 2672 0.1048
1045 3024 0.1746
1045 3018 0.0422
1046 2551 0.2655
1046 1669 0.1656
1047 2048 0.4206
1049 1870 0.3189
1049 1333 0.0537
1049 2526 0.1754
1050 2409 0.1385
1050 1515 0.0986
1051 2286 0.1307
1051 2318 0.0593
1051 2881 0.1231
1051 1644 0.0967
1051 2820 0.1234
1052 1828 0.1142
1053 2868 0.1864
1054 2030 0.0816
1054 2549 0.1279
1055 2560 0.1984
1057 2506 0.1894
1057 2712 0.5182
1057 1463 0.0838
1057 1710 0.0902
1058 2953 0.1305
1059 1250 0.2181
1059 3102 0.1995
1059 2883 0.1342
1059 1478 0.0603
1060 2709 0.0441
1060 2885 0.0963
1061 1697 0.1146
1061 1862 0.2106
1063 1853 0.0622
1064 3035 0.6675
1064 2820 0.1666
1064 1217 0.0748
1064 2212 0.061
1065 2477 0.0888
1065 1754 0.1796
1065 1138 0.0806
1066 2173 0.2646
1066 2035 0.0999
1067 1763 0.3673
1067 3044 0.2425
1072 1573 0.1102
1075 2038 0.0207
1075 2359 0.0726
1076 1840 0.1986
1077 1959 0.1152
1077 1364 0.065
1078 1129 0.0226
1078 2424 0.1835
1078 1288 0.2179
1078 2215 0.1724
1079 1649 0.209
1079 2502 0.0992
1079 2320 0.1075
1080 2319 0.3959
1080 1165 0.1006
1080 2089 0.217
1081 1320 0.4629
1082 1883 0.3942
1082 1816 0.1427
1082 1306 0.0504
1082 1331 0.0713
1082 3007 0.1787
1082 2669 0.2253
1083 2114 0.0614
1084 1989 0.0849
1084 1956 0.0755
1084 2121 0.0106
1084 2129 0.2593
1085 1375 0.1909
1085 2136 0.0803
1086 1288 0.0853
1086 1476 0.1413
1087 2987 0.0086
1087 2669 0.1135
1089 1544 0.1326
1090 3056 0.0624
1091 1880 0.1276
1092 2797 0.0891
1092 2582 0.1869
1092 2009 0.2307
1092 2200 0.2234
1092 2221 0.216
1093 1724 0.0285
1093 1395 0.0927
1094 2886 0.0262
1095 2992 0.3662
1096 2007 0.1221
1096 2548 0.621
1096 1299 0.075
1096 3069 0.476
1096 2604 0.2352
1097 1777 0.1226
1097 3071 0.0509
1097 3126 0.0788
1097 3155 0.3485
1098 2172 0.1958
1099 2534 0.0418
1099 2325 0.0316
1100 2419 0.2094
1101 2580 0.0899
1101 2518 0.2377
1102 2000 0.06
1102 1630 0.252
1105 1254 0.0631
1105 2935 0.1128
1108 2950 0.1212
1108 2975 0.2377
1108 1639 0.2111
1109 1309 0.2276
1109 3017 0.1571
1110 1451 0.3563
1110 1571 0.2637
1110 1418 0.066
1111 1796 0.2036
1111 2642 0.0678
1111 2080 0.114
1111 2523 0.1733
1112 2685 0.0993
1113 1328 0.3103
1113 2912 0.1437
1114 1255 0.2387
1114 2568 0.2085
1115 2014 0.3297
1115 2065 0.2854
1116 1334 0.1281
1117 1230 0.0702
1118 1389 0.2885
1119 1517 0.144
1119 1947 0.161
1119 2434 0.105
1119 1412 0.1929
1120 2473 0.02
1121 2751 0.6311
1121 1424 0.3639
1121 2295 0.346
1121 2644 0.1834
1121 1906 0.0263
1122 1192 0.5101
1123 1993 0.3243
1124 2933 0.3119
1124 2874 0.306
1124 1322 0.4716
1124 1775 0.3286
1125 3111 0.1046
1128 2826 0.017
1128 2033 0.2071
1128 1241 0.1751
1129 2877 0.2117
1129 2171 0.0763
1129 3177 0.106
1131 2906 0.2185
1131 1655 0.2653
1131 3101 0.0207
1132 2733 0.0709
1134 2170 0.1512
1134 1984 0.108
1135 2986 0.1868
1137 2912 0.1574
1138 1313 0.0238
1138 2145 0.102
1139 1737 0.5075
1139 2883 0.2935
1139 2288 0.0757
1140 1679 0.3259
1141 3115 0.1058
1142 1273 0.2273
1142 1885 0.3433
1143 2450 0.2131
1143 1552 0.3591
1144 2100 0.0631
1144 2546 0.09
1144 3057 0.0448
1145 2111 0.3381
1145 2844 0.0334
1147 2579 0.2432
1147 2743 0.1217
1148 3198 0.0434
1148 2227 0.1576
1148 1926 0.0626
1149 2930 0.2821
1150 2737 0.2312
1150 2397 0.1496
1152 2939 0.101
1152 2737 0.127
1153 2992 0.1771
1155 2473 0.0626
1155 1723 0.1384
1155 1267 0.1172
1155 2764 0.1387
1156 2185 0.1132
1156 1984 0.0537
1156 2083 0.2291
1157 2283 0.0619
1158 1954 0.335
1158 2011 0.0637
1159 1480 0.1153
1160 2117 0.3176
1160 3154 0.3296
1161 2950 0.1708
1162 1178 0.48
1162 2939 0.2034
1163 1173 0.0226
1163 2343 0.3321
1164 1503 0.2238
1164 1340 0.1512
1165 2588 0.1694
1165 1769 0.1753
1165 1605 0.1842
1165 2408 0.1211
1166 2693 0.2488
1166 3031 0.1778
1166 1452 0.1352
1166 2665 0.4094
1167 2442 0.3761
1168 2238 0.1075
1169 1267 0.3329
1169 1272 0.2047
1170 1200 0.0902
1170 1189 0.1842
1170 1222 0.0536
1171 1889 0.0933
1171 1248 0.3916
1172 2384 0.0821
1172 2779 0.024
1173 1488 0.0381
1174 2879 0.0519
1175 2752 0.0363
1175 1288 0.0508
1176 1982 0.0624
1176 2542 0.1693
1177 1305 0.0958
1179 2569 0.0658
1179 2398 0.2226
1182 2917 0.0328
1182 2993 0.2667
1182 1349 0.3595
1183 1896 0.0486
1183 1768 0.0985
1184 1284 0.0411
1184 1952 0.2374
1184 2319 0.3636
1185 1297 0.1703
1186 1929 0.0763
1186 2477 0.1018
1186 3096 0.0183
1187 2216 0.0421
1187 2683 0.068
1187 1941 0.054
1188 2071 0.0486
1189 2879 0.1652
1190 3024 0.1994
1190 2194 0.2083
1191 2249 0.0806
1191 2136 0.0621
1191 2319 0.0336
1192 1859 0.1784
1193 1964 0.0347
1193 2920 0.0243
1193 2059 0.5192
1193 1396 0.1267
1195 1542 0.2496
1195 2566 0.138
1196 2566 0.1345
1196 2130 0.223
1197 1760 0.2472
1199 2417 0.1583
1199 2554 0.0944
1199 2134 0.0696
1200 1440 0.174
1200 1940 0.6238
1200 2510 0.199
1201 1345 0.1501
1201 1495 0.0543
1201 2223 0.0507
1202 1284 0.1195
1202 2625 0.2865
1202 3061 0.1306
1202 2246 0.2485
1203 2932 0.0935
1203 1251 0.057
1203 1693 0.1265
1203 2694 0.0556
1205 1720 0.2821
1206 2237 0.3981
1207 2856 0.1091
1208 3006 0.5154
1209 2391 0.2632
1209 2275 0.0959
1209 1425 0.1501
1211 1504 0.1791
1211 1221 0.1735
1212 2585 0.039
1212 1659 0.2154
1213 2098 0.1213
1213 2233 0.3925
1213 2906 0.074
1214 1870 0.2181
1215 2513 0.2117
1215 2721 0.2404
1215 1792 0.1009
1215 2446 0.0432
1216 2836 0.2844
1217 2367 0.168
1217 2836 0.2303
1217 1741 0.1155
1218 1846 0.1287
1218 1651 0.2001
1219 1800 0.1237
1219 2592 0.2764
1219 2190 0.0321
1220 1469 0.0366
1220 1332 0.0878
1220 2052 0.1476
1222 1719 0.0702
1222 2546 0.3001
1223 1569 0.1014
1223 1857 0.0711
1223 1524 0.0262
1225 2259 0.0116
1225 1546 0.0939
1227 3090 0.2862
1227 3107 0.0843
1227 1763 0.0498
1228 2984 0.1915
1228 1698 0.3886
1230 1327 0.0832
1231 2537 0.1329
1231 1439 0.1125
1231 3137 0.1432
1231 1757 0.3069
1231 2246 0.2941
1232 2032 0.225
1233 2909 0.0537
1233 1537 0.2524
1233 3116 0.0822
1234 2470 0.0375
1234 2513 0.3574
1234 1748 0.2489
1234 1804 0.1004
1234 1742 0.2754
1235 1825 0.1326
1235 1576 0.3267
1235 2716 0.3722
1235 1399 0.0439
1236 1547 0.1762
1236 2564 0.1186
1236 2675 0.1097
1237 1919 0.8595
1238 1713 0.2005
1238 1937 0.1955
1239 1723 0.1039
1239 2219 0.0229
1239 2875 0.06
1240 2275 0.197
1242 2512 0.1879
1242 1452 0.0297
1243 1510 0.2068
1243 2736 0.1304
1243 2389 0.1849
1243 1657 0.0933
1243 2415 0.2156
1244 2657 0.0416
1244 3013 0.3042
1245 1269 0.0796
1247 2270 0.1026
1247 2077 0.1523
1248 1924 0.0904
1248 1268 0.0774
1249 3077 0.2407
1249 2633 0.0302
1249 1896 0.2192
1249 2798 0.158
1250 3006 0.1089
1251 2324 0.7838
1252 1488 0.219
1252 1864 0.0976
1253 1455 0.0241
1253 1826 0.1206
1253 1495 0.4694
1253 2576 0.1586
1253 1878 0.099
1253 2586 0.062
1254 1297 0.4075
1254 2972 0.2679
1254 1790 0.0644
1254 1947 0.3446
1255 1908 0.2853
1255 2384 0.1276
1255 3000 0.194
1255 1764 0.0697
1255 2009 0.1218
1256 1520 0.1981
1257 2295 0.0932
1257 2468 0.3382
1258 3075 0.2163
1259 2014 0.0594
1259 2820 0.1621
1259 2953 0.124
1259 3053 0.101
1259 2586 0.124
1260 2132 0.465
1260 1334 0.3093
1260 3184 0.075
1263 1956 0.2144
1264 1748 0.0594
1265 2895 0.1029
1266 1981 0.0654
1266 1422 0.1796
1267 2578 0.0792
1268 2431 0.0802
1268 2007 0.0681
1268 2059 0.0932
1268 2627 0.2205
1269 3181 0.2964
1269 2132 0.0355
1269 2211 0.3617
1270 2351 0.2545
1271 3024 0.0535
1271 2787 0.1892
1271 2370 0.36
1272 1571 0.1
1273 1935 0.2569
1273 1940 0.0514
1273 3054 0.2032
1275 2325 0.1271
1276 1440 0.0366
1276 2718 0.0244
1276 3168 0.1801
1277 2787 0.2897
1277 2840 0.4148
1277 1364 0.0673
1278 2499 0.0749
1278 2684 0.1034
1278 2405 0.2318
1278 1971 0.3375
1278 2639 0.1551
1279 2809 0.1754
1280 2177 0.7238
1280 2695 0.2048
1280 1413 0.1966
1280 2822 0.3445
1281 1349 0.0797
1282 2002 0.0535
1283 2280 0.165
1283 2391 0.1585
1284 2018 0.0838
1284 3022 0.0625
1285 3151 0.0662
1285 2370 0.3882
1287 1352 0.2424
1288 2807 0.9156
1288 1637 0.1258
1290 1457 0.2894
1290 2961 0.3426
1290 1372 0.0514
1291 1683 0.1699
1292 1646 0.1704
1292 2904 0.23
1293 1921 0.1746
1294 1511 0.2278
1294 2828 0.2341
1294 2839 0.2292
1294 2544 0.1379
1295 1382 0.0856
1295 1332 0.0715
1295 3104 0.0827
1296 1688 0.0971
1297 2982 0.2667
1297 2447 0.0768
1297 2304 0.0243
1298 1365 0.17
1298 2767 0.2139
1300 2779 0.037
1301 1962 0.1391
1301 2453 0.031
1301 3032 0.1266
1302 3132 0.1206
1302 3153 0.2966
1305 2406 0.1715
1306 2350 0.6661
1307 2190 0.2224
1307 2269 0.085
1307 2159 0.0439
1308 1943 0.0374
1309 1507 0.1235
1309 2889 0.1212
1310 2216 0.0493
1311 2925 0.353
1312 1394 0.1128
1316 1583 0.4302
1316 1665 0.1667
1317 3113 0.2123
1318 1361 0.0807
1318 2845 0.061
1318 2744 0.0819
1318 1936 0.2824
1319 2137 0.3258
1319 2940 0.083
1319 2364 0.4062
1319 2645 0.1222
1320 2401 0.3076
1320 1746 0.0279
1320 1816 0.1182
1321 2313 0.1635
1322 3152 0.1057
1322 3105 0.4728
1322 1892 0.304
1322 2679 0.0936
1323 2768 0.1472
1323 2301 0.0615
1324 1967 0.3086
1324 1755 0.0806
1324 1483 0.1336
1324 2364 0.1149
1326 1346 0.097
1326 1517 0.0258
1327 1954 0.3143
1327 1497 0.2203
1327 2923 0.1266
1328 2738 0.636
1328 1420 0.1112
1328 1336 0.0952
1329 1456 0.1507
1329 1634 0.1397
1329 2268 0.1564
1330 2602 0.0338
1330 2336 0.1378
1330 2591 0.1084
1331 1890 0.3289
1331 2553 0.1143
1331 2094 0.0293
1331 2163 0.0933
1331 1707 0.0894
1332 1668 0.0603
1332 1975 0.1615
1333 2578 0.0492
1334 2914 0.0966
1335 2975 0.1524
1335 2309 0.3121
1335 2357 0.0458
1337 1344 0.2904
1338 2620 0.2606
1338 2667 0.1076
1341 2384 0.6164
1341 2016 0.1194
1342 2069 0.4432
1342 2238 0.2468
1342 1918 0.0567
1342 2408 0.2969
1343 1880 0.1567
1343 1747 0.327
1345 2060 0.168
1346 2864 0.1689
1347 1359 0.0566
1348 1672 0.1616
1348 2490 0.2963
1348 2248 0.052
1349 2868 0.188
1349 3193 0.0531
1349 1528 0.1172
1349 2866 0.1478
1350 1427 0.0933
1350 3097 0.0994
1352 2985 0.0876
1352 1880 0.1692
1353 2938 0.1369
1354 2203 0.0456
1354 2479 0.0092
1354 2288 0.1773
1355 2060 0.1067
1355 1712 0.2801
1355 1653 0.131
1356 2713 0.1786
1356 2205 0.0322
1357 3102 0.403
1357 1392 0.0918
1358 3022 0.1345
1359 2071 0.33
1360 2162 0.1087
1360 2846 0.4823
1361 1689 0.5757
1361 2515 0.0127
1361 3013 0.1578
1361 2612 0.1712
1363 3060 0.4327
1363 2983 0.2984
1364 2435 0.2074
1365 2513 0.3805
1365 1863 0.074
1365 1699 0.0422
1366 3153 0.2383
1366 2316 0.1419
1367 2479 0.1057
1367 2817 0.1032
1368 2021 0.0332
1368 1527 0.0769
1369 1492 0.1013
1369 1818 0.446
1369 1978 0.186
1370 2606 0.166
1370 1783 0.0527
1371 2259 0.2103
1374 2399 0.487
1375 1571 0.1989
1375 2360 0.0508
1375 1640 0.1317
1376 2900 0.4833
1376 1704 0.0989
1377 1638 0.4068
1377 2808 0.2223
1379 1387 0.2727
1379 2702 0.156
1379 2151 0.4048
1380 1671 0.2197
1380 2936 0.2745
1381 1437 0.0666
1381 1918 0.1664
1381 1620 0.2355
1383 2961 0.2618
1384 2898 0.0249
1384 2848 0.0569
1385 1957 0.0209
1385 2690 0.095
1386 2045 0.2962
1386 1424 0.0273
1386 1527 0.2743
1386 3187 0.2143
1387 2405 0.1524
1387 2860 0.2378
1387 2547 0.2395
1388 2482 0.3539
1389 1484 0.2191
1389 1818 0.423
1389 2958 0.1623
1389 2762 0.1988
1390 2379 0.223
1390 1483 0.1798
1390 2816 0.2322
1391 2925 0.2477
1391 2956 0.2902
1391 2164 0.1291
1391 2544 0.1289
1391 1531 0.1822
1392 2661 0.2707
1392 1888 0.0062
1392 2570 0.095
1393 1709 0.1245
1393 2434 0.0653
1393 2555 0.1281
1395 2100 0.0513
1395 1532 0.0622
1396 1500 0.3576
1397 1757 0.2412
1398 2964 0.0794
1399 2682 0.1847
1399 2745 0.1322
1399 2616 0.1859
1400 2286 0.3112
1402 3082 0.1162
1402 2077 0.1349
1402 2312 0.2055
1402 2700 0.2259
1403 1560 0.1734
1403 1954 0.3576
1405 3089 0.1006
1405 2941 0.0643
1406 1419 0.3358
1407 1565 0.1177
1407 2933 0.1312
1408 2432 0.0567
1408 2753 0.0278
1409 2348 0.0526
1409 2840 0.1057
1410 1893 0.115
1410 3080 0.42
1411 1688 0.2219
1411 2877 0.3778
1412 2335 0.3679
1412 2403 0.0665
1413 1450 0.3848
1413 1841 0.3584
1413 2688 0.1211
1414 2238 0.0868
1414 2116 0.1312
1415 2638 0.1437
1415 3091 0.2119
1415 1657 0.1783
1415 1424 0.1226
1415 1972 0.3046
1416 3180 0.0819
1418 2138 0.016
1419 2620 0.2358
1420 2102 0.089
1422 1821 0.0873
1423 2505 0.0563
1423 1521 0.1241
1423 3066 0.0547
1423 2522 0.2361
1423 3046 0.1646
1424 3022 0.1038
1425 2569 0.3429
1426 2276 0.0787
1426 2538 0.5606
1428 2889 0.0244
1428 1849 0.032
1430 1595 0.4063
1431 2389 0.1251
1432 1478 0.1171
1433 2315 0.119
1433 1663 0.1157
1433 2147 0.1753
1435 1660 0.0527
1435 3151 0.2818
1437 1949 0.0867
1437 2912 0.3044
1437 3162 0.4145
1438 1905 0.1363
1438 2710 0.0605
1438 3117 0.0781
1438 2199 0.2323
1438 2021 0.1698
1439 2922 0.2552
1440 1501 0.0597
1440 2326 0.2748
1441 1720 0.197
1441 2008 0.0242
1441 3098 0.2772
1442 1484 0.0253
1443 3116 0.2033
1445 3150 0.1787
1446 1608 0.0375
1447 2005 0.0879
1449 2683 0.0885
1449 1479 0.5309
1449 2741 0.1996
1449 3083 0.0125
1450 3075 0.0561
1450 2040 0.2427
1450 1881 0.1632
1450 2791 0.1437
1451 1539 0.1257
1451 1608 0.5012
1451 3133 0.2601
1451 2500 0.0511
1452 1773 0.0268
1452 2825 0.0673
1453 2099 0.2502
1453 2577 0.0762
1454 3029 0.3991
1456 2845 0.2216
1456 3179 0.2257
1457 2501 0.0515
1457 1853 0.0932
1457 1570 0.1633
1458 2410 0.0535
1458 2606 0.2237
1458 3162 0.1808
1459 2571 0.2942
1459 2549 0.1535
1460 2759 0.4242
1460 2797 0.7889
1460 1945 0.325
1461 2396 0.1299
1461 2041 0.0965
1462 1785 0.0456
1462 3131 0.061
1462 2037 0.1302
1462 2694 0.0449
1462 2408 0.0317
1463 1874 0.1809
1463 2856 0.0834
1463 2104 0.1478
1463 2547 0.1472
1463 2299 0.0786
1464 1655 0.0888
1464 1992 0.1423
1464 1742 0.2739
1464 2318 0.4502
1464 2215 0.0971
1465 1786 0.0775
1465 1871 0.0141
1465 2926 0.0842
1465 2636 0.1063
1467 2653 0.0989
1467 2215 0.1283
1467 2272 0.0126
1468 3038 0.4472
1468 2385 0.3496
1469 2267 0.4278
1470 2415 0.1029
1471 2623 0.2074
1471 2224 0.3537
1471 1911 0.1121
1472 2084 0.2326
1473 3059 0.2494
1474 2736 0.5797
1475 2661 0.1662
1476 2426 0.0713
1476 1758 0.0793
1477 2405 0.1352
1477 2190 0.4734
1479 2059 0.1774
1479 2950 0.6235
1480 2943 0.0348
1480 2288 0.0528
1481 3162 0.2273
1482 2664 0.3228
1483 1775 0.2949
1483 1623 0.5
1483 1874 0.2045
1483 2183 0.0773
1484 1887 0.2565
1484 2245 0.1433
1485 2501 0.1155
1485 1950 0.07
1486 1706 0.0669
1486 1977 0.1627
1487 1630 0.1175
1488 3058 0.0785
1490 1596 0.1638
1490 2743 0.0302
1490 1812 0.1658
1491 2894 0.1982
1491 1605 0.0863
1492 2434 0.1199
1492 1758 0.3916
1494 2404 0.0178
1495 1892 0.0963
1496 2457 0.0176
1497 2593 0.0153
1497 2628 0.1709
1499 1715 0.0598
1500 2726 0.0748
1500 2066 0.0858
1502 2074 0.0314
1503 2620 0.125
1503 2732 0.0711
1505 2488 0.0213
1505 1654 0.1021
1506 2522 0.1188
1506 1766 0.0053
1506 2717 0.1023
1507 2598 0.1019
1509 2452 0.1365
1509 1601 0.3318
1510 2322 0.1099
1510 1948 0.2016
1511 1755 0.0279
1513 1914 0.1518
1514 3100 0.067
1514 2682 0.3234
1516 2484 0.0339
1516 2898 0.0722
1517 2329 0.1244
1517 1698 0.1519
1517 2774 0.1063
1517 2223 0.1764
1518 2755 0.1218
1518 2969 0.3788
1519 1643 0.0262
1520 1856 0.0733
1520 3026 0.4989
1520 2840 0.0766
1521 2539 0.0693
1522 1921 0.082
1522 2463 0.1951
1522 2160 0.1019
1523 2849 0.2298
1523 1641 0.3901
1523 2535 0.1443
1523 2361 0.169
1524 1702 0.2355
1525 2890 0.4138
1526 2534 0.1135
1527 2473 0.121
1527 1709 0.0541
1527 2658 0.2012
1528 1674 0.1822
1528 1907 0.0918
1528 1781 0.1028
1528 2247 0.2816
1529 1807 0.2474
1530 3059 0.1817
1531 2241 0.0649
1532 2687 0.1722
1532 2770 0.0643
1532 2211 0.0738
1533 2445 0.1679
1533 2586 0.0585
1534 1579 0.0818
1534 1647 0.1097
1534 1828 0.0754
1535 1636 0.2715
1535 1789 0.1699
1536 1908 0.1288
1537 3132 0.1247
1538 1896 0.2889
1539 2311 0.0553
1541 2369 0.1133
1541 2820 0.052
1542 3146 0.1953
1544 2178 0.0263
1544 2007 0.2344
1544 1860 0.0598
1548 1580 0.4002
1550 1770 0.4131
1550 2095 0.0752
1551 1810 0.3116
1551 1648 0.0522
1552 2621 0.0404
1552 2358 0.2754
1552 2215 0.1289
1552 1850 0.0891
1553 2704 0.0717
1553 2350 0.2689
1554 2422 0.1584
1555 2901 0.1719
1555 3081 0.152
1555 3027 0.1211
1555 2482 0.2223
1556 1602 0.0666
1557 2713 0.0848
1558 2223 0.0469
1558 2527 0.1503
1559 2079 0.2592
1561 2815 0.5401
1562 2007 0.24
1562 2050 0.0371
1562 2527 0.1909
1563 2207 0.4149
1564 2962 0.2757
1564 2323 0.1612
1564 2732 0.1631
1564 2612 0.0269
1566 2301 0.2846
1566 2269 0.1325
1566 2639 0.2573
1567 2440 0.1031
1567 2909 0.1356
1568 2103 0.1313
1568 1876 0.0101
1568 1909 0.0981
1568 2428 0.1871
1568 2683 0.0785
1570 2724 0.1363
1574 1851 0.0638
1575 2969 0.1292
1575 2490 0.2846
1575 2487 0.0715
1576 1710 0.0554
1577 2179 0.0624
1578 1973 0.1149
1578 2835 0.1456
1578 3007 0.1622
1578 3167 0.0379
1579 1879 0.0876
1579 2885 0.0532
1580 2858 0.0984
1581 1845 0.0664
1582 2217 0.408
1582 2905 0.043
1582 2785 0.0805
1584 2428 0.1333
1584 2422 0.0496
1586 1638 0.0792
1587 1738 0.1792
1588 2734 0.0196
1589 2581 0.3571
1590 2029 0.1127
1590 1661 0.2502
1592 3017 0.5283
1592 2536 0.3143
1592 1603 0.0772
1592 2793 0.1371
1593 2053 0.0495
1594 2339 0.3165
1595 3136 0.184
1595 2544 0.2024
1596 1894 0.1293
1596 2762 0.0886
1597 2916 0.3046
1598 2749 0.0806
1598 2694 0.1035
1599 2433 0.4033
1599 2210 0.1339
1600 2254 0.1609
1602 3019 0.0381
1603 2182 0.0781
1605 1948 0.2095
1605 2731 0.0509
1605 2618 0.1754
1607 2070 0.3751
1608 3157 0.1137
1608 2742 0.0782
1609 3080 0.0481
1610 2376 0.3469
1610 3010 0.0834
1611 2895 0.1887
1611 2735 0.0411
1612 1726 0.1747
1612 1826 0.2932
1612 2343 0.0411
1613 2271 0.3337
1614 1628 0.1845
1615 2794 0.1588
1616 2664 0.0884
1616 3083 0.3037
1616 1682 0.0218
1617 1966 0.2739
1617 2672 0.2356
1618 2498 0.1969
1619 2309 0.1474
1620 1906 0.0474
1620 2475 0.0992
1620 1736 0.3493
1621 2614 0.0834
1622 2368 0.2595
1623 1930 0.1125
1623 2895 0.0959
1623 2013 0.2178
1625 3113 0.1254
1625 2167 0.2888
1625 2380 0.0429
1626 2405 0.0459
1626 2050 0.1721
1626 2533 0.1134
1627 2037 0.0549
1627 2685 0.3175
1627 1931 0.2115
1628 2531 0.1912
1629 3156 0.0517
1629 1768 0.061
1630 3186 0.2746
1631 1669 0.2869
1631 2252 0.2783
1632 2554 0.1247
1632 2326 0.0797
1634 2828 0.0544
1635 2727 0.1363
1636 2195 0.1996
1638 2335 0.1383
1640 1741 0.1666
1641 2024 0.0446
1642 2529 0.1809
1642 2575 0.2719
1642 2837 0.112
1646 1840 0.1241
1648 2145 0.296
1649 1847 0.3087
1649 2959 0.0593
1651 2226 0.0518
1651 2602 0.1343
1653 1925 0.3657
1654 1927 0.1969
1654 1762 0.0429
1657 1796 0.4168
1657 2253 0.354
1657 2658 0.1473
1658 2377 0.0351
1658 2487 0.2827
1659 3090 0.1491
1660 1746 0.2038
1660 1693 0.0145
1661 1786 0.0739
1662 2699 0.3295
1662 1801 0.1056
1663 2732 0.1974
1663 2092 0.2766
1665 2074 0.2142
1665 1714 0.3608
1666 3167 0.0793
1667 1707 0.1005
1667 2153 0.2067
1668 1954 0.0498
1669 2648 0.0197
1670 2572 0.0774
1670 2971 0.2544
1672 2694 0.1708
1673 3022 0.2453
1673 1681 0.1649
1673 1792 0.174
1673 2989 0.1436
1674 3068 0.1823
1674 2173 0.58
1676 2309 0.3434
1677 3056 0.161
1677 1744 0.0387
1677 2894 0.1843
1678 2123 0.0287
1679 2446 0.1783
1682 2045 0.0558
1682 2303 0.1148
1682 2366 0.1229
1683 2114 0.1244
1684 2983 0.0596
1685 2411 0.0408
1685 2235 0.4317
1686 1951 0.1199
1688 2703 0.3893
1688 1897 0.0847
1689 2199 0.2239
1689 2637 0.0344
1691 3139 0.099
1691 1849 0.1164
1692 2926 0.2671
1692 2962 0.4655
1693 2476 0.0983
1693 2377 0.1481
1694 2992 0.2087
1695 2845 0.0271
1696 3054 0.2238
1696 1772 0.1116
1696 2871 0.1734
1697 2286 0.1329
1698 2516 0.0863
1698 2586 0.0237
1698 2518 0.258
1700 3030 0.0905
1700 2102 0.157
1701 3175 0.0772
1702 1705 0.0465
1702 3038 0.1453
1702 1883 0.1025
1704 2702 0.0598
1704 2088 0.1141
1705 2211 0.0484
1706 2991 0.0228
1706 3014 0.0626
1707 3093 0.1444
1707 3175 0.117
1708 2015 0.1921
1708 2694 0.2364
1708 3130 0.074
1708 2320 0.4
1708 1807 0.09
1710 2708 0.1308
1712 1822 0.2683
1712 2865 0.276
1714 3061 0.1571
1717 3105 0.1705
1717 1912 0.1678
1718 2807 0.1064
1718 1959 0.1649
1719 3064 0.3117
1721 3052 0.1482
1721 2070 0.5935
1722 2796 0.0454
1723 2409 0.2111
1723 1947 0.0785
1724 2471 0.4637
1724 2007 0.1569
1726 1945 0.0735
1726 2393 0.1971
1727 2666 0.3368
1727 3152 0.1564
1727 2033 0.0677
1728 2011 0.164
1728 2547 0.3652
1728 2084 0.0465
1730 1852 0.1619
1731 2592 0.0549
1731 1842 0.0176
1731 2558 0.0049
1733 2340 0.2796
1734 2228 0.1003
1734 2316 0.3196
1736 2563 0.1055
1736 2078 0.174
1737 2666 0.1932
1738 3198 0.149
1741 1793 0.0371
1742 2889 0.2729
1742 2202 0.0853
1742 2500 0.2697
1742 1847 0.0759
1746 2288 0.2316
1746 1806 0.1161
1746 1758 0.0166
1747 1789 0.2449
1748 1925 0.2988
1749 2600 0.9045
1750 2105 0.1401
1750 2420 0.1932
1751 3188 0.0929
1751 2872 0.2774
1751 3028 0.1216
1751 3062 0.5046
1751 2079 0.1945
1755 2727 0.0952
1755 2405 0.3845
1756 2160 0.0681
1756 1890 0.0864
1757 2557 0.03
1758 1768 0.1085
1758 2959 0.3848
1758 2789 0.2998
1760 1943 0.0331
1760 1977 0.1164
1762 2252 0.0782
1763 2493 0.2543
1763 2851 0.1949
1767 2967 0.161
1767 2227 0.2609
1769 2257 0.1743
1770 2312 0.0329
1772 3190 0.1781
1772 2602 0.0308
1773 2480 0.1103
1774 2109 0.1611
1775 2900 0.0797
1776 2587 0.1423
1779 3132 0.0599
1779 3192 0.1255
1780 2431 0.1207
1780 3153 0.3924
1781 2289 0.1946
1781 2158 0.1872
1783 2064 0.2998
1783 1854 0.1661
1783 1834 0.0744
1784 2320 0.2786
1785 2177 0.1652
1785 1801 0.2133
1786 1812 0.1704
1788 2582 0.2064
1789 3124 0.182
1790 2041 0.2451
1790 2912 0.192
1791 2513 0.2029
1791 2862 0.4434
1792 2886 0.2031
1793 2890 0.0719
1794 2471 0.0927
1794 2663 0.2106
1794 2388 0.2694
1795 1922 0.151
1795 2733 0.1161
1796 1872 0.2674
1796 2764 0.2191
1797 2735 0.0674
1798 2995 0.0145
1798 2872 0.075
1798 2350 0.0463
1799 1892 0.2162
1799 2485 0.2378
1800 3144 0.4321
1801 2930 0.019
1801 2449 0.1315
1801 2861 0.09
1802 1994 0.4658
1802 2727 0.0791
1803 2852 0.0841
1803 2432 0.4802
1803 2990 0.0626
1805 1897 0.0742
1805 2073 0.0733
1806 2556 0.0832
1806 3015 0.0901
1807 2210 0.1548
1807 2581 0.1196
1808 2198 0.0666
1812 2464 0.0512
1813 2503 0.0399
1813 2040 0.0828
1813 2219 0.123
1813 2873 0.0754
1814 2585 0.1217
1815 2264 0.1306
1815 3189 0.3789
1816 2546 0.3419
1816 2382 0.4501
1816 3000 0.0568
1816 2733 0.6615
1816 1824 0.152
1818 2668 0.0933
1818 2216 0.2346
1819 1953 0.0316
1820 2810 0.1313
1820 3072 0.3762
1824 2583 0.1161
1824 2574 0.1367
1825 2594 0.1699
1826 3183 0.0779
1827 1847 0.0529
1827 2105 0.1576
1828 1963 0.0413
1829 2522 0.3061
1830 2176 0.2068
1831 2056 0.1777
1833 2009 0.1227
1833 2086 0.6101
1835 3126 0.2244
1837 2640 0.1108
1837 3153 0.1209
1839 2802 0.1236
1841 2523 0.1847
1842 2819 0.0497
1842 2373 0.1482
1844 3192 0.2814
1848 2341 0.4231
1848 2615 0.0375
1848 3010 0.1174
1850 1975 0.0615
1851 2015 0.3982
1853 1963 0.13
1853 2380 0.1056
1853 2722 0.4305
1854 2810 0.3062
1855 2261 0.076
1856 2541 0.3382
1857 1999 0.1736
1857 1965 0.0779
1859 2256 0.0248
1859 2109 0.0708
1860 3018 0.1085
1861 2113 0.0903
1861 2218 0.1142
1863 2685 0.1432
1864 2990 0.0233
1864 2078 0.1202
1864 2382 0.0479
1865 2310 0.0636
1866 2808 0.0889
1866 2149 0.0682
1867 2015 0.1534
1868 2241 0.1156
1868 2162 0.1152
1869 2990 0.2675
1869 2058 0.1155
1870 1932 0.2744
1870 2656 0.124
1871 2439 0.757
1871 2578 0.1584
1871 2833 0.4004
1872 2911 0.2555
1872 1959 0.0636
1872 1873 0.082
1874 3104 0.2126
1874 3047 0.0953
1875 3061 0.2614
1876 2812 0.4527
1877 2216 0.2158
1877 2354 0.3649
1877 1937 0.4547
1878 2787 0.0782
1881 2051 0.3182
1882 2045 0.244
1882 2083 0.5658
1882 3060 0.1132
1884 2131 0.0561
1884 2917 0.1105
1885 2931 0.0342
1885 2891 0.1172
1885 3169 0.3047
1887 3146 0.1984
1888 2442 0.215
1888 2559 0.3151
1890 2494 0.0597
1890 2814 0.258
1891 1906 0.1389
1891 3131 0.2663
1892 2080 0.2416
1893 2907 0.1297
1893 2628 0.1787
1895 3176 0.037
1895 3026 0.0766
1896 2564 0.0599
1896 2098 0.1225
1897 2317 0.1105
1897 2072 0.1313
1898 3040 0.255
1898 2795 0.6257
1899 2680 0.0332
1900 2537 0.0556
1901 2813 0.117
1903 2579 0.2103
1904 3105 0.0981
1905 2533 0.1465
1906 2039 0.0699
1906 2788 0.1084
1907 2233 0.0478
1908 3024 0.7693
1909 2537 0.106
1909 2865 0.2561
1911 2252 0.1247
1912 2067 0.1777
1912 2620 0.0632
1913 2866 0.1219
1915 3004 0.1897
1915 3034 0.222
1915 3111 0.1005
1916 2642 0.0353
1917 2940 0.3168
1917 3134 0.5249
1917 2670 0.1561
1917 2750 0.0756
1917 2695 0.0761
1918 2968 0.1513
1919 2828 0.2335
1919 3023 0.0258
1920 2189 0.1549
1922 2877 0.113
1922 3033 0.2467
1923 2101 0.3629
1925 2797 0.3667
1925 2031 0.1794
1925 3167 0.0736
1926 2814 0.0184
1926 2461 0.1182
1927 2240 0.3495
1929 3041 0.0311
1929 2084 0.3753
1932 2699 0.1122
1934 3190 0.1879
1935 1971 0.1515
1936 2228 0.1487
1937 2590 0.1136
1938 2012 0.0817
1940 2753 0.142
1940 2710 0.1206
1940 2141 0.1988
1941 2561 0.0474
1941 2246 0.0561
1942 2088 0.0243
1943 2841 0.0905
1944 2122 0.2293
1944 2254 0.2409
1946 2324 0.1385
1947 2812 0.1072
1947 2662 0.3924
1949 2518 0.0536
1950 2052 0.1516
1953 2309 0.2159
1953 2032 0.0574
1954 2952 0.2526
1955 2087 0.1644
1956 2266 0.1447
1956 2242 0.132
1958 2042 0.2532
1959 2847 0.1652
1959 2537 0.0426
1960 2289 0.2431
1960 2523 0.2925
1961 2077 0.1903
1962 2508 0.2443
1964 2145 0.1805
1965 2687 0.3455
1967 2181 0.2839
1967 1992 0.2008
1967 2387 0.2707
1967 2458 0.1559
1969 2852 0.1431
1969 2097 0.0596
1970 2007 0.2079
1970 2009 0.084
1971 2617 0.1297
1971 3065 0.1631
1972 3167 0.0821
1973 2861 0.214
1974 2887 0.1972
1974 2413 0.0035
1974 2268 0.2204
1976 2782 0.1893
1977 3160 0.1614
1977 2879 0.0698
1977 2732 0.3219
1978 2116 0.1181
1979 2165 0.2279
1980 2984 0.0957
1980 2698 0.4231
1980 2983 0.0513
1984 2246 0.0705
1985 2617 0.0568
1987 2886 0.0736
1987 2309 0.0512
1990 3052 0.1588
1991 2140 0.0308
1992 2858 0.1169
1992 2272 0.1995
1993 2872 0.1934
1993 2577 0.0374
1993 2854 0.1386
1994 2960 0.0451
1995 2442 0.1073
1996 2861 0.2457
1997 2857 0.0595
2000 2212 0.1785
2001 2135 0.1898
2003 3112 0.1519
2003 2219 0.3021
2004 2458 0.1161
2007 2972 0.154
2009 3112 0.3425
2010 2289 0.1475
2011 2948 0.1311
2011 2221 0.1086
2012 2724 0.0841
2012 2042 0.1235
2012 3027 0.0759
2013 2170 0.0526
2013 2271 0.1614
2014 2650 0.0866
2015 3056 0.0758
2016 2490 0.0538
2016 2697 0.147
2017 2445 0.088
2019 2021 0.2257
2021 2098 0.2505
2021 2692 0.2219
2022 3061 0.0485
2022 2306 0.0869
2022 2222 0.0931
2023 2714 0.0226
2024 2502 0.1553
2025 2670 0.0424
2027 2512 0.0481
2032 3022 0.059
2033 2230 0.1221
2034 2376 0.0887
2035 2370 0.0688
2035 2041 0.1256
2036 2617 0.1541
2036 2089 0.2121
2038 2249 0.0101
2038 3079 0.044
2040 3028 0.1796
2041 2911 0.0915
2042 2631 0.2489
2042 2465 0.0841
2043 2070 0.0732
2044 2533 0.1625
2045 2379 0.2642
2046 2489 0.2455
2047 2912 0.1918
2048 3188 0.0778
2048 2595 0.2465
2049 2651 0.017
2049 2879 0.2714
2049 2412 0.2791
2053 2764 0.0577
2054 2268 0.0406
2054 2060 0.0416
2054 2701 0.0326
2055 3083 0.2517
2056 2712 0.1419
2056 2681 0.0538
2057 2154 0.0058
2057 3056 0.2787
2058 2195 0.1351
2058 2359 0.1571
2059 2179 0.0981
2059 2860 0.0906
2060 2431 0.0667
2062 2735 0.1936
2062 2844 0.0848
2062 2616 0.0789
2063 3045 0.1505
2065 3041 0.5679
2068 3160 0.2444
2069 2627 0.1613
2072 2793 0.4742
2074 2432 0.1914
2074 2918 0.1952
2079 2627 0.19
2079 2476 0.0166
2079 3178 0.2569
2080 3095 0.1137
2082 2820 0.4058
2082 2584 0.2325
2082 2825 0.1184
2083 2623 0.3782
2084 2377 0.1895
2085 2337 0.0823
2086 2879 0.0225
2086 2659 0.3177
2087 2395 0.528
2087 2216 0.2297
2088 3081 0.0147
2089 2840 0.1175
2089 2877 0.0823
2089 2623 0.1017
2089 2185 0.1234
2089 2607 0.0984
2090 2333 0.1656
2090 2559 0.5345
2091 2165 0.0865
2091 2704 0.0505
2093 3108 0.3996
2093 2604 0.1934
2095 2791 0.1158
2095 2688 0.1643
2096 2479 0.4062
2096 2102 0.3222
2096 3190 0.3543
2097 2778 0.4499
2097 2841 0.1077
2098 3048 0.2353
2098 2284 0.1715
2098 3071 0.1199
2099 2233 0.1201
2103 2609 0.0433
2104 2938 0.0231
2104 3037 0.0933
2105 2333 0.2131
2108 2291 0.2409
2108 3002 0.184
2109 3030 0.0364
2110 2245 0.1973
2110 2243 0.0622
2110 2374 0.1048
2111 2869 0.1354
2111 3143 0.0165
2112 2303 0.352
2112 2693 0.4028
2112 2208 0.2443
2115 2726 0.1807
2116 2762 0.2233
2116 2489 0.2862
2119 2430 0.1547
2122 2546 0.1982
2123 2875 0.0957
2123 2380 0.0859
2125 2246 0.1685
2126 2788 0.1045
2129 2734 0.0152
2131 2941 0.1635
2132 2838 0.4696
2134 2135 0.3044
2134 2628 0.0167
2134 3100 0.115
2136 2546 0.2337
2137 3174 0.3053
2137 2528 0.062
2139 2560 0.2023
2140 3062 0.4038
2141 2784 0.0812
2145 2177 0.1963
2146 3138 0.241
2147 2997 0.1111
2147 2753 0.0451
2148 2216 0.3441
2151 2481 0.0285
2152 2934 0.1951
2152 3083 0.2686
2152 2425 0.1243
2153 2192 0.1877
2156 3066 0.0756
2157 2979 0.2872
2158 2837 0.1936
2158 3111 0.1844
2158 2633 0.1137
2162 2804 0.3397
2165 3023 0.3316
2170 2995 0.2437
2170 2775 0.4306
2171 2670 0.0208
2173 2305 0.0978
2175 2953 0.1478
2175 2925 0.0976
2176 2880 0.2798
2176 3055 0.3045
2180 2724 0.3574
2181 2796 0.0821
2181 2619 0.0066
2183 2944 0.0886
2184 2376 0.1613
2184 3177 0.245
2185 2460 0.393
2185 2567 0.3139
2186 2552 0.1315
2186 2637 0.1518
2186 2342 0.0412
2186 3062 0.1692
2187 3184 0.1978
2188 2905 0.09
2189 2742 0.2492
2192 2868 0.1991
2192 2736 0.0356
2194 2828 0.3866
2195 2270 0.0813
2196 2630 0.0449
2196 2337 0.2669
2197 3029 0.0676
2198 2646 0.1617
2199 3180 0.0808
2199 2335 0.1006
2200 3044 0.1926
2200 2550 0.0981
2201 2519 0.2611
2203 2552 0.1032
2204 2748 0.0741
2204 2371 0.1578
2205 2630 0.1756
2205 2723 0.0627
2206 3187 0.1182
2210 2665 0.2562
2213 2677 0.3488
2214 2625 0.1064
2215 2704 0.0888
2216 2451 0.1396
2216 2428 0.0987
2217 2399 0.1077
2221 2978 0.1572
2221 3120 0.0289
2222 2951 0.137
2222 2232 0.3027
2222 2663 0.41
2223 2654 0.1607
2223 3152 0.1336
2224 3180 0.1186
2224 3104 0.1599
2225 2380 0.1354
2225 2723 0.0574
2226 2326 0.1651
2226 2519 0.1749
2226 2255 0.0803
2227 2705 0.1292
2228 2907 0.2565
2231 2412 0.0676
2231 2915 0.3297
2233 3165 0.1376
2233 2569 0.0897
2233 2915 0.1059
2234 3170 0.0865
2235 2880 0.0936
2235 3081 0.1821
2236 2982 0.1991
2237 2377 0.094
2239 2726 0.2225
2239 2713 0.2224
2240 3169 0.1556
2240 3162 0.1212
2242 2577 0.1027
2244 2294 0.0758
2244 2368 0.1872
2244 2558 0.0062
2244 2537 0.2105
2246 2274 0.1474
2247 2892 0.1492
2249 2377 0.0964
2249 2386 0.2938
2251 2388 0.1971
2252 2272 0.011
2253 3134 0.108
2255 2449 0.0748
2255 2270 0.0088
2256 3103 0.0639
2256 2856 0.2128
2258 2560 0.1586
2258 2493 0.2401
2258 2953 0.2444
2259 3151 0.058
2259 2900 0.0395
2265 2554 0.0074
2266 2821 0.0546
2266 2959 0.0435
2269 2728 0.3682
2270 2650 0.0739
2271 3189 0.0572
2273 2304 0.0963
2276 2889 0.0818
2276 2750 0.1156
2277 3150 0.1314
2281 2663 0.252
2281 2756 0.036
2282 2318 0.0679
2283 2837 0.0983
2283 2444 0.0468
2284 2906 0.1687
2284 3067 0.4049
2285 3018 0.0852
2287 2368 0.1266
2290 2885 0.1941
2290 3180 0.3774
2291 2751 0.1401
2291 2593 0.0297
2292 3006 0.2541
2293 3199 0.0245
2296 2696 0.0972
2301 2492 0.3781
2301 2733 0.0203
2302 2872 0.1232
2303 2971 0.1832
2303 2570 0.2043
2304 2691 0.0789
2305 2631 0.2127
2305 2812 0.1905
2307 2471 0.0409
2310 2996 0.1097
2313 2318 0.1062
2313 3025 0.7535
2314 2501 0.1719
2317 2519 0.1771
2317 2334 0.1107
2318 2515 0.0798
2318 2934 0.0334
2319 2790 0.058
2319 2941 0.1264
2320 2414 0.0881
2321 2825 0.3851
2321 2611 0.3228
2322 2420 0.1577
2323 2325 0.098
2323 2764 0.0451
2326 3101 0.088
2326 3143 0.0733
2327 2672 0.0563
2328 3172 0.1126
2328 2862 0.1986
2333 2345 0.1337
2334 3015 0.0807
2338 2630 0.0752
2338 2687 0.091
2339 2356 0.0407
2342 2382 0.342
2343 2766 0.2936
2343 2529 0.2098
2344 2503 0.2323
2348 2427 0.4469
2351 2603 0.2371
2351 2815 0.0727
2351 2442 0.2362
2354 2436 0.222
2355 3105 0.2102
2356 2690 0.2666
2357 2436 0.1909
2358 2698 0.2265
2359 2907 0.0285
2361 2578 0.0393
2361 2687 0.3083
2362 2442 0.1762
2363 2729 0.2847
2363 2506 0.2441
2365 2423 0.0933
2365 2826 0.0608
2366 3058 0.2541
2369 3067 0.443
2371 2631 0.3444
2371 2914 0.2969
2372 2973 0.3693
2373 3040 0.3801
2376 3078 0.0244
2377 3111 0.2978
2378 2637 0.1627
2378 3171 0.0572
2379 3196 0.279
2383 2994 0.3279
2385 3095 0.0734
2385 2665 0.5539
2386 2852 0.111
2386 2677 0.0238
2386 2463 0.1869
2387 2564 0.0318
2388 2921 0.1626
2388 2959 0.2277
2390 2627 0.3006
2392 2713 0.2306
2393 2871 0.1824
2394 3031 0.1849
2394 2424 0.3109
2396 2720 0.286
2396 2998 0.1749
2400 3112 0.2401
2401 2922 0.032
2403 2543 0.0608
2404 2488 0.2754
2404 3192 0.0643
2405 2500 0.1379
2406 2719 0.3463
2406 3038 0.2743
2410 2477 0.0942
2415 2708 0.1698
2419 2468 0.2305
2420 3130 0.2602
2422 2767 0.0928
2422 2609 0.1312
2424 2519 0.3393
2424 2921 0.1686
2430 3047 0.2845
2432 2440 0.3051
2432 2806 0.1458
2433 3088 0.0969
2434 2682 0.1379
2435 2562 0.0831
2436 2479 0.1487
2437 2860 0.1656
2441 2776 0.1081
2441 2859 0.4397
2442 2488 0.2037
2442 2453 0.174
2443 2739 0.1034
2443 3016 0.2108
2444 2554 0.1358
2444 2975 0.1268
2445 2676 0.0111
2446 2534 0.3081
2447 2602 0.0855
2448 3148 0.1703
2449 2915 0.173
2449 2916 0.145
2450 2510 0.0723
2455 2862 0.1049
2456 3062 0.1914
2456 2870 0.1041
2459 2763 0.043
2463 2583 0.2212
2464 3072 0.0919
2464 2976 0.036
2465 2961 0.1183
2465 2574 0.0692
2466 2652 0.2922
2467 3102 0.0981
2467 2495 0.3015
2468 2885 0.0706
2469 2811 0.2387
2473 2641 0.0062
2473 2665 0.0483
2474 2515 0.1921
2476 2683 0.0234
2478 3081 0.0803
2479 2632 0.0834
2479 2506 0.154
2480 2640 0.4315
2481 2502 0.1124
2481 2648 0.0629
2482 2864 0.2605
2487 2977 0.153
2487 2794 0.0491
2489 2910 0.0349
2493 3158 0.0695
2494 2996 0.0824
2494 3133 0.3476
2494 2746 0.1473
2496 3045 0.0791
2496 2878 0.4256
2497 2797 0.0731
2498 3161 0.292
2499 3167 0.1925
2500 2933 0.1834
2500 2932 0.2779
2501 3067 0.1386
2501 2557 0.1994
2504 2571 0.1769
2507 2769 0.1243
2509 2553 0.1426
2510 3083 0.0247
2510 2584 0.0465
2513 2774 0.0765
2513 2779 0.1257
2513 2745 0.0935
2515 2524 0.2295
2517 2644 0.0949
2517 2991 0.3273
2519 2984 0.0728
2519 2537 0.0585
2519 2867 0.0394
2519 2952 0.0342
2520 2854 0.1569
2520 2782 0.3419
2520 2799 0.1135
2521 3169 0.0662
2524 2594 0.3161
2528 2932 0.3032
2529 2531 0.2873
2529 3096 0.2837
2531 3144 0.2748
2532 2604 0.162
2537 2693 0.0516
2540 2617 0.2806
2541 2704 0.2274
2544 2631 0.1406
2546 2637 0.1158
2550 2999 0.0384
2550 3180 0.1153
2559 2873 0.1529
2559 2840 0.2692
2562 2776 0.5335
2563 2639 0.1038
2564 2952 0.0735
2566 2621 0.0466
2569 3041 0.0934
2571 2998 0.1923
2572 2948 0.4582
2573 2978 0.1598
2574 3048 0.3451
2574 3065 0.2643
2574 2863 0.0887
2577 3132 0.0565
2579 3045 0.0219
2582 2905 0.3015
2584 2942 0.3513
2585 2776 0.316
2588 2688 0.265
2588 3131 0.4849
2589 2657 0.299
2591 3080 0.0898
2591 2897 0.0076
2594 2879 0.2055
2596 2688 0.0625
2596 2842 0.0157
2598 3150 0.0861
2602 2974 0.0896
2603 3122 0.1513
2604 3058 0.0478
2607 3134 0.0558
2607 2773 0.0817
2608 3173 0.0354
2611 3095 0.1078
2614 2627 0.1241
2615 3025 0.2745
2618 2974 0.0876
2618 3040 0.1116
2622 2880 0.1458
2622 2754 0.601
2624 2905 0.0597
2624 2791 0.1998
2624 3091 0.2165
2627 2688 0.1157
2628 3115 0.0695
2629 2721 0.429
2634 2784 0.1912
2638 3181 0.0636
2642 2707 0.1965
2643 3093 0.1282
2643 2747 0.1101
2645 2957 0.2191
2647 2827 0.1492
2647 2771 0.2334
2648 2721 0.2915
2653 2926 0.1545
2655 3197 0.121
2659 3013 0.0872
2660 2760 0.038
2663 2728 0.3862
2672 2934 0.1111
2673 2902 0.2652
2673 3134 0.4931
2675 3075 0.0524
2675 2822 0.32
2676 3138 0.0198
2677 2693 0.3272
2678 3087 0.049
2679 3111 0.096
2681 2718 0.1048
2681 2880 0.2208
2683 2886 0.2504
2684 3060 0.1361
2685 2699 0.0831
2685 3177 0.0922
2689 3048 0.2307
2689 2817 0.1661
2690 2947 0.2326
2695 2897 0.3865
2695 2903 0.2104
2696 2802 0.0892
2701 3031 0.1239
2704 3108 0.3958
2708 3114 0.1389
2711 2747 0.069
2716 2989 0.3009
2723 2890 0.153
2727 3088 0.0429
2728 2949 0.4709
2728 2759 0.185
2732 2899 0.0944
2736 3143 0.1046
2736 3057 0.06
2741 3156 0.1235
2744 2772 0.1376
2745 3123 0.2737
2747 2947 0.1614
2751 2957 0.0713
2751 3118 0.3153
2754 2757 0.2392
2767 2875 0.2894
2768 2813 0.12
2768 3048 0.0242
2768 3062 0.1329
2769 3037 0.0683
2775 3192 0.4837
2775 2935 0.0609
2782 3076 0.115
2783 3153 0.1135
2784 3075 0.152
2787 3131 0.1132
2787 2909 0.099
2788 2973 0.0494
2788 3041 0.0849
2789 2876 0.1807
2789 2976 0.22
2790 3191 0.0859
2792 3051 0.1556
2792 3149 0.0841
2793 3151 0.2051
2794 2947 0.1836
2794 3134 0.2071
2799 2853 0.2004
2800 3176 0.0763
2801 2945 0.2294
2803 3099 0.057
2808 2916 0.124
2812 3045 0.2634
2816 3025 0.1388
2816 2840 0.064
2817 3125 0.139
2818 3177 0.3159
2819 2929 0.2533
2821 2988 0.0129
2821 3034 0.1068
2821 2907 0.1647
2822 2953 0.0386
2822 2900 0.0305
2822 2914 0.0567
2824 3153 0.1182
2826 2918 0.0663
2828 3030 0.126
2829 3152 0.1048
2840 3008 0.3184
2846 2986 0.0346
2853 3048 0.0334
2854 3138 0.3096
2854 3076 0.1341
2855 2918 0.0274
2863 3143 0.4144
2865 2941 0.3142
2866 3094 0.2155
2866 3059 0.0899
2873 3048 0.1415
2876 3053 0.1012
2880 3154 0.2228
2887 3000 0.0581
2893 3018 0.1069
2899 2905 0.149
2902 2916 0.048
2908 3106 0.3819
2910 2924 0.2537
2912 2981 0.0216
2917 2954 0.2049
2919 3079 0.5146
2922 3010 0.0782
2925 3068 0.0554
2925 2978 0.1248
2932 3000 0.2661
2933 3146 0.0918
2943 3040 0.0744
2965 3136 0.1855
2977 3192 0.336
2984 2992 0.1301
2987 3058 0.0951
2990 3030 0.0383
2995 3096 0.3468
2997 3007 0.2179
2999 3192 0.1228
3025 3090 0.1203
3026 3128 0.2043
3029 3166 0.1325
3030 3152 0.0836
3034 3181 0.0841
3043 3135 0.0894
3048 3127 0.0327
3056 3166 0.1143
3060 3122 0.0815
3065 3198 0.2209
3081 3182 0.1917
3109 3156 0.4669
3112 3147 0.1971
3128 3141 0.0863
3163 3194 0.2859
