epsilon
epsilon
0.025000 0.271610
0.025000 0.344424
0.025000 0.531738
0.025000 0.469857
0.025000 0.473578
0.030000 0.187461
0.030000 0.226411
0.030000 0.289018
0.030000 0.303302
0.030000 0.351260
0.035000 0.168267
0.035000 0.157657
0.035000 0.206149
0.035000 0.237585
0.035000 0.261519
0.040000 0.104407
0.040000 0.122402
0.040000 0.149988
0.040000 0.165461
0.040000 0.179922
0.045000 0.079904
0.045000 0.092435
0.045000 0.114946
0.045000 0.128812
0.045000 0.145027
0.050000 0.063487
0.050000 0.070530
0.050000 0.119955
0.050000 0.105731
0.050000 0.110899
0.055000 0.051450
0.055000 0.061614
0.055000 0.100402
0.055000 0.089991
0.055000 0.095789
0.060000 0.045389
0.060000 0.050179
0.060000 0.081787
0.060000 0.071938
0.060000 0.078018
0.065000 0.038053
0.065000 0.042136
0.065000 0.068376
0.065000 0.061065
0.065000 0.065660
0.070000 0.032287
0.070000 0.034697
0.070000 0.059795
0.070000 0.051841
0.070000 0.056175
