epsilon
epsilon
0.025000 1.167154
0.025000 1.430473
0.025000 2.193383
0.025000 0.803323
0.025000 3.182758
0.030000 0.894394
0.030000 0.963845
0.030000 1.392257
0.030000 0.535290
0.030000 2.031789
0.035000 0.581745
0.035000 0.688952
0.035000 0.937747
0.035000 0.393111
0.035000 1.439135
0.040000 0.423615
0.040000 0.489087
0.040000 0.726388
0.040000 0.309772
0.040000 1.043680
0.045000 0.386716
0.045000 0.381826
0.045000 0.624414
0.045000 0.231618
0.045000 0.830572
0.050000 0.303169
0.050000 0.321793
0.050000 0.479654
0.050000 0.185519
0.050000 0.678694
0.055000 0.217478
0.055000 0.245451
0.055000 0.387280
0.055000 0.152661
0.055000 0.548735
0.060000 0.177325
0.060000 0.223214
0.060000 0.335069
0.060000 0.139270
0.060000 0.519754
0.065000 0.179402
0.065000 0.193385
0.065000 0.258995
0.065000 0.108874
0.065000 0.455451
0.070000 0.149092
0.070000 0.161249
0.070000 0.259430
0.070000 0.091742
0.070000 0.363538
