epsilon
epsilon
0.025000 0.387598
0.025000 1.063665
0.025000 0.834041
0.025000 0.896627
0.025000 0.510294
0.030000 0.276374
0.030000 0.700999
0.030000 0.607196
0.030000 0.497071
0.030000 0.314567
0.035000 0.187957
0.035000 0.415038
0.035000 0.376883
0.035000 0.344192
0.035000 0.237482
0.040000 0.151061
0.040000 0.305892
0.040000 0.300175
0.040000 0.246054
0.040000 0.174362
0.045000 0.124620
0.045000 0.269077
0.045000 0.230574
0.045000 0.200258
0.045000 0.100426
0.050000 0.082546
0.050000 0.193050
0.050000 0.173947
0.050000 0.124962
0.050000 0.107519
0.055000 0.067363
0.055000 0.160915
0.055000 0.135466
0.055000 0.088290
0.055000 0.079989
0.060000 0.057417
0.060000 0.123232
0.060000 0.115254
0.060000 0.072021
0.060000 0.060834
0.065000 0.046179
0.065000 0.100931
0.065000 0.097014
0.065000 0.065232
0.065000 0.044820
0.070000 0.041814
0.070000 0.089788
0.070000 0.084792
0.070000 0.071963
0.070000 0.032059
