epsilon
epsilon
0.025000 1.551217
0.025000 2.021466
0.025000 2.479342
0.025000 1.564889
0.025000 1.219988
0.030000 0.578721
0.030000 1.379352
0.030000 0.999619
0.030000 1.308829
0.030000 0.969858
0.035000 0.850520
0.035000 1.025436
0.035000 0.659062
0.035000 0.995608
0.035000 0.792406
0.040000 0.817480
0.040000 0.898603
0.040000 0.941545
0.040000 0.879364
0.040000 0.745474
0.045000 0.708827
0.045000 0.826858
0.045000 0.842639
0.045000 0.842172
0.045000 0.747418
0.050000 0.671133
0.050000 0.782834
0.050000 0.824117
0.050000 0.786458
0.050000 0.695845
0.055000 0.630653
0.055000 0.759543
0.055000 0.704917
0.055000 0.805536
0.055000 0.866001
0.060000 0.630287
0.060000 0.754978
0.060000 0.710101
0.060000 0.745215
0.060000 1.355041
0.065000 0.643328
0.065000 0.730332
0.065000 0.676387
0.065000 0.808617
0.065000 0.651950
0.070000 0.632719
0.070000 0.791443
0.070000 0.677233
0.070000 1.322944
0.070000 0.694003
