epsilon
epsilon
0.025000 18.700162
0.025000 1.646285
0.025000 25.612077
0.025000 1.861719
0.025000 24.221909
0.030000 17.533383
0.030000 1.692952
0.030000 25.336020
0.030000 1.000299
0.030000 22.732551
0.035000 16.580741
0.035000 1.373939
0.035000 24.728901
0.035000 0.747473
0.035000 22.681639
0.040000 16.723209
0.040000 1.230157
0.040000 24.185688
0.040000 0.509099
0.040000 22.471578
0.045000 19.176870
0.045000 16.139866
0.045000 24.372857
0.045000 0.443510
0.045000 22.552861
0.050000 19.100748
0.050000 1.104792
0.050000 24.303447
0.050000 0.314545
0.050000 22.133141
0.055000 18.633095
0.055000 15.843416
0.055000 24.442628
0.055000 0.261830
0.055000 22.368113
0.060000 19.238067
0.060000 0.606325
0.060000 24.274237
0.060000 0.232817
0.060000 22.512739
0.065000 18.900822
0.065000 16.264844
0.065000 23.999527
0.065000 0.189681
0.065000 23.965697
0.070000 18.666368
0.070000 18.269800
0.070000 24.152496
0.070000 0.167393
0.070000 24.272266
