20 30 num_nodes 20
0 12 0.9973967925009609
0 14 0.5351273017648814
0 10 0.030426781465806463
0 17 0.8449055961218109
0 13 0.6693534446302881
0 9 0.2181213863294048
1 15 0.9910941665994603
2 8 0.37653273779762975
3 15 0.7671157212160521
3 18 0.920051402428153
3 5 0.5133618861964067
3 9 0.5810705585543108
4 18 0.2853802072547954
5 13 0.9032435093429706
6 12 0.7303364845857626
6 9 0.23103666422745206
7 8 0.3976108065023015
7 16 0.8990860037188209
7 17 0.8591002962920526
7 11 0.6155447734048209
7 14 0.2264356094908443
7 12 0.057345630260513536
9 18 0.2871303316803069
10 16 0.29908843338273716
12 18 0.1289607913074221
13 19 0.808530597301288
13 17 0.49744209347497526
13 16 0.11641579257938961
14 15 0.9927771917528526
15 16 0.6893059063343592
