50 100 num_nodes 50
0 46 0.764717241975468
0 44 0.5765139437845245
0 22 0.9417629824241043
1 2 0.856545777055676
1 14 0.8107018611753585
1 43 0.0033219967240756265
1 4 0.0866871019891875
1 23 0.3578900540317387
1 19 0.3032386402793321
1 6 0.8882062379574451
1 44 0.7585923585789401
2 37 0.844519699455271
2 3 0.00350388887763442
2 46 0.5639672661631951
2 15 0.8442981662011809
2 9 0.2724632439128427
2 47 0.5733466191645704
3 5 0.9517072937554206
3 6 0.24261600821590923
3 17 0.10148226907319158
3 27 0.9084371790691672
4 21 0.7449457915650456
5 23 0.1636469140663276
5 7 0.3846807551597623
5 42 0.21143473636367494
6 43 0.08822936794726743
7 18 0.8623089919757391
8 11 0.402747897432571
8 17 0.5216920251973932
8 16 0.09555024906959664
8 28 0.8025460326509738
9 45 0.5953220665400365
9 20 0.18317885715403892
10 47 0.08877977842726237
10 43 0.923985782034699
10 35 0.1808729081669237
10 28 0.36966724827658415
10 39 0.16911314768157626
11 15 0.5469392417596225
11 20 0.8073498488329103
11 28 0.20848835276962907
11 33 0.4936561720423849
12 47 0.8914782685183995
13 38 0.7506893692350087
13 31 0.0808475532713635
13 15 0.11844628733207352
14 42 0.7031911411919295
14 37 0.8969301490366531
14 30 0.6595191258019735
15 33 0.39247210846267
16 38 0.10594820107298053
16 48 0.11100309037759504
16 21 0.02974039039066756
17 32 0.787395411834453
17 31 0.23327392649873246
17 49 0.08178424159351216
19 42 0.7949454530102124
19 30 0.5453119580447798
19 45 0.585080653787173
19 46 0.6442022278730798
20 24 0.5298776920860337
20 44 0.9591152142718461
20 43 0.9424061716065362
21 31 0.3747154413058513
22 23 0.16970991842021854
22 32 0.42103833196522467
22 29 0.832695840244386
23 32 0.09068540204766484
23 29 0.46865585142568555
23 37 0.869140734904189
24 37 0.42772216215838965
25 46 0.5986709480560427
25 48 0.825031606020354
25 39 0.8321149138302927
25 49 0.6473696902387853
26 47 0.061675238940345545
26 37 0.6747544003613922
26 41 0.6064145795244446
27 40 0.8379867579940072
27 33 0.20619893325625038
28 34 0.4358022005322456
28 35 0.5667366208963283
29 41 0.03209766203065256
29 42 0.37510465538328885
29 31 0.4418875233365789
31 32 0.9238531696884831
32 35 0.6837667241949359
32 33 0.4423687154025422
33 48 0.3515853575117419
33 37 0.25231068883078345
35 43 0.3483710115926858
35 46 0.5670074983197735
36 46 0.2327795169504734
36 41 0.264570055179695
38 49 0.5106254063326573
39 41 0.6532129696730832
39 43 0.23480725890691023
39 40 0.43705618780914934
45 47 0.1711727700457195
45 48 0.02312059593479654
