15 30 num_nodes 15
0 14 0.2029632898693503
0 10 0.7549824541316478
0 9 0.18641142785251674
0 13 0.9915071134253606
1 9 0.3155367886838426
1 12 0.33640729667859726
2 8 0.7810213708690507
2 13 0.12481191439714623
2 12 0.3723323477392767
2 14 0.7756501282942299
3 9 0.20318686260159413
3 10 0.23552869584212954
4 8 0.442038223640575
4 12 0.3946936278252038
4 13 0.03002329276018667
5 14 0.17191788424026988
6 10 0.8421404958091678
6 11 0.05643582281461634
6 14 0.6816429477077871
7 9 0.7405378046365421
7 13 0.5939515169632426
7 11 0.40879882756119823
7 8 0.26252745476080386
7 14 0.14646327561935257
8 13 0.8649132596034791
8 14 0.6139642663744832
9 10 0.6101973945384782
9 12 0.8874621859889108
11 14 0.6751461594503341
11 12 0.12863136137843367
