20 40 num_nodes 20
0 12 0.4950415548710335
0 8 0.4740419477119169
0 9 0.6417401078631852
1 7 0.6091909322727526
1 8 0.1737757521855322
1 2 0.5342644344176045
2 19 0.9360607330541764
2 17 0.717439297226535
2 13 0.5923937296332169
3 12 0.7704966012817668
3 5 0.4694300953896532
3 10 0.15188887241928362
4 15 0.2934999744597022
4 6 0.1378808784015434
5 9 0.8924010337818982
5 7 0.5107013009582331
5 14 0.48347365946607435
5 8 0.8156571522797285
6 8 0.49273708332337285
6 13 0.25741992468967523
6 14 0.47926207432023094
6 17 0.617471264859333
7 9 0.4110631911252628
7 16 0.7353570142842868
7 19 0.7428408420645061
8 11 0.4556250394933542
8 15 0.6476414407754181
8 14 0.9477238238197464
8 18 0.8964368992324612
9 17 0.12796700241149117
9 11 0.6792286742914226
9 18 0.648860929144316
9 16 0.023674215255935827
9 13 0.09941722766771621
10 12 0.0819302890508049
10 15 0.7817198277773938
10 18 0.9053149794024792
11 13 0.4894355618449753
13 19 0.6487963126171329
16 17 0.28787572352504975
