20 40 num_nodes 20
0 14 0.1150485281552085
0 6 0.07189211649872673
0 9 0.9625759315605432
0 19 0.5853659328739881
0 8 0.5067404188421111
0 17 0.14305388268879105
1 7 0.5578905471014527
1 5 0.9894751668562366
2 5 0.0009665626755436252
2 8 0.42443632847300017
2 10 0.4618791754093323
3 5 0.8769145833524593
3 17 0.0921134580907178
3 7 0.5395394601706406
3 14 0.6134079745485119
4 19 0.41935599558087644
4 5 0.594010033462635
5 12 0.6296674126299873
5 6 0.13478770862302691
5 10 0.0468462339073169
6 17 0.6531088032121966
6 12 0.9619353157520614
6 19 0.04112963212058229
7 12 0.3922502812211175
7 18 0.34283490241492454
8 19 0.6846294993441971
8 13 0.3200213156856846
8 16 0.028099606388579668
9 10 0.9439157377648297
9 11 0.9387191159704724
9 15 0.5017869736955743
11 16 0.6162947362551436
11 15 0.18225177096027878
11 13 0.4312042250357283
11 12 0.10603432332097462
11 14 0.056443029356280094
11 18 0.8386701621155594
12 18 0.7144007177890838
14 19 0.6995923516140703
18 19 0.32281454372561125
