100 142
0 12
0 14
0 35
0 47
0 51
0 62
0 89
1 11
1 46
1 48
1 54
2 17
2 23
2 54
3 16
3 36
3 59
4 88
5 16
5 28
5 35
6 25
6 87
7 10
7 25
7 53
7 62
8 43
8 77
9 21
9 31
9 32
9 40
9 48
9 56
9 59
9 70
10 43
10 97
11 18
12 29
12 57
13 16
13 70
13 91
14 18
15 16
15 28
16 30
16 37
16 95
17 79
18 80
18 84
19 50
19 95
20 56
20 64
22 83
23 46
24 43
25 54
25 67
25 86
26 52
27 55
27 83
28 48
28 86
28 99
29 57
29 66
29 70
30 32
31 33
31 49
32 34
32 39
32 53
32 65
32 92
33 54
34 41
34 90
35 40
36 99
37 64
38 52
38 73
38 84
40 80
40 82
41 94
42 55
42 71
42 80
42 82
43 47
43 61
43 92
44 56
45 81
47 67
48 78
48 86
48 98
49 70
50 77
54 95
56 76
56 92
57 85
57 99
58 70
58 82
59 77
60 61
61 83
61 95
61 98
62 90
63 77
63 80
63 97
67 73
67 87
68 97
70 94
71 76
72 93
73 75
73 93
74 99
76 88
76 98
78 95
80 93
81 87
85 87
91 98
93 99
94 98
