80 160 Varying K 11
0 57 0.8457702479341087
0 49 0.6352338040224723
0 68 0.4840384635488505
1 69 0.9716400708205236
1 25 0.5822327777761019
1 35 0.709541174567596
1 16 0.8129991281951183
1 78 0.2782135890306727
1 11 0.3648580470176369
2 3 0.4421738192200029
2 37 0.12479614605434564
2 57 0.3401473442290808
2 55 0.42642334007596205
2 28 0.801973408090655
2 63 0.3058978559440172
2 20 0.7356844187160411
3 49 0.246872441992517
3 40 0.3243166820462724
3 54 0.3808079098974263
3 60 0.6186645920704815
3 29 0.3092910212700132
3 39 0.7684593339227016
3 67 0.9031600090238131
4 61 0.2875049482937374
4 32 0.07420448309897087
4 20 0.1100852234260794
4 71 0.39554195247746016
4 65 0.3705853238223158
5 39 0.2809867238673538
5 8 0.25742597370118514
5 52 0.7406064117834592
5 37 0.4267008241974166
5 24 0.21988480187841963
6 39 0.847552563438237
7 61 0.4183704149915267
7 38 0.9550200072485421
8 32 0.7468063912766817
8 37 0.7969167140742895
9 10 0.6340945296310648
9 48 0.9225728074762244
10 17 0.49354415015209996
10 34 0.9146391630154832
11 47 0.7511290622144539
11 70 0.25123196918619806
12 62 0.5275511462390008
12 23 0.1172391615578462
12 44 0.8176536208174988
12 48 0.22376574316721798
13 75 0.6728124619992438
13 20 0.5113756353928739
13 33 0.20094400104592314
13 49 0.6915291638455833
13 41 0.8525460463661478
13 35 0.4395537393466781
14 79 0.8073764324372752
14 60 0.4008032976968078
14 37 0.4922900882029254
14 43 0.5059004418219454
14 58 0.9745483037776441
14 52 0.49398552507041815
14 57 0.32752225304837546
15 63 0.299405697619889
15 37 0.7838625599262918
16 65 0.12037580348003263
16 27 0.39474253256076497
16 18 0.5230944715421423
17 72 0.597786285495849
17 62 0.4295560263943885
18 50 0.08130965952650215
20 21 0.8179648100821328
20 53 0.1206569349926715
21 34 0.91595463623294
21 79 0.5577588625120439
22 53 0.8283456919747942
22 70 0.131906182503172
23 74 0.5177033653046609
23 44 0.602088438041012
24 38 0.7429770109837979
24 53 0.017271520505987015
24 63 0.7901194954559942
25 70 0.785657914196444
25 48 0.44835682245589414
25 41 0.30505755505132615
26 48 0.814887390710896
26 54 0.7092297215113501
26 77 0.44688495876119516
26 73 0.7126400766711211
27 48 0.1734490455754053
27 75 0.09164194114019297
27 34 0.012258007614653454
27 68 0.44392668268607516
28 67 0.5760200211036806
28 58 0.5205987811275042
28 66 0.06080336753646953
28 57 0.25995014937262706
28 72 0.7695730205559812
29 34 0.03956078710532118
29 70 0.8583366044646545
29 44 0.7423671902811823
29 64 0.48510446981641986
29 51 0.12501986967468148
30 68 0.33589139915231403
30 77 0.40916927969090655
30 75 0.6173388485375254
31 51 0.5272412787275385
31 34 0.3830416224356734
32 67 0.7358553194023302
32 65 0.9214247839925898
32 72 0.3043222639884935
32 47 0.6766128953925656
34 58 0.20713981587518837
34 42 0.0774942272896828
36 75 0.46248576248378026
36 51 0.2742795380440598
37 58 0.138581680560239
37 64 0.1637138803308934
37 46 0.9758832254195904
38 39 0.09584880739271495
41 63 0.0403116075737695
41 54 0.9141173689616499
41 78 0.1494689846966989
42 64 0.8724227453522457
42 78 0.9191799796331416
43 49 0.922652877737655
43 54 0.5505069807841113
44 65 0.5256998471598305
44 53 0.968622634667827
44 70 0.604877632525131
45 73 0.427129634964974
45 62 0.3812233002581984
46 70 0.4349938660595727
46 72 0.8501450015450074
47 62 0.36828678494345957
50 75 0.1153396320179122
50 66 0.548856881405618
50 74 0.2011177881398828
50 73 0.35562365079154046
52 64 0.04628790779406389
53 71 0.1535417266947755
54 64 0.8714858247469801
54 69 0.9829268699043284
55 77 0.8352063149068596
55 75 0.2994714140097231
56 63 0.5551550914003657
56 65 0.392193090687609
57 60 0.31675949008958626
57 64 0.3988894172034423
58 76 0.20697790087561763
58 72 0.7089582170501476
62 68 0.9607793864948965
63 64 0.7844886276733641
64 76 0.05357595153977934
66 71 0.15176545456284518
68 72 0.3242102723518061
69 70 0.7444298891470666
69 79 0.4204171306508284
70 77 0.8300043602404942
70 74 0.10338742766714626
70 73 0.012990795116059273
75 78 0.6555586971998101
