80 160 Varying K 11
0 49 0.02104086236679259
0 4 0.8164509362457866
0 67 0.2063410557868507
0 9 0.3261941426504681
1 24 0.6601429978456697
2 5 0.7682915579359637
2 71 0.11582351369993682
2 12 0.9995510883867069
2 74 0.4273527059658233
2 46 0.4982258998004997
2 39 0.4613039588882343
2 25 0.059111225786056765
3 46 0.832465156329496
3 22 0.20910321657313014
3 31 0.4554328824223397
3 8 0.8810175200114235
3 39 0.2666073098353745
3 13 0.8167970326194345
3 66 0.3622392180007644
3 36 0.19275870550935748
3 79 0.12277469501925942
4 74 0.6549790752187663
4 34 0.30190923327981445
4 54 0.6923893993032543
4 32 0.06768777332205345
4 65 0.48592792286070874
4 19 0.9679609727370102
4 11 0.7053735392931857
5 75 0.903121950930298
5 77 0.09405191500820664
5 60 0.16176981246887168
6 73 0.3553754663114702
6 75 0.998266388026413
7 11 0.004197531967764179
7 13 0.6219139795795076
7 26 0.2404016623710835
7 46 0.5801676422798719
7 17 0.2179666800242458
7 57 0.6434313384418334
8 53 0.2573582438583587
9 43 0.17774009169846972
9 56 0.4617367466876263
9 28 0.9845336594415011
9 12 0.8400869967326239
10 46 0.32614396193432416
10 14 0.7741383940953367
10 32 0.9391922216103947
10 78 0.8275729413598013
10 54 0.18396419002359876
11 40 0.9122123212959931
11 65 0.9764110299992197
12 21 0.9127876933405797
12 61 0.9356137795067205
12 52 0.7351777642754611
13 29 0.1154704719565508
13 30 0.12545679960634892
13 27 0.5168438574790541
13 39 0.5198769892801517
14 36 0.5759320542022254
14 20 0.24830717433961758
14 73 0.08639078960823099
15 66 0.03531963902566615
15 32 0.9112849909122761
16 20 0.7193488117324645
16 57 0.3701252391547556
16 37 0.039570162503253736
17 65 0.6556250734782841
17 66 0.8849670309999241
17 59 0.9127198979434109
18 43 0.4306982813150637
18 47 0.6108577872317807
18 69 0.6794433544751812
19 31 0.1600277563342548
19 79 0.14954649764452466
20 55 0.962939191507273
20 57 0.7413752729579619
20 29 0.3104108057555143
21 39 0.8531482928892115
21 67 0.8845434889421668
21 41 0.079135279965315
22 71 0.7293770329789842
22 41 0.3927913523898402
22 46 0.3430538137381939
22 45 0.3389125433367115
23 57 0.24302201861933603
23 66 0.9205170949133887
23 29 0.2689342315122327
23 74 0.3564279125490275
24 62 0.33971784168908215
26 39 0.03911909802146263
26 55 0.6549535224496031
26 59 0.715339581732945
27 77 0.5660548979572998
27 48 0.10007135629893082
28 62 0.0925582971319886
28 60 0.6423509568154918
29 30 0.38164736251879816
29 58 0.9965114448456927
29 31 0.10449671514418624
29 75 0.9735783002037458
31 67 0.7864387689897123
31 34 0.19234791791613715
32 77 0.10000406331376721
32 47 0.1719980708624601
32 46 0.1161051092812515
33 51 0.6258039567627477
33 70 0.786866993864756
34 78 0.49497332079613565
34 75 0.702912118438475
34 61 0.7712476239282097
35 62 0.07077493227826781
35 54 0.40050042854132606
37 47 0.3994201449426418
37 63 0.5839954006986976
37 50 0.49623184825295164
38 64 0.4623365796649974
39 61 0.5811148190134018
39 68 0.7356622345558765
39 47 0.14789287770432014
40 59 0.06684016164706241
41 65 0.6100056362468009
42 50 0.6320563850971092
43 62 0.9136310655333612
44 72 0.8934257818915917
44 78 0.1614836704372523
44 50 0.03908168702281878
45 46 0.0035347155565786936
45 65 0.04615627546529466
45 58 0.37660553195833824
46 65 0.7049019291940811
46 75 0.2302483347241442
46 79 0.7644265258550006
46 78 0.795265573063736
47 69 0.31206521535109744
47 50 0.9186033186030055
48 54 0.09119180119930104
49 52 0.518469209341935
50 65 0.08110392137474143
50 62 0.8380276584410961
51 59 0.898503360871968
52 75 0.5927490119003149
52 62 0.4795835308649582
53 67 0.9448276606151473
53 77 0.8687334412228913
53 62 0.0804130367786573
54 65 0.23902482292351945
56 64 0.5495333998900758
57 70 0.20244264189558836
58 59 0.7849882490832095
58 71 0.4655431688660293
61 67 0.7482708437392406
62 65 0.5319572098561488
62 76 0.12159184685271274
63 64 0.5070960858653543
64 78 0.18050591613173095
65 71 0.04271701732241118
66 71 0.5424222705089223
66 74 0.8094385229459278
73 74 0.6311790088983046
75 78 0.9305146185820541
