80 160 Varying K 11
0 9 0.4823534190137886
0 61 0.2669995704888021
0 62 0.45863846351486925
0 41 0.6144118537916613
1 60 0.8420282682586104
1 8 0.5228107035374316
1 43 0.6965730936826809
1 61 0.37235342564059426
2 37 0.5226196504067214
2 40 0.49230673395373026
2 75 0.04112241152225071
2 7 0.9501587259628741
2 30 0.6802088662942007
3 34 0.09758196302065236
3 35 0.03309997868249115
3 13 0.2183407883687486
4 17 0.8217134745037392
4 39 0.2772433384473256
4 68 0.5524314750221866
4 67 0.1768097115930184
4 52 0.6202337106106054
4 28 0.33360687843524006
4 65 0.3501114612802123
4 61 0.7793561991602475
5 38 0.5768865376958903
5 15 0.764710645816018
5 48 0.4265673573134059
5 43 0.8045228638221611
5 31 0.3620821387186899
6 73 0.8015104211982382
6 52 0.6466337766495266
6 34 0.5180255380982445
6 60 0.011417698424570633
6 8 0.8407220912133038
7 42 0.08417894336175069
7 61 0.3690499433718408
7 16 0.013116910022953232
8 77 0.6283455296279704
8 61 0.5947579489638525
8 44 0.8330118425525632
8 75 0.8601857534480879
9 40 0.5517847158424608
10 43 0.30750902125888113
10 79 0.29682555791604526
11 61 0.63240466682501
11 65 0.9195023019173703
12 46 0.5285005305918009
12 13 0.8366969446713598
13 27 0.012602664958939802
13 76 0.5499468314709736
13 79 0.12755679495073846
14 78 0.8659450232069074
15 36 0.02561082008641824
15 28 0.3644347171733896
15 21 0.07034075734445433
15 25 0.34240268522370765
15 68 0.19354861799099743
16 69 0.9139592341225738
16 72 0.8923004178967306
16 53 0.17097221157796172
16 43 0.05719830657080616
16 35 0.06730434764877935
17 56 0.3101290546704498
17 48 0.034807897737729965
17 75 0.32132131105614514
19 50 0.24629966349289378
19 29 0.16291276494421347
19 52 0.06791659406822348
19 33 0.9490942012753945
19 25 0.1688331999916617
20 75 0.8084246539762415
20 77 0.7928740421877023
20 40 0.4819755444470786
21 56 0.734071964982501
21 30 0.15769854662313
22 40 0.22046890424076093
23 46 0.9470684867690796
23 55 0.3297306455114545
23 73 0.07290054008268032
24 29 0.8167296678055932
24 40 0.6818131890595521
24 33 0.35232197566267875
25 52 0.36922215261169233
25 55 0.013837003438414541
27 63 0.3177246019678174
27 72 0.12865258003445512
28 34 0.039228535299513534
28 42 0.24652730817869506
28 45 0.6798023088041111
29 43 0.8061847751631741
30 75 0.3648286643414599
30 64 0.05788420693319141
30 55 0.9279080107714306
30 41 0.8906286387256722
31 34 0.37301558108457955
32 47 0.2567166188617863
32 69 0.5845158695831251
33 70 0.44200871162438804
33 55 0.7213532478495651
33 66 0.757198155654742
33 76 0.19383785638100792
34 73 0.8721160157071727
34 64 0.2584276827627965
34 57 0.3489137295012136
34 59 0.9442281838055435
35 70 0.8631437709299925
35 62 0.05235059645577822
35 43 0.7654428115336667
36 69 0.5104446744111938
37 78 0.8735210079912438
37 66 0.7945323495969739
37 53 0.9273893144754668
38 53 0.8605284651880263
38 55 0.15291213100563628
38 70 0.345165935071578
38 58 0.797236655879025
38 48 0.019761256483869394
38 64 0.2500643032247958
38 46 0.22463900777638957
39 64 0.5555871998653593
40 46 0.6544201951332932
40 47 0.30086154531374965
41 69 0.9651878372025431
41 76 0.8330505965178344
42 75 0.746969234654103
44 73 0.6867544962976021
44 75 0.34812377936234706
44 53 0.06553345786822995
44 49 0.24403372609540253
45 59 0.45660103476619773
45 77 0.9007889504968389
47 77 0.5748621547567685
48 58 0.4408543380807419
48 78 0.23811180132670973
49 66 0.9505321942134879
49 54 0.5106253304090912
49 64 0.6825537413110817
49 75 0.37234642231611903
50 73 0.30232235565121035
51 73 0.2232267891245706
52 74 0.09295426603442392
52 72 0.3477624838450113
53 54 0.004579968539324186
53 74 0.7132650068734833
54 66 0.3101108013907232
55 71 0.06652630948326854
58 66 0.22108347166238207
60 74 0.592622300572291
60 69 0.2931933305680686
60 70 0.9882036115093986
60 76 0.8625621412451115
62 64 0.5877793459003838
65 79 0.04522689868625296
67 68 0.2654589886406883
67 79 0.9270787643072145
68 74 0.7181949764027443
71 76 0.6501967515614043
72 73 0.047893369592236334
75 76 0.34054825007373035
77 78 0.8396529071970659
