80 160 Varying K 11
0 38 0.9858555432897661
0 27 0.7345413542499635
0 69 0.19976024379771495
0 21 0.860401445993081
0 6 0.2933929001799953
1 73 0.9174867948356765
1 78 0.33139039660669367
1 66 0.20397729934919118
2 51 0.41508300243988516
2 41 0.8216726930209821
3 33 0.8809186599593982
3 58 0.6321311055097809
3 56 0.4897773073763192
4 41 0.6966853404658309
4 62 0.17547453512726718
4 10 0.1744186528447268
5 33 0.9516314742517318
5 10 0.32180926704353585
5 45 0.8480140946578038
5 46 0.9426355814241207
5 77 0.014475780430480145
5 63 0.8373099727025111
5 50 0.6785271056398029
5 17 0.25334180168847786
6 40 0.6349377941255068
6 25 0.08715984189273807
7 28 0.9001270642090605
7 29 0.4276050526631291
7 21 0.835196940367918
7 34 0.39126037249531964
8 11 0.5794822202217078
8 52 0.3358468262558144
8 25 0.9431637309574955
9 37 0.7617085251749394
9 63 0.5651486740000369
9 10 0.0628736821736553
9 14 0.12855882683143072
9 66 0.21853167794198625
10 36 0.03089994097265847
10 46 0.9106135232951414
11 77 0.3558798294752127
11 70 0.445620595370942
11 49 0.3857288123824504
12 41 0.7124337538194823
12 56 0.06225000712364881
12 51 0.11338865907735352
13 50 0.7198189837321848
13 22 0.47989942217090575
14 26 0.3121306244256651
14 72 0.870406767263157
14 32 0.6098444905810263
14 76 0.09132832411828484
14 69 0.8857325511342692
15 42 0.7251856295797667
15 67 0.30606486135562727
15 54 0.8772709494605853
15 39 0.36914779051582425
16 79 0.9657355728452789
17 32 0.4195849142067706
18 25 0.1762208576488904
18 41 0.8345578471398437
18 32 0.6571913205062749
19 61 0.5662132006743815
19 41 0.04120570280743985
19 76 0.025667835609044953
19 22 0.172757121059408
20 57 0.881687950458918
20 42 0.7277034945822501
20 27 0.40768199162141616
20 77 0.27102256569207583
20 47 0.6190730908524298
21 39 0.7302044786688442
21 58 0.2059561679861881
21 73 0.6703987459690358
21 59 0.48260104644768254
21 71 0.6916951439402846
22 31 0.22853136389838957
22 37 0.49945143643153234
23 35 0.706979560137743
23 29 0.42626262958381833
24 34 0.08217973456847838
24 52 0.15581709924085774
24 79 0.6740207845399159
24 63 0.23497316031987225
24 35 0.5445468116690867
25 56 0.968258402804358
25 71 0.21051516784747637
25 61 0.4587708393440958
25 30 0.2797418321980324
26 54 0.6185872029240356
26 29 0.809655784362959
26 55 0.8809337607252041
26 48 0.3828552797829452
27 33 0.29956774418038346
27 54 0.5032697987396257
27 34 0.9830922925240019
28 53 0.5773465045921506
28 70 0.8654105269583722
29 39 0.22309989169375
29 62 0.7219971964690572
30 38 0.753096605467812
30 78 0.1689018975644644
31 64 0.6317371851854481
31 74 0.7846524870119069
31 56 0.3158040686504836
31 67 0.49635734728699565
31 52 0.5837548786424455
32 77 0.47840222043142067
33 53 0.977828532375847
33 43 0.14327186549658355
35 46 0.21060973358269386
35 60 0.19924151203760387
35 59 0.7281226720892078
35 74 0.8635843630777931
36 55 0.5039607896604762
36 41 0.8691737862800307
37 70 0.08085244610542308
37 47 0.8438081202617809
37 73 0.5775655767628933
37 56 0.8975779335514232
37 52 0.36282767585316966
37 43 0.3151670821942195
37 45 0.3010544806775971
38 44 0.8612744223290131
38 61 0.9361431702010815
39 65 0.3954017931442835
39 49 0.6814866706167257
39 72 0.5113324161505741
40 60 0.8888309218326247
40 78 0.4451235282561702
41 75 0.5973092212059818
41 63 0.054417777921898614
42 71 0.13088192708501367
43 49 0.14615988859431472
43 60 0.45505756751380666
43 50 0.3247651233517376
45 55 0.09579932225923282
46 79 0.6792515465692838
48 76 0.9118620300253895
48 50 0.0022325782885438406
49 51 0.6196059581674429
50 56 0.5242711995275676
51 72 0.26414507544474974
52 79 0.18574718585048788
52 56 0.6070167278950935
53 67 0.8152627661726608
53 56 0.32776364742966346
54 76 0.18365023180413342
55 65 0.542112758057042
56 64 0.5117111542393447
58 69 0.1523561932261971
59 69 0.9942987479180678
60 72 0.7350559209701463
60 67 0.2349788201045162
61 67 0.6669066472369088
62 69 0.24731707785407542
62 71 0.08579750989147039
62 76 0.14297740579256435
66 68 0.08144479138758398
78 79 0.5143197628870447
