80 160 Varying K 11
0 76 0.16157981630725982
0 47 0.563773451090911
0 44 0.9248077537780338
1 27 0.8350850426908073
1 57 0.08957712493846559
1 74 0.9626099611430656
2 38 0.5978635258301235
2 32 0.41670338765057346
2 70 0.0009186260960527548
2 40 0.6694409783639361
3 59 0.991191246288582
3 34 0.09489013512794986
4 37 0.1931025853129935
4 30 0.9872578560510225
4 7 0.4678449365796463
4 39 0.9294136398226677
4 53 0.30455750690432415
4 47 0.7981017627641386
5 23 0.8843571863761179
5 60 0.22984430017634694
6 31 0.07378040638947148
6 20 0.8798160951643552
6 17 0.886097127266027
7 22 0.2892599341108717
7 53 0.4553495932760562
8 33 0.6124334468640449
8 43 0.9576048976787254
8 46 0.7149604885336092
9 20 0.35903573207241024
9 75 0.675029514336784
10 19 0.3600662964631608
10 76 0.8610760139688968
10 53 0.246794243367096
11 55 0.7541588696362889
11 69 0.28012265211454934
11 62 0.38677492203129293
11 77 0.42789336594257565
12 38 0.1749952960081682
13 69 0.3163241695677995
13 59 0.7972529249336942
13 52 0.5427990574298915
13 48 0.6367525779797115
14 20 0.24114648642861858
14 18 0.8140651522518203
14 40 0.8829656221558755
14 70 0.7467400723623023
15 31 0.745166125388133
16 26 0.6532878554417767
16 72 0.34155720296279923
16 45 0.5802839988461533
17 79 0.10101610714157494
17 25 0.538245528807569
18 21 0.5373762445889444
18 46 0.9329231768775973
18 53 0.7754073310317217
18 37 0.5008029204686724
18 66 0.0624890875127202
18 20 0.668524821546513
18 41 0.7378113352781815
19 47 0.2598909104235506
20 25 0.47741591271900263
20 76 0.9822803098855148
21 55 0.8192632531507591
21 66 0.07612638385505288
21 67 0.8814108287247114
21 78 0.1271166182865977
21 28 0.054387726559143146
22 39 0.17522357113772824
22 63 0.6814066505887942
22 43 0.24759784945449892
22 57 0.5438613928787893
23 49 0.12810717372166924
23 26 0.7817823313855309
23 40 0.6039115195584499
23 43 0.9529058212851436
23 79 0.9062261251656549
23 28 0.6302380096404654
23 61 0.08268401340568987
24 70 0.36148631471234316
25 69 0.4947010148790023
25 49 0.11340653346803287
25 79 0.2795313766149521
25 46 0.1955391369629117
26 27 0.16549271200087823
26 43 0.5660648271488808
26 30 0.2727755726905622
28 63 0.05672107846220975
31 48 0.04902600366718801
31 73 0.0976420992455942
32 79 0.5149298485473159
32 67 0.8891673556683182
32 58 0.7347534197491377
32 41 0.2178898599898641
32 53 0.8101681273240257
33 37 0.8966867107084131
33 76 0.8963224786613669
34 65 0.7526137099634581
35 52 0.4232615632686453
35 43 0.4071772164588394
35 37 0.09344923034426977
35 62 0.003236743492336158
35 59 0.7845987058143225
35 44 0.5050887501564209
36 64 0.6532509005701203
36 61 0.3964533872591314
37 40 0.0529176293773318
37 69 0.36104457607626905
37 74 0.9050002107343877
37 61 0.2572935432397221
38 42 0.47166041106795553
38 53 0.45529430690169015
38 63 0.1692546953871389
39 45 0.27162747846831314
39 61 0.0020306705977630735
39 40 0.4730029415627688
39 62 0.11819538947703001
40 61 0.03940543337113056
41 72 0.5656123906571354
42 63 0.17970024715326982
42 46 0.0617470512907593
43 65 0.09869117436728037
44 59 0.9577882947542444
44 76 0.7688545280291633
44 45 0.23918072098998655
44 52 0.4771774556580841
44 51 0.8313533957191623
45 67 0.5864575624237446
45 51 0.49658621284315974
45 65 0.6234008585496118
45 75 0.4999901792097242
46 53 0.9369579982827535
46 71 0.4983745789349764
47 60 0.8942879088182828
47 75 0.36244171706354855
47 59 0.9370766943235391
48 74 0.9926830794635099
48 68 0.3562198945914906
48 78 0.2481429721053896
48 76 0.5777116255020333
48 72 0.7265885883404496
48 49 0.43093610757429734
51 68 0.6588290131536889
51 60 0.9066897678612609
52 53 0.5306413679099934
54 55 0.15099231085559783
56 79 0.8830319592736828
56 75 0.09507107027432737
58 79 0.48585711245399854
58 62 0.412457999199789
60 61 0.5178925360023063
60 70 0.023052425649396358
61 72 0.3060068859414504
64 70 0.4465000890513968
65 78 0.20100489115262676
66 74 0.740415554305827
68 72 0.976212252592656
69 78 0.23109403588008448
70 79 0.29868557907315363
70 78 0.34583157070320913
75 77 0.057942403908205264
