80 280 edge_degree 3.5
0 49 0.1
0 4 0.5
0 67 0.1
0 9 0.9
0 44 0.3
0 59 0.3
1 24 0.9
1 40 0.7
1 17 0.1
1 19 0.7
1 55 0.1
2 5 0.1
2 71 0.1
2 12 0.5
2 74 0.7
2 46 0.9
2 39 0.3
2 25 0.1
3 46 0.5
3 22 0.3
3 31 0.9
3 8 0.3
3 39 0.3
3 13 0.7
3 66 0.5
3 36 0.3
3 79 0.7
3 56 0.5
3 10 0.1
4 74 0.5
4 34 0.3
4 54 0.5
4 32 0.3
4 65 0.3
4 19 0.7
4 11 0.3
4 46 0.9
5 75 0.7
5 77 0.7
5 60 0.9
5 39 0.5
5 43 0.1
6 73 0.3
6 75 0.1
6 65 0.5
6 20 0.9
7 11 0.7
7 13 0.5
7 26 0.5
7 46 0.7
7 17 0.3
7 57 0.9
7 14 0.1
7 18 0.9
8 53 0.3
8 75 0.7
8 22 0.3
9 43 0.9
9 56 0.7
9 28 0.3
9 12 0.1
9 26 0.7
9 38 0.5
9 42 0.3
9 79 0.1
9 45 0.1
10 46 0.5
10 14 0.7
10 32 0.7
10 78 0.3
10 54 0.3
10 42 0.1
11 40 0.5
11 65 0.3
11 66 0.1
11 64 0.1
11 61 0.5
11 43 0.3
12 21 0.1
12 61 0.3
12 52 0.3
12 54 0.5
12 49 0.9
12 20 0.5
12 63 0.3
13 29 0.1
13 30 0.9
13 27 0.9
13 39 0.7
14 36 0.3
14 20 0.7
14 73 0.3
14 48 0.5
15 66 0.7
15 32 0.5
16 20 0.3
16 57 0.1
16 37 0.5
16 48 0.9
17 65 0.3
17 66 0.3
17 59 0.1
17 32 0.1
17 63 0.5
18 43 0.1
18 47 0.9
18 69 0.7
18 59 0.7
18 26 0.5
18 53 0.7
19 31 0.1
19 79 0.7
19 69 0.9
19 67 0.5
19 46 0.3
20 55 0.7
20 57 0.1
20 29 0.5
20 59 0.3
21 39 0.5
21 67 0.1
21 41 0.7
21 32 0.3
21 63 0.1
21 44 0.1
22 71 0.7
22 41 0.9
22 46 0.1
22 45 0.3
22 67 0.7
22 59 0.9
22 51 0.5
22 33 0.1
23 57 0.9
23 66 0.9
23 29 0.3
23 74 0.3
23 50 0.7
23 45 0.5
23 40 0.7
24 62 0.5
24 79 0.3
24 74 0.5
24 47 0.9
24 31 0.7
25 71 0.7
25 40 0.7
26 39 0.7
26 55 0.1
26 59 0.5
26 65 0.7
27 77 0.3
27 48 0.7
27 51 0.1
27 49 0.3
27 46 0.9
27 56 0.7
28 62 0.7
28 60 0.3
28 68 0.7
29 30 0.3
29 58 0.9
29 31 0.7
29 75 0.3
29 49 0.1
29 71 0.1
29 34 0.3
30 51 0.1
30 60 0.1
30 76 0.1
30 78 0.1
31 67 0.5
31 34 0.3
31 65 0.5
32 77 0.3
32 47 0.3
32 46 0.5
32 51 0.9
32 61 0.5
32 42 0.7
33 51 0.5
33 70 0.3
33 40 0.1
34 78 0.5
34 75 0.7
34 61 0.1
34 58 0.1
34 41 0.1
35 62 0.9
35 54 0.5
35 61 0.9
35 75 0.1
35 66 0.5
35 76 0.5
36 71 0.9
36 60 0.7
37 47 0.5
37 63 0.5
37 50 0.7
37 59 0.7
37 56 0.1
37 68 0.3
38 64 0.1
38 42 0.1
39 61 0.1
39 68 0.3
39 47 0.5
39 50 0.7
40 59 0.1
40 45 0.1
41 65 0.3
41 51 0.5
41 69 0.9
42 50 0.7
42 56 0.1
42 66 0.5
42 62 0.3
43 62 0.7
43 51 0.9
44 72 0.9
44 78 0.3
44 50 0.1
45 46 0.7
45 65 0.7
45 58 0.7
45 73 0.5
45 56 0.9
46 65 0.7
46 75 0.3
46 79 0.3
46 78 0.1
46 70 0.1
46 58 0.7
47 69 0.1
47 50 0.1
47 78 0.5
48 54 0.9
48 51 0.5
48 63 0.9
48 68 0.5
48 70 0.5
49 52 0.9
49 76 0.9
49 69 0.1
50 65 0.1
50 62 0.7
50 76 0.5
50 61 0.3
51 59 0.7
52 75 0.7
52 62 0.3
52 60 0.3
53 67 0.7
53 77 0.7
53 62 0.1
54 65 0.5
55 78 0.1
56 64 0.3
56 72 0.1
57 70 0.9
58 59 0.5
58 71 0.9
58 64 0.7
59 67 0.3
61 67 0.9
61 68 0.7
62 65 0.5
62 76 0.5
62 78 0.3
62 68 0.9
63 64 0.1
64 78 0.7
64 74 0.9
65 71 0.9
65 72 0.9
66 71 0.5
66 74 0.7
72 77 0.3
73 74 0.1
75 78 0.1
