30 120 edge_degree 4.0
0 29 0.9
0 21 0.5
0 26 0.1
0 4 0.3
0 9 0.3
0 10 0.7
0 12 0.1
0 18 0.9
0 11 0.3
1 18 0.3
1 4 0.1
1 19 0.7
1 12 0.5
1 7 0.5
1 6 0.5
1 27 0.5
1 20 0.7
1 21 0.7
2 19 0.3
2 24 0.1
2 3 0.5
2 11 0.9
2 25 0.5
3 11 0.3
3 18 0.7
3 27 0.1
3 17 0.5
3 12 0.9
4 17 0.7
4 27 0.7
4 28 0.7
4 22 0.3
4 11 0.7
4 20 0.5
4 9 0.9
5 24 0.1
5 22 0.5
5 10 0.7
5 11 0.9
6 7 0.9
6 15 0.1
6 20 0.9
7 18 0.1
7 20 0.9
7 29 0.7
7 16 0.5
7 8 0.5
7 26 0.9
8 17 0.9
8 27 0.7
8 21 0.9
8 9 0.9
8 16 0.9
8 19 0.5
8 22 0.1
8 20 0.1
9 24 0.9
9 13 0.7
9 17 0.1
9 14 0.9
9 25 0.3
10 28 0.3
10 17 0.9
10 18 0.7
10 20 0.9
10 24 0.9
10 19 0.7
10 21 0.1
11 29 0.9
11 17 0.7
11 14 0.5
11 19 0.9
11 27 0.1
12 20 0.7
12 23 0.7
12 28 0.7
12 18 0.1
12 16 0.3
13 29 0.9
13 24 0.1
13 18 0.7
13 28 0.5
13 20 0.7
13 25 0.7
13 21 0.9
14 29 0.3
14 27 0.1
14 25 0.5
15 19 0.3
15 26 0.7
15 22 0.7
15 17 0.1
15 27 0.3
15 20 0.9
15 23 0.9
16 29 0.3
16 26 0.9
17 26 0.5
17 19 0.1
18 20 0.3
18 25 0.3
18 28 0.7
18 26 0.3
18 22 0.9
18 19 0.3
19 21 0.3
19 24 0.5
19 25 0.7
20 27 0.9
20 22 0.3
20 25 0.7
21 29 0.9
21 23 0.9
22 25 0.7
22 27 0.9
22 23 0.3
23 29 0.9
24 26 0.9
27 28 0.7
28 29 0.7
