80 320 edge_degree 4.0
0 38 0.5
0 27 0.9
0 69 0.3
0 21 0.7
0 6 0.1
0 70 0.1
0 9 0.9
1 73 0.5
1 78 0.3
1 66 0.1
1 32 0.5
1 29 0.7
1 61 0.5
1 58 0.9
2 51 0.7
2 41 0.9
2 38 0.5
2 77 0.1
2 33 0.7
2 35 0.1
2 4 0.1
2 61 0.3
3 33 0.1
3 58 0.1
3 56 0.3
3 79 0.9
3 54 0.1
3 51 0.7
3 22 0.7
4 41 0.5
4 62 0.1
4 10 0.5
4 26 0.9
4 27 0.3
4 77 0.9
4 25 0.3
4 51 0.1
4 33 0.3
4 23 0.9
5 33 0.7
5 10 0.7
5 45 0.9
5 46 0.9
5 77 0.9
5 63 0.9
5 50 0.1
5 17 0.1
6 40 0.7
6 25 0.9
6 16 0.9
7 28 0.9
7 29 0.1
7 21 0.5
7 34 0.7
7 36 0.7
7 49 0.7
7 20 0.9
8 11 0.7
8 52 0.9
8 25 0.1
8 58 0.3
8 77 0.9
8 38 0.5
8 48 0.5
8 63 0.1
9 37 0.7
9 63 0.5
9 10 0.3
9 14 0.3
9 66 0.1
9 11 0.1
9 73 0.5
9 43 0.5
9 19 0.7
10 36 0.5
10 46 0.3
10 55 0.7
10 40 0.5
10 16 0.3
10 20 0.1
10 30 0.7
10 22 0.3
11 77 0.3
11 70 0.1
11 49 0.9
11 67 0.5
11 39 0.3
11 65 0.1
11 21 0.9
11 79 0.7
12 41 0.9
12 56 0.1
12 51 0.3
12 45 0.3
12 20 0.1
12 14 0.7
13 50 0.7
13 22 0.1
13 24 0.7
13 40 0.7
13 25 0.1
14 26 0.1
14 72 0.5
14 32 0.1
14 76 0.3
14 69 0.7
14 22 0.3
14 77 0.9
14 39 0.3
14 43 0.3
15 42 0.3
15 67 0.9
15 54 0.9
15 39 0.9
15 34 0.3
16 79 0.1
16 36 0.7
17 32 0.7
17 43 0.1
17 77 0.7
17 50 0.5
18 25 0.1
18 41 0.7
18 32 0.5
18 77 0.5
18 27 0.1
19 61 0.7
19 41 0.7
19 76 0.7
19 22 0.9
19 65 0.3
19 30 0.9
19 53 0.5
19 64 0.5
19 52 0.7
19 38 0.5
19 45 0.1
20 57 0.5
20 42 0.1
20 27 0.3
20 77 0.1
20 47 0.1
20 23 0.9
20 50 0.7
20 21 0.7
20 46 0.9
21 39 0.7
21 58 0.7
21 73 0.7
21 59 0.5
21 71 0.3
21 42 0.3
21 27 0.1
22 31 0.5
22 37 0.7
22 79 0.3
22 51 0.9
22 41 0.5
22 78 0.1
22 43 0.7
22 52 0.9
22 27 0.3
23 35 0.9
23 29 0.9
23 69 0.5
23 68 0.3
23 26 0.3
24 34 0.3
24 52 0.5
24 79 0.7
24 63 0.1
24 35 0.5
24 73 0.5
25 56 0.7
25 71 0.7
25 61 0.1
25 30 0.3
25 73 0.1
26 54 0.3
26 29 0.5
26 55 0.9
26 48 0.3
26 36 0.5
26 79 0.3
26 72 0.7
27 33 0.7
27 54 0.7
27 34 0.9
27 38 0.7
27 32 0.5
27 63 0.7
28 53 0.3
28 70 0.7
28 61 0.5
28 39 0.7
28 79 0.9
28 37 0.1
29 39 0.9
29 62 0.7
29 47 0.1
29 70 0.9
30 38 0.9
30 78 0.9
30 62 0.5
30 46 0.5
31 64 0.1
31 74 0.5
31 56 0.7
31 67 0.7
31 52 0.9
31 76 0.7
31 46 0.7
31 66 0.7
32 77 0.1
32 65 0.1
32 74 0.3
32 35 0.7
33 53 0.7
33 43 0.3
33 61 0.9
33 77 0.9
33 63 0.7
35 46 0.3
35 60 0.1
35 59 0.7
35 74 0.7
35 79 0.1
35 55 0.9
36 55 0.5
36 41 0.5
36 47 0.1
36 56 0.5
37 70 0.3
37 47 0.5
37 73 0.5
37 56 0.7
37 52 0.3
37 43 0.9
37 45 0.1
37 40 0.9
38 44 0.7
38 61 0.7
38 79 0.1
38 51 0.9
38 71 0.1
39 65 0.5
39 49 0.1
39 72 0.9
39 45 0.5
39 75 0.5
40 60 0.1
40 78 0.9
40 51 0.3
41 75 0.3
41 63 0.9
41 68 0.9
41 67 0.3
41 55 0.3
41 52 0.5
41 69 0.1
42 71 0.7
42 47 0.1
42 52 0.9
42 77 0.3
43 49 0.7
43 60 0.5
43 50 0.9
43 61 0.5
44 79 0.5
44 77 0.7
45 55 0.9
45 60 0.9
46 79 0.5
46 76 0.5
46 78 0.1
46 71 0.1
46 55 0.3
46 49 0.1
48 76 0.3
48 50 0.1
48 57 0.7
49 51 0.3
49 77 0.1
50 56 0.9
50 68 0.5
51 72 0.7
51 76 0.5
51 64 0.1
52 79 0.5
52 56 0.9
52 75 0.3
52 76 0.3
53 67 0.3
53 56 0.1
54 76 0.3
55 65 0.9
56 64 0.7
57 67 0.3
58 69 0.3
58 71 0.9
59 69 0.3
60 72 0.3
60 67 0.3
60 79 0.7
61 67 0.9
61 64 0.7
61 76 0.1
62 69 0.5
62 71 0.1
62 76 0.5
63 74 0.3
63 69 0.9
64 65 0.7
66 68 0.9
66 69 0.9
67 75 0.1
68 70 0.5
72 74 0.3
74 79 0.5
78 79 0.5
