30 66 edge_degree 2.2
0 16 0.7
0 23 0.9
0 27 0.5
0 6 0.5
0 9 0.3
0 19 0.5
0 12 0.3
0 26 0.1
1 20 0.9
1 8 0.5
1 14 0.1
2 25 0.3
2 10 0.9
3 11 0.1
3 17 0.5
3 24 0.5
3 18 0.7
4 19 0.5
4 8 0.9
5 28 0.9
5 8 0.7
5 24 0.1
5 27 0.5
5 9 0.7
5 6 0.9
5 29 0.1
5 10 0.9
5 22 0.7
6 13 0.5
6 24 0.3
6 10 0.1
6 22 0.7
6 19 0.3
7 24 0.3
7 12 0.7
7 18 0.1
7 29 0.5
8 19 0.1
8 16 0.1
9 26 0.3
9 11 0.3
9 27 0.3
11 23 0.9
11 13 0.3
11 27 0.3
11 16 0.1
11 28 0.1
11 25 0.3
12 24 0.9
12 28 0.7
12 18 0.3
14 26 0.7
14 19 0.1
14 24 0.1
15 27 0.7
15 22 0.9
17 28 0.7
17 25 0.9
18 19 0.3
20 29 0.9
20 21 0.7
21 22 0.1
22 25 0.1
23 26 0.3
23 24 0.3
27 29 0.7
