30 84 edge_degree 2.8
0 28 0.963577861749924
0 22 0.4585897031448235
0 10 0.6307285192475208
0 23 0.4320055080387456
0 29 0.08364458768350114
0 15 0.3656596208995926
0 7 0.9479092268346239
0 12 0.7031198979617393
1 15 0.20409482097938614
1 9 0.11840191217003226
2 24 0.061930591009989544
2 11 0.5936606634123471
3 8 0.6618667507301764
3 15 0.8631463312810799
3 28 0.10859339382638811
3 5 0.15869659025165017
3 23 0.16902188528491524
3 16 0.596381097107442
4 18 0.07914743100125365
4 25 0.32033653775333926
5 11 0.8810475274892454
5 24 0.2560462619999473
5 20 0.09314774579458596
5 16 0.0009020448922515412
6 25 0.6099986490331554
6 13 0.27939505447095414
6 21 0.12173969508143367
6 24 0.4774396898744203
6 17 0.5165493198282645
7 18 0.0001516768959919368
7 16 0.7916361470559466
7 11 0.9808139171557585
7 21 0.6202611328868702
7 24 0.02022276509424903
7 23 0.9236499007613115
7 12 0.9188255848645477
8 14 0.6756772777814851
8 29 0.7914361932063537
9 14 0.4293348875539107
9 27 0.08724890957876352
10 28 0.06751848475943534
11 12 0.6048201573674871
11 16 0.9496352192200911
11 14 0.11743979947352867
12 20 0.2928899449203697
12 26 0.24260779697835855
12 21 0.2659731383891357
12 16 0.3475866956011181
12 25 0.7810377464477467
12 18 0.718878887709184
13 19 0.7752196426676776
13 26 0.27759119973720636
13 16 0.9780597366789663
13 21 0.5511463842974402
14 15 0.033872143142397615
14 24 0.18280838339927985
14 21 0.7717428244013029
15 24 0.08102911757809506
15 17 0.9770594369909921
15 27 0.04211051997109139
15 23 0.604657581651545
16 29 0.8362046387352936
16 26 0.22653184615388045
16 23 0.9749969427148129
16 24 0.06283647905598477
17 20 0.2549860142043514
17 29 0.8988952885883063
17 28 0.8465745696494983
17 27 0.05805477760999056
17 21 0.7373250502099877
18 28 0.31981553939605967
18 27 0.9003389214424982
18 19 0.79174508271637
19 23 0.5771378151758813
20 29 0.4598042988936749
20 23 0.546277249006767
21 23 0.9097173145867822
22 23 0.11082416491764313
22 24 0.46700369965029465
22 27 0.15515849875569643
23 25 0.4249440019625099
25 27 0.6544977061943841
26 29 0.6913700040769587
26 28 0.5427410935659462
