30 84 edge_degree 2.8
0 27 0.7324018039387287
0 7 0.6030161427493036
0 23 0.06469072584599111
0 21 0.18621283643319742
0 2 0.657604094638828
1 2 0.6962190378695691
1 19 0.3304525748037703
1 28 0.02145373499041503
1 3 0.4671600326885974
1 8 0.4568942368857397
1 23 0.34025768796445266
2 11 0.2052122943841489
2 25 0.24431289016235436
2 3 0.6169675630460276
3 29 0.9893561727635068
4 5 0.8956323245933518
4 27 0.4775396368693282
5 26 0.516649943843957
5 13 0.6719061754004295
5 17 0.1041968776750769
5 7 0.8301359424612619
5 10 0.7038985242070493
5 28 0.4959529678199316
5 14 0.9834198324103632
6 19 0.9533726763016805
6 15 0.008312431044609325
6 23 0.7595914356601552
6 26 0.7832058290453141
7 16 0.40081943898250516
7 10 0.6761137091798085
7 18 0.8560880114877838
7 8 0.3519035392814137
8 9 0.9675631323383562
8 16 0.36020052829235627
8 15 0.35179995658998964
8 19 0.12494637052958313
9 15 0.5762148508954309
9 25 0.08979706803603205
9 23 0.3819208707237486
10 29 0.27923399521090375
10 26 0.2639809807846578
11 17 0.9913307529834888
11 14 0.0853828697054465
11 16 0.04377021449510621
11 25 0.13040152300943342
11 18 0.4003262152050906
11 27 0.15114506520141113
11 21 0.6171013190627324
12 20 0.8887602040852142
12 29 0.5875245870252531
12 24 0.5692486409765766
13 28 0.884304755525998
13 23 0.1370942310367057
13 18 0.21526795038904256
14 29 0.05333735193214206
14 25 0.11676322279342255
14 20 0.763204787640587
14 28 0.8989894684394855
14 23 0.8093232685866125
15 29 0.020120737644811593
15 21 0.16309778546496767
16 27 0.6562583885304428
16 28 0.09101893300141772
16 29 0.3915452346651952
16 17 0.8685186207151977
16 24 0.6987588447469201
17 21 0.28157659399247204
17 29 0.9545916300098659
18 21 0.9392293812916978
18 23 0.34541368415550644
18 20 0.2572672838515312
19 20 0.8451734967691129
19 28 0.9077281126297071
21 27 0.787027769338989
21 29 0.8564713916777384
21 28 0.03985780845487952
22 23 0.11488156415598638
22 26 0.8365464697353651
22 24 0.6436418727158751
23 25 0.21414037688723453
24 29 0.5071850489693553
25 26 0.18405241685181029
26 29 0.6284334631222063
28 29 0.18563384743621203
