30 84 edge_degree 2.8
0 29 0.22162942444162592
0 21 0.7677900229732328
0 26 0.5585296579108969
0 4 0.37019621653305956
0 9 0.3768343718069582
1 18 0.38410977118452216
1 4 0.24644262313833687
1 19 0.4135169413892349
1 12 0.185438374976711
1 7 0.1254504054557577
1 6 0.6287394072858735
1 27 0.8726398814677223
2 19 0.8925322893195211
2 24 0.17606891415261738
2 3 0.5534780730928355
2 11 0.08812077187160416
2 25 0.8451925883334077
3 11 0.0001656336531907776
3 18 0.9873373126382339
3 27 0.600964690749649
3 17 0.13308861089543733
4 17 0.9215927682518171
4 27 0.09338554662889265
4 28 0.6112852986961981
4 22 0.18147660879231886
4 11 0.9811765673695434
5 24 0.9438583370747121
5 22 0.10930529691587443
6 7 0.4014481071309707
6 15 0.6122523126623184
6 20 0.8581378341692111
7 18 0.7988867908510099
7 20 0.6692263049115376
8 17 0.27520803828740126
8 27 0.1824721568295592
8 21 0.21552634658775305
8 9 0.4842891742231389
8 16 0.12458808741955074
8 19 0.32155292878595143
9 24 0.5503183661834543
9 13 0.2796088891134999
10 28 0.9629692224497924
10 17 0.7815084574639337
11 29 0.6594641556068922
11 17 0.36765821763779005
12 20 0.14245100224760432
12 23 0.9799550639134488
12 28 0.9526438825408207
12 18 0.11128024181500507
12 16 0.16984878467644504
13 29 0.008772393350082952
13 24 0.3046903054048613
13 18 0.22704118026554376
13 28 0.31939295123509936
13 20 0.9280819277937858
14 29 0.4564609235904076
14 27 0.2312839242320569
15 19 0.021795651612835143
15 26 0.009766297790280154
15 22 0.41662979771058894
15 17 0.7874624400082345
15 27 0.7713456725460889
15 20 0.6355758351556893
16 29 0.20354663741907664
16 26 0.2323696568195085
17 26 0.9968600131226438
17 19 0.4522170010562653
18 20 0.05303084290019011
18 25 0.6381493485371745
18 28 0.3928039917761005
18 26 0.9250044561528931
18 22 0.9803626321189118
19 21 0.21129134723384568
19 24 0.12198184917303534
19 25 0.6171985860801259
20 27 0.906221650376259
20 22 0.7485775335637952
21 29 0.36656489551794313
22 25 0.6501277722805091
22 27 0.8183195522754044
22 23 0.8189998317929044
23 29 0.5243041676872252
27 28 0.17018527681110363
28 29 0.1029232382467733
