30 84 edge_degree 2.8
0 2 0.6720691806831478
0 29 0.4649237743908502
0 1 0.6119427145294565
0 10 0.7841178942821748
0 18 0.44570819983184407
1 7 0.9149868903964348
1 25 0.7436055722058854
1 2 0.3077078687011544
1 26 0.002601966154813451
1 11 0.08735248822886477
1 3 0.6425038887808054
2 4 0.760424776288743
2 11 0.44083573441042223
2 8 0.47902950899239793
2 13 0.2649220820713033
2 28 0.022692206643222024
2 26 0.02808805819592064
3 23 0.8259715378236085
3 26 0.6109349426538049
3 10 0.11164861066569942
3 14 0.8479199880050896
4 10 0.6545586618824425
4 24 0.6190236134192736
4 8 0.35595900376695644
4 19 0.0781063792732779
5 24 0.7819523471844297
5 6 0.04671830715108427
5 7 0.6036307759590442
5 14 0.45893076197308025
5 11 0.9889439774191338
5 29 0.07859491563159626
5 10 0.4787009036505734
5 23 0.07047586816502238
6 8 0.5707126260989478
6 13 0.4292092015284873
6 21 0.6876908022560565
6 29 0.5665181865451666
6 28 0.09310250861893121
7 9 5.721996940000196e-05
7 15 0.15258561049622654
7 22 0.22095230558381007
7 27 0.4401071675886432
8 11 0.5063675011081322
8 25 0.8307808321360658
8 26 0.9224655529510745
8 16 0.059007247542885555
8 14 0.6403559049760051
8 24 0.4458106269497789
9 29 0.19962855673088564
9 26 0.19866829382856455
9 18 0.1274391795280585
9 27 0.6736921513418446
9 13 0.8717898069766031
9 14 0.12212232036943194
9 23 0.25597902995770383
9 10 0.21344377577532136
9 19 0.7802140937987756
10 21 0.7484319959630888
10 18 0.2825718877301042
11 22 0.5608150727849116
11 25 0.6774134586630343
12 15 0.39864779909283565
12 17 0.7152692364193338
12 16 0.16935053444837866
12 19 0.47076810454088514
13 19 0.3393128452120352
13 23 0.013341592844874572
13 20 0.5484961229530941
14 20 0.5155631278282814
15 22 0.7568708079004971
16 17 0.27696244379331925
16 24 0.20057695246151286
17 27 0.2457198741733888
17 20 0.7325584764364051
18 19 0.9410335456487534
19 27 0.16068743955077291
19 21 0.04287673634750777
20 26 0.2380685688530746
20 27 0.035818710849365276
22 28 0.8866450018707336
23 27 0.8560084028029589
24 25 0.21162319625749837
26 29 0.061472943683790304
27 28 0.6569193360158331
