30 84 edge_degree 2.8
0 16 0.9969933150773226
0 23 0.9868635459894691
0 27 0.2957655317032878
0 6 0.3953611059797305
0 9 0.46759613521062315
0 19 0.43808388846690016
0 12 0.5931236784553365
0 26 0.7987385784837767
1 20 0.9912981149812878
1 8 0.35945402541092
1 14 0.1128226835666637
1 13 0.587756932786054
1 23 0.7980840965664402
2 25 0.2791796417031731
2 10 0.26146974839637216
2 6 0.5646099380913457
2 17 0.5380213807347225
2 20 0.5472142801854438
2 19 0.17484425922248426
3 11 0.318111485469752
3 17 0.4583674398592311
3 24 0.8723703954740092
3 18 0.7698502718381034
4 19 0.311943722969812
4 8 0.47100233898464194
4 29 0.8580574533699029
4 23 0.4224316839957011
5 28 0.05838995774186284
5 8 0.2200879521214072
5 24 0.18868712858811898
5 27 0.24318884279050101
5 9 0.22752993565806534
5 6 0.9534796470236614
5 29 0.9640658053569096
5 10 0.13822760378002208
5 22 0.5001180747010111
5 25 0.0629824204635504
5 15 0.03941003367344964
6 13 0.28092244261131527
6 24 0.1386888644381593
6 10 0.8005882297766305
6 22 0.1538241370917498
6 19 0.030339104389532023
7 24 0.03741196076153963
7 12 0.00387943891422482
7 18 0.3352280940749155
7 29 0.8430500692845799
8 19 0.7568574026946822
8 16 0.24872995862982594
8 10 0.3358989003804763
9 26 0.5356591705481357
9 11 0.8685637955993102
9 27 0.5358492703256568
9 21 0.08976366488343535
9 10 0.41060522792304643
9 22 0.5931852639731838
10 16 0.8253126471440475
11 23 0.9694280199868056
11 13 0.5378254754109548
11 27 0.49653601588907037
11 16 0.4518584428734014
11 28 0.457667649459084
11 25 0.7000316554539615
11 19 0.3057847427357252
12 24 0.984901050416433
12 28 0.26458824123943614
12 18 0.15495817135521672
14 26 0.48414677981704435
14 19 0.10504512289396861
14 24 0.8123593662913324
15 27 0.8823486196256413
15 22 0.6134064160750511
17 28 0.9316345608000834
17 25 0.6058399753774221
17 29 0.3201202330682723
18 19 0.7991515013010078
20 29 0.5791821643627173
20 21 0.5285041383349275
21 22 0.5404070983394371
22 25 0.9531533192268269
22 29 0.057162619252769664
23 26 0.006767867643785341
23 24 0.34951064459004566
27 29 0.17964484885337695
