80 160 Varying K 11
0 57 0.3
0 49 0.7
0 68 0.5
1 69 0.1
1 25 0.9
1 35 0.1
1 16 0.9
1 78 0.1
1 11 0.9
2 3 0.1
2 37 0.3
2 57 0.1
2 55 0.1
2 28 0.5
2 63 0.9
2 20 0.9
3 49 0.9
3 40 0.9
3 54 0.3
3 60 0.9
3 29 0.5
3 39 0.1
3 67 0.7
4 61 0.5
4 32 0.9
4 20 0.5
4 71 0.1
4 65 0.9
5 39 0.1
5 8 0.3
5 52 0.3
5 37 0.7
5 24 0.1
6 39 0.7
7 61 0.9
7 38 0.3
8 32 0.5
8 37 0.9
9 10 0.5
9 48 0.3
10 17 0.7
10 34 0.3
11 47 0.9
11 70 0.5
12 62 0.3
12 23 0.3
12 44 0.5
12 48 0.1
13 75 0.9
13 20 0.7
13 33 0.7
13 49 0.9
13 41 0.3
13 35 0.5
14 79 0.9
14 60 0.5
14 37 0.3
14 43 0.3
14 58 0.9
14 52 0.7
14 57 0.1
15 63 0.9
15 37 0.1
16 65 0.7
16 27 0.3
16 18 0.7
17 72 0.3
17 62 0.5
18 50 0.3
20 21 0.1
20 53 0.7
21 34 0.3
21 79 0.7
22 53 0.3
22 70 0.1
23 74 0.7
23 44 0.5
24 38 0.3
24 53 0.5
24 63 0.5
25 70 0.1
25 48 0.9
25 41 0.7
26 48 0.1
26 54 0.3
26 77 0.5
26 73 0.3
27 48 0.5
27 75 0.3
27 34 0.1
27 68 0.3
28 67 0.3
28 58 0.5
28 66 0.1
28 57 0.5
28 72 0.3
29 34 0.7
29 70 0.7
29 44 0.9
29 64 0.1
29 51 0.7
30 68 0.7
30 77 0.1
30 75 0.7
31 51 0.5
31 34 0.3
32 67 0.7
32 65 0.3
32 72 0.1
32 47 0.9
34 58 0.3
34 42 0.9
36 75 0.7
36 51 0.7
37 58 0.5
37 64 0.3
37 46 0.1
38 39 0.9
41 63 0.1
41 54 0.9
41 78 0.9
42 64 0.7
42 78 0.9
43 49 0.7
43 54 0.5
44 65 0.9
44 53 0.3
44 70 0.9
45 73 0.7
45 62 0.9
46 70 0.1
46 72 0.5
47 62 0.9
50 75 0.1
50 66 0.3
50 74 0.9
50 73 0.9
52 64 0.9
53 71 0.7
54 64 0.5
54 69 0.1
55 77 0.5
55 75 0.1
56 63 0.9
56 65 0.3
57 60 0.5
57 64 0.5
58 76 0.1
58 72 0.3
62 68 0.5
63 64 0.3
64 76 0.9
66 71 0.3
68 72 0.1
69 70 0.9
69 79 0.7
70 77 0.7
70 74 0.9
70 73 0.5
75 78 0.1
