80 160 Varying K 11
0 49 0.9
0 4 0.9
0 67 0.7
0 9 0.9
1 24 0.7
2 5 0.5
2 71 0.9
2 12 0.9
2 74 0.3
2 46 0.5
2 39 0.9
2 25 0.3
3 46 0.7
3 22 0.1
3 31 0.9
3 8 0.1
3 39 0.5
3 13 0.1
3 66 0.5
3 36 0.7
3 79 0.1
4 74 0.5
4 34 0.7
4 54 0.7
4 32 0.5
4 65 0.1
4 19 0.3
4 11 0.5
5 75 0.5
5 77 0.9
5 60 0.5
6 73 0.9
6 75 0.7
7 11 0.3
7 13 0.7
7 26 0.9
7 46 0.7
7 17 0.1
7 57 0.3
8 53 0.7
9 43 0.1
9 56 0.7
9 28 0.5
9 12 0.5
10 46 0.3
10 14 0.3
10 32 0.1
10 78 0.5
10 54 0.7
11 40 0.9
11 65 0.9
12 21 0.9
12 61 0.7
12 52 0.9
13 29 0.9
13 30 0.7
13 27 0.5
13 39 0.9
14 36 0.5
14 20 0.7
14 73 0.9
15 66 0.1
15 32 0.5
16 20 0.3
16 57 0.7
16 37 0.5
17 65 0.3
17 66 0.5
17 59 0.7
18 43 0.1
18 47 0.5
18 69 0.7
19 31 0.1
19 79 0.1
20 55 0.3
20 57 0.1
20 29 0.3
21 39 0.5
21 67 0.1
21 41 0.7
22 71 0.5
22 41 0.5
22 46 0.9
22 45 0.5
23 57 0.7
23 66 0.9
23 29 0.1
23 74 0.1
24 62 0.9
26 39 0.7
26 55 0.3
26 59 0.5
27 77 0.3
27 48 0.3
28 62 0.1
28 60 0.3
29 30 0.7
29 58 0.1
29 31 0.9
29 75 0.5
31 67 0.5
31 34 0.1
32 77 0.1
32 47 0.3
32 46 0.3
33 51 0.3
33 70 0.5
34 78 0.5
34 75 0.3
34 61 0.9
35 62 0.7
35 54 0.1
37 47 0.1
37 63 0.5
37 50 0.5
38 64 0.5
39 61 0.1
39 68 0.1
39 47 0.5
40 59 0.1
41 65 0.7
42 50 0.3
43 62 0.3
44 72 0.3
44 78 0.5
44 50 0.1
45 46 0.9
45 65 0.5
45 58 0.5
46 65 0.7
46 75 0.7
46 79 0.9
46 78 0.7
47 69 0.3
47 50 0.3
48 54 0.7
49 52 0.7
50 65 0.7
50 62 0.5
51 59 0.5
52 75 0.9
52 62 0.7
53 67 0.1
53 77 0.1
53 62 0.5
54 65 0.9
56 64 0.3
57 70 0.3
58 59 0.3
58 71 0.5
61 67 0.7
62 65 0.1
62 76 0.1
63 64 0.3
64 78 0.5
65 71 0.3
66 71 0.7
66 74 0.9
73 74 0.5
75 78 0.5
