80 160 Varying K 11
0 76 0.7
0 47 0.9
0 44 0.3
1 27 0.7
1 57 0.9
1 74 0.5
2 38 0.1
2 32 0.1
2 70 0.1
2 40 0.5
3 59 0.7
3 34 0.5
4 37 0.3
4 30 0.3
4 7 0.7
4 39 0.7
4 53 0.3
4 47 0.1
5 23 0.5
5 60 0.3
6 31 0.7
6 20 0.9
6 17 0.5
7 22 0.7
7 53 0.7
8 33 0.5
8 43 0.5
8 46 0.7
9 20 0.5
9 75 0.3
10 19 0.1
10 76 0.3
10 53 0.9
11 55 0.9
11 69 0.3
11 62 0.1
11 77 0.7
12 38 0.7
13 69 0.7
13 59 0.5
13 52 0.7
13 48 0.5
14 20 0.3
14 18 0.9
14 40 0.7
14 70 0.9
15 31 0.7
16 26 0.5
16 72 0.1
16 45 0.1
17 79 0.5
17 25 0.5
18 21 0.3
18 46 0.9
18 53 0.1
18 37 0.1
18 66 0.7
18 20 0.5
18 41 0.5
19 47 0.1
20 25 0.1
20 76 0.9
21 55 0.7
21 66 0.3
21 67 0.3
21 78 0.9
21 28 0.1
22 39 0.5
22 63 0.7
22 43 0.7
22 57 0.9
23 49 0.3
23 26 0.5
23 40 0.9
23 43 0.1
23 79 0.9
23 28 0.5
23 61 0.9
24 70 0.5
25 69 0.1
25 49 0.7
25 79 0.3
25 46 0.3
26 27 0.7
26 43 0.7
26 30 0.9
28 63 0.7
31 48 0.1
31 73 0.5
32 79 0.1
32 67 0.7
32 58 0.1
32 41 0.5
32 53 0.5
33 37 0.3
33 76 0.5
34 65 0.5
35 52 0.1
35 43 0.7
35 37 0.9
35 62 0.1
35 59 0.7
35 44 0.5
36 64 0.7
36 61 0.5
37 40 0.1
37 69 0.7
37 74 0.9
37 61 0.3
38 42 0.9
38 53 0.1
38 63 0.5
39 45 0.1
39 61 0.7
39 40 0.5
39 62 0.1
40 61 0.7
41 72 0.1
42 63 0.9
42 46 0.9
43 65 0.3
44 59 0.5
44 76 0.5
44 45 0.3
44 52 0.9
44 51 0.1
45 67 0.7
45 51 0.5
45 65 0.1
45 75 0.1
46 53 0.5
46 71 0.5
47 60 0.9
47 75 0.7
47 59 0.1
48 74 0.9
48 68 0.3
48 78 0.5
48 76 0.9
48 72 0.1
48 49 0.3
51 68 0.5
51 60 0.1
52 53 0.5
54 55 0.3
56 79 0.9
56 75 0.9
58 79 0.9
58 62 0.3
60 61 0.9
60 70 0.3
61 72 0.7
64 70 0.9
65 78 0.9
66 74 0.1
68 72 0.5
69 78 0.9
70 79 0.3
70 78 0.9
75 77 0.9
