30 105 edge_degree 3.5
0 28 0.015086688226500389
0 22 0.6246085449049025
0 10 0.5348309616931198
0 23 0.9689278080716235
0 29 0.4573084985005271
0 15 0.5007623840453107
0 7 0.9080296220855224
0 12 0.23461384407374164
0 11 0.015730879244368667
0 25 0.2820182436386417
0 27 0.9924379949162065
0 14 0.2450694447585562
1 15 0.36574025096671237
1 9 0.9872042359439838
1 13 0.49667037450313656
1 8 0.7404926031841761
2 24 0.2065796381941919
2 11 0.21325446713066953
2 27 0.29378893727868716
2 9 0.29475740394314587
3 8 0.726352763736523
3 15 0.7065082120623358
3 28 0.30372060748273433
3 5 0.6233892311140125
3 23 0.9900949381006182
3 16 0.52353481692384
4 18 0.619843347766831
4 25 0.2034089992512227
5 11 0.05216076393390201
5 24 0.4247994083876413
5 20 0.7875424235916463
5 16 0.880771478357499
5 17 0.62808138686242
5 18 0.5167564744914274
6 25 0.1610210579930278
6 13 0.4336805588286827
6 21 0.8229543855907245
6 24 0.56653671713434
6 17 0.08190481157166274
7 18 0.8678956169413128
7 16 0.6817329997885099
7 11 0.0033452583714213002
7 21 0.028596919113554442
7 24 0.4140716186540857
7 23 0.1521265735148618
7 12 0.4306670895997804
7 20 0.4633343446837934
7 8 0.17250420135845923
8 14 0.8372592077037002
8 29 0.4015533398538734
8 16 0.055335390399651296
9 14 0.9903990665374093
9 27 0.6516616221317213
10 28 0.08320285977871589
10 19 0.9427822478829129
11 12 0.42550463094534674
11 16 0.12150536382562482
11 14 0.9838604716581555
11 18 0.18034820086392556
11 13 0.3492047239832202
12 20 0.35846815882930416
12 26 0.43194783495890066
12 21 0.352004233483439
12 16 0.9711686965209124
12 25 0.5639885983436377
12 18 0.586355731169798
13 19 0.2592544862693973
13 26 0.42108274867478346
13 16 0.5189581671990587
13 21 0.7265997763639038
14 15 0.6004534585257703
14 24 0.08720345824136955
14 21 0.7308836872653574
14 19 0.6864266430818999
15 24 0.9630977059584637
15 17 0.2535998405524057
15 27 0.8820155450003947
15 23 0.39796662859239507
15 26 0.8599104610193968
16 29 0.07500189212487807
16 26 0.7572573421892139
16 23 0.8987604891679628
16 24 0.6041938314898369
17 20 0.8597629127594906
17 29 0.38143696514085956
17 28 0.8439784093614068
17 27 0.21931448348631388
17 21 0.7944192633329191
17 25 0.051940740946945896
18 28 0.7301517897179228
18 27 0.7222876460620263
18 19 0.8563310045971869
19 23 0.7925810691183421
19 25 0.955162503162984
20 29 0.409949761053101
20 23 0.4102912462203774
21 23 0.5467421495283474
21 26 0.9183076593062832
22 23 0.2481500705197569
22 24 0.4262085606258308
22 27 0.3993513351632384
23 25 0.40099739190626293
25 27 0.10800704014473328
26 29 0.8483945750767333
26 28 0.5306853775732309
