80 280 edge_degree 3.5
0 49 0.9722531502438382
0 4 0.6900239952947149
0 67 0.7930008790831812
0 9 0.8096650606571822
0 44 0.9000863827921648
0 59 0.6728394958729613
1 24 0.0192746988757323
1 40 0.7477212322293901
1 17 0.7683738762103989
1 19 0.6065219449537025
1 55 0.0016757090847265843
2 5 0.05964418908386104
2 71 0.19074811959283178
2 12 0.4027728603273567
2 74 0.7008427891985318
2 46 0.937510318413297
2 39 0.44322389125049055
2 25 0.22129519271702136
3 46 0.9841600015888163
3 22 0.8875689346511181
3 31 0.8282345439343739
3 8 0.7703232039039745
3 39 0.40447343082759624
3 13 0.03413541275177401
3 66 0.4614825424750181
3 36 0.5524778123797041
3 79 0.6099566251823616
3 56 0.10799932035909054
3 10 0.1163989202818585
4 74 0.7337297485002441
4 34 0.9676752145889579
4 54 0.007612474807947911
4 32 0.7266283114601327
4 65 0.9095025947960256
4 19 0.7314662032002326
4 11 0.0805652199630893
4 46 0.759741829120727
5 75 0.36685328093831815
5 77 0.4647940751744455
5 60 0.8964580629211463
5 39 0.7674782143478703
5 43 0.8207985818328657
6 73 0.6218093220159485
6 75 0.12140779550801517
6 65 0.14421794536947763
6 20 0.10866293565684648
7 11 0.6290227251473518
7 13 0.07994189716397626
7 26 0.6798675011438968
7 46 0.5440128672296294
7 17 0.7479071168935518
7 57 0.7913749790929194
7 14 0.354732416273712
7 18 0.5329176225119897
8 53 0.9526474350229128
8 75 0.6274089474960881
8 22 0.3138820697215603
9 43 0.35152171089292583
9 56 0.5557138026977926
9 28 0.12570141192017048
9 12 0.02597691507654243
9 26 0.09056932390195005
9 38 0.5817593513178753
9 42 0.9857046619457661
9 79 0.38029968524391555
9 45 0.5288180470988169
10 46 0.7171189198509423
10 14 0.3073187314232544
10 32 0.4479009251877458
10 78 0.20488888913903402
10 54 0.18596237952221706
10 42 0.4932721286192304
11 40 0.6824280160838544
11 65 0.9074920909827643
11 66 0.8631552865709831
11 64 0.27189612961407084
11 61 0.5702486261415631
11 43 0.9855974152411779
12 21 0.966397544290623
12 61 0.6272574874745795
12 52 0.05984602850784071
12 54 0.5032303481266054
12 49 0.5498587025186736
12 20 0.7750773540821859
12 63 0.026079113949848742
13 29 0.0724723379147999
13 30 0.8103112289359857
13 27 0.8647385870575293
13 39 0.5000302280430755
14 36 0.12072006656387624
14 20 0.20289072646693096
14 73 0.8476895963927074
14 48 0.7896980610398778
15 66 0.515154212830985
15 32 0.3521858838213483
16 20 0.8455377172940199
16 57 0.6985069814442705
16 37 0.27209236183750574
16 48 0.5070204631068418
17 65 0.5951863131565052
17 66 0.3304063680550178
17 59 0.6278445763741531
17 32 0.16783226236582305
17 63 0.9931308654667409
18 43 0.8488248791466732
18 47 0.5830018428934803
18 69 0.6200034299000802
18 59 0.8097987135927357
18 26 0.13421116194560556
18 53 0.48751529298863805
19 31 0.8192351797525396
19 79 0.044023439520221475
19 69 0.8023105958914518
19 67 0.04764986009481742
19 46 0.4781782232749614
20 55 0.2851117240010538
20 57 0.3818864651191183
20 29 0.22719300618093252
20 59 0.6230227705732098
21 39 0.47952423807378075
21 67 0.8496684850881779
21 41 0.4955237006624219
21 32 0.29654828362388075
21 63 0.5878723021514134
21 44 0.783216056983988
22 71 0.378638329428884
22 41 0.01699385321878588
22 46 0.4266387881256346
22 45 0.5590553039194854
22 67 0.838122424460748
22 59 0.28164443368297354
22 51 0.6974115897282459
22 33 0.629604349317561
23 57 0.3065573144444107
23 66 0.9421172243558281
23 29 0.7626004777655311
23 74 0.39483133872275133
23 50 0.39646724757917484
23 45 0.4234057233523705
23 40 0.4632198352646484
24 62 0.7717193664486239
24 79 0.45282419017732056
24 74 0.9352797217703493
24 47 0.2751563337747367
24 31 0.6872310948565581
25 71 0.07161317899251185
25 40 0.8983228594787601
26 39 0.6775566824069825
26 55 0.8310818732113807
26 59 0.7671544033816574
26 65 0.4076148596999857
27 77 0.3861247881736941
27 48 0.8314371218384047
27 51 0.6591956596535629
27 49 0.7845628722745753
27 46 0.6349654964960555
27 56 0.40616916275946324
28 62 0.3038624682171236
28 60 0.7717346455810504
28 68 0.8723965500951409
29 30 0.7508896080139764
29 58 0.2898566889301516
29 31 0.3825507205350335
29 75 0.04416196746601497
29 49 0.6128569000076322
29 71 0.40840567004119466
29 34 0.3146820751920397
30 51 0.5281218557460188
30 60 0.6754141582991431
30 76 0.7820135015430068
30 78 0.030712403362071816
31 67 0.46717172045634614
31 34 0.38379175403951304
31 65 0.3552423012391702
32 77 0.07042212176222717
32 47 0.6473895739457621
32 46 0.3654166510968929
32 51 0.21111022560896764
32 61 0.876094670958187
32 42 0.37134135521603084
33 51 0.37483966653930834
33 70 0.9573797551339908
33 40 0.12279010745900976
34 78 0.5272152547167102
34 75 0.016667727188810155
34 61 0.3299501488564831
34 58 0.7808690709198548
34 41 0.1936658288519567
35 62 0.3502807772215156
35 54 0.457635040148475
35 61 0.8720411210302824
35 75 0.24193144003562783
35 66 0.0977705091903498
35 76 0.6755635416442626
36 71 0.8315790630479001
36 60 0.238804410340427
37 47 0.1858787317223507
37 63 0.9528762628023048
37 50 0.26063433776560574
37 59 0.5154324907462713
37 56 0.20401171766361437
37 68 0.9701652604860068
38 64 0.16637131882754774
38 42 0.39013255891192067
39 61 0.4043559715232322
39 68 0.012896496133141033
39 47 0.3817837804524161
39 50 0.9667458874805237
40 59 0.11230904881050419
40 45 0.1848198121257807
41 65 0.40439324691181644
41 51 0.04604003115753219
41 69 0.2837596685449061
42 50 0.5668056893832448
42 56 0.38001384174995134
42 66 0.1776569191331273
42 62 0.9176621881428552
43 62 0.6133653673248766
43 51 0.9039677235761834
44 72 0.7221571726640006
44 78 0.03770200685606517
44 50 0.5878835189583089
45 46 0.2105906503797561
45 65 0.946741835865537
45 58 0.9561375119293334
45 73 0.29132951419355413
45 56 0.06771973596592151
46 65 0.9116618561878578
46 75 0.07558528581803314
46 79 0.498300564837716
46 78 0.6954367080618165
46 70 0.17472923004620922
46 58 0.014455471340070192
47 69 0.6329755905170716
47 50 0.7428546716779769
47 78 0.010024528630178664
48 54 0.17144225870777985
48 51 0.2936676812239343
48 63 0.7177340147000069
48 68 0.21234702363349323
48 70 0.7270467853364447
49 52 0.8798552099266489
49 76 0.3082318457695242
49 69 0.9571088128814441
50 65 0.2446566016177173
50 62 0.18314011965360755
50 76 0.21057422914013613
50 61 0.7134670237747363
51 59 0.6997472305349923
52 75 0.4435414575875317
52 62 0.248600448148118
52 60 0.8208333269441452
53 67 0.2291281064437718
53 77 0.9642046891651539
53 62 0.2576202736986002
54 65 0.03910973899712156
55 78 0.6313066860118655
56 64 0.9672905535326268
56 72 0.9028337802079597
57 70 0.5876596097308528
58 59 0.462650652829079
58 71 0.39128596028729246
58 64 0.39547107247378155
59 67 0.2998989666486387
61 67 0.2278658223385419
61 68 0.359546608927248
62 65 0.774219749579198
62 76 0.3351467046371899
62 78 0.6778362272043452
62 68 0.9837556392396876
63 64 0.734871515726356
64 78 0.5064304644201018
64 74 0.6895946503366609
65 71 0.33023474999479996
65 72 0.696133039418072
66 71 0.08616219557189642
66 74 0.897092880964983
72 77 0.030936521431656483
73 74 0.22454217789574105
75 78 0.7162488170103953
