80 280 edge_degree 3.5
0 9 0.41945213460671993
0 61 0.7567263166569712
0 62 0.9267510253458117
0 41 0.21930455814856764
0 71 0.8061818869841003
0 75 0.4532129703086244
0 3 0.7035126739334078
1 60 0.17973588527393947
1 8 0.8640601992058051
1 43 0.05704767705118052
1 61 0.06530059766429697
2 37 0.29601221156938484
2 40 0.7434899319350141
2 75 0.17761305303290276
2 7 0.4364031883196712
2 30 0.9636742352834219
2 31 0.6540365985317813
2 34 0.30250126022855817
3 34 0.4794484024955018
3 35 0.12807560167064036
3 13 0.013583226735459863
3 16 0.19567477403214195
3 22 0.6434483683866452
3 14 0.9889297865312001
3 71 0.9213075903027949
4 17 0.19715177658348326
4 39 0.059156038444725945
4 68 0.5583475261123722
4 67 0.9530608210622501
4 52 0.6810734428366442
4 28 0.2048604954355584
4 65 0.9025791381100648
4 61 0.7911153267069181
4 11 0.6820358920898226
4 32 0.5916900838397021
4 37 0.2545676676812404
5 38 0.7772826672582889
5 15 0.39696841966705465
5 48 0.8651583652027834
5 43 0.4660034856753048
5 31 0.6187106795857318
5 47 0.9813859654674508
5 79 0.19094621371859666
5 67 0.24787663443580932
5 51 0.5745061121094411
5 21 0.051472843890176034
6 73 0.06834978388916013
6 52 0.5542770463815809
6 34 0.06951726592093976
6 60 0.883045706278263
6 8 0.8708828184370409
6 55 0.6789772050059182
7 42 0.4602533077219487
7 61 0.148809459262371
7 16 0.8393066267523851
7 70 0.15652284226953084
7 45 0.11693712307171833
8 77 0.9993713372691924
8 61 0.34225815938236703
8 44 0.7207065742439746
8 75 0.43357375483273575
8 30 0.6152698035104829
9 40 0.3863914869805465
9 54 0.4679208926590852
9 23 0.895887215841052
9 61 0.20650734582068242
9 62 0.07909739705482999
9 35 0.7880071277492758
10 43 0.6090147867230862
10 79 0.7939481208997774
10 48 0.5482378158522679
10 53 0.8865021185240683
10 15 0.08638559306134685
11 61 0.4536374934356052
11 65 0.871933711258846
11 72 0.9857873247360557
11 54 0.2118429045633441
11 33 0.6081141205741053
12 46 0.9165184245799334
12 13 0.45636606728942186
12 48 0.8795107417747234
12 70 0.1832581909479949
12 63 0.24208666334571227
12 32 0.46419793115800945
13 27 0.2288803784337341
13 76 0.666566839106401
13 79 0.17252247722891234
13 48 0.20330868728777318
13 68 0.8411229168302721
13 70 0.3070219721831292
13 43 0.02912898779889439
13 71 0.10666577723367043
14 78 0.19466387129673102
14 55 0.2223047984966583
14 67 0.4474437490720924
15 36 0.768206062549498
15 28 0.19341439003904326
15 21 0.6329191629330426
15 25 0.7075300197038272
15 68 0.09833158879662207
15 16 0.26325353908829097
15 59 0.10041883907639615
15 67 0.00260959736091948
15 43 0.5714982233107821
15 40 0.17658050297072592
15 58 0.5291141888221843
16 69 0.5520936156511321
16 72 0.07874099681522251
16 53 0.32389097464523764
16 43 0.6415151182825716
16 35 0.6837180066376375
17 56 0.18670994673600383
17 48 0.33279287168407523
17 75 0.23514202173606324
17 23 0.31179507393800177
17 33 0.35341468657797503
18 60 0.32083757489355513
18 74 0.4662513983997505
18 61 0.5603908797528847
18 42 0.01439223264468914
19 50 0.37038672850115795
19 29 0.7635170261831821
19 52 0.7849292867979232
19 33 0.7792063393940831
19 25 0.5012574125336682
19 51 0.4740076885621227
19 20 0.9821138330486889
19 23 0.39668263693948225
20 75 0.0685648796570657
20 77 0.3028135221538131
20 40 0.581411102874565
20 53 0.42563780454236055
21 56 0.8605576537236477
21 30 0.5903547765908189
22 40 0.266960263245967
22 72 0.8243672313450787
22 25 0.5044190050659269
22 47 0.43486638147722345
23 46 0.5291162015255537
23 55 0.6472834114532188
23 73 0.7585540151522069
23 30 0.09570633207046275
23 79 0.9323108417732228
23 40 0.9762003948643628
24 29 0.32803533542064434
24 40 0.5333660154037881
24 33 0.5649414696620569
24 30 0.04581997094499979
25 52 0.06631808278634022
25 55 0.1857672354343447
25 34 0.30784279789565805
26 76 0.29188996417195856
26 74 0.8179678814679116
27 63 0.6182396811755579
27 72 0.23359717152832105
27 68 0.7008173125620373
27 39 0.6795067515434157
27 32 0.7031818766376114
28 34 0.00805358203609019
28 42 0.5588989898726893
28 45 0.4359211142709465
28 54 0.8789588936313811
29 43 0.3616838586166695
29 68 0.8080495234622939
29 59 0.3482489818829081
30 75 0.3520652574784109
30 64 0.06978455096810399
30 55 0.19456856831988367
30 41 0.8475436070788398
30 49 0.806581857630104
30 67 0.6530820732522293
30 52 0.4723507677523382
31 34 0.3067022411290128
31 58 0.8655426809505837
32 47 0.3691893650808148
32 69 0.4037258971161679
33 70 0.4732026776946916
33 55 0.3326016149165141
33 66 0.7658801592347362
33 76 0.23442435214107715
33 71 0.8120024612148836
33 37 0.8115277677702578
34 73 0.7751374571933601
34 64 0.8568345301212391
34 57 0.163109117606261
34 59 0.7714469819355679
34 75 0.9844167265051317
34 74 0.929267236625653
35 70 0.5850511637917459
35 62 0.07863225193502721
35 43 0.7711115415844445
36 69 0.8483922167421686
36 61 0.950727452020761
37 78 0.24273232102031306
37 66 0.4348320553866528
37 53 0.5881385400129122
37 52 0.43314985494667213
37 72 0.45523196874500416
38 53 0.8296858348536412
38 55 0.12785434735729628
38 70 0.6692941633095126
38 58 0.19414676704966338
38 48 0.27896773120741825
38 64 0.11157266905984686
38 46 0.20845286083123638
38 74 0.06019149525347267
39 64 0.600125613007339
40 46 0.8856280953766454
40 47 0.6750908679642167
40 53 0.15602078583380896
40 72 0.5579859949354667
40 65 0.6766068550695854
41 69 0.9045450317826599
41 76 0.5328642991938312
41 47 0.5320110596388297
41 72 0.6923387169376376
42 75 0.5617725910775812
42 54 0.47966013323252654
43 74 0.6930917781190306
44 73 0.09563860006346103
44 75 0.8472620489021359
44 53 0.38173263358804876
44 49 0.18595959840123155
44 71 0.6084143264418241
45 59 0.15656651824271672
45 77 0.06387757803757332
45 57 0.14055268275732857
46 72 0.5935322277422381
47 77 0.26002469876076817
47 63 0.0658896590933632
47 67 0.6234997925569262
47 57 0.5468565624994739
48 58 0.00655089544223153
48 78 0.3148611374354604
48 69 0.9882112104104488
48 64 0.1786521766964675
48 61 0.6944756315133331
48 55 0.3466212757071889
49 66 0.18610342601781094
49 54 0.25093620783638726
49 64 0.13814454678162436
49 75 0.47973336213362394
50 73 0.8173264254262617
50 78 0.9489311052982417
50 76 0.8489421103341779
50 62 0.20681284557361812
51 73 0.02848273727746964
52 74 0.20721039779228068
52 72 0.2599891976685401
53 54 0.7935865331406459
53 74 0.545347985668642
53 58 0.9576857422926658
53 61 0.015679572546652865
53 76 0.034790308527055336
54 66 0.9988553406719594
55 71 0.5155102052646554
56 75 0.8287558106073843
56 67 0.046469749253759796
58 66 0.23847758673657715
58 77 0.31541678886921964
59 74 0.5769237019014896
60 74 0.26643352873878123
60 69 0.5117849363543137
60 70 0.8690825397523577
60 76 0.8928203598157756
61 66 0.4580902537772684
62 64 0.539659097068674
63 65 0.9044122441154842
65 79 0.25307366705102274
65 72 0.8017139848223923
67 68 0.11306190416152362
67 79 0.3953596087270582
68 74 0.5558545539606639
68 72 0.9492731277600726
71 76 0.3018836180443639
72 73 0.5249593447417877
72 74 0.22851225195691782
74 76 0.9098953597520091
75 76 0.8536317767487555
77 78 0.34735883502762976
