30 60 edge_degree 2.0
0 2 0.027767666582665163
0 29 0.6110925886633178
1 7 0.47438221513197854
1 25 0.4428631200950488
1 2 0.29617524763720715
1 26 0.8355686452845241
2 4 0.5075867422650517
2 11 0.22159192759441348
2 8 0.8374226700677405
2 13 0.3895258210482263
3 23 0.8687263225770483
3 26 0.0047064432841406045
3 10 0.5967298790091323
4 10 0.7051073339385701
5 24 0.5346605505886118
5 6 0.778971148329126
5 7 0.1404852327066034
5 14 0.9999110073939934
5 11 0.8181817955112612
6 8 0.8665420133849417
6 13 0.727214021390444
6 21 0.8651651710083285
6 29 0.21953990667963896
6 28 0.5483093972733951
7 9 0.8036334878609603
7 15 0.8688649454565766
7 22 0.6272212697645988
8 11 0.014005402008972934
8 25 0.5383930893732917
8 26 0.8876287650154263
8 16 0.5714166742988915
8 14 0.6330507495003856
8 24 0.2859505367059445
9 29 0.29661222835271905
9 26 0.6625401518817922
9 18 0.0009447587066258034
9 27 0.00451371257418387
9 13 0.5923117980062452
10 21 0.025000444978992786
10 18 0.24210098367581634
12 15 0.1740284173011587
12 17 0.9268634633418736
12 16 0.2722477038640073
13 19 0.18042864013579507
13 23 0.22988963974056886
14 20 0.88615096010924
15 22 0.6359961134946983
16 17 0.45855638183166636
16 24 0.26564142316166517
17 27 0.8983523412924526
17 20 0.5325348637588412
18 19 0.7691898714017622
19 27 0.4470724239698265
20 26 0.6276370276828822
20 27 0.6216221766266286
22 28 0.5628881619041558
23 27 0.960096808811642
24 25 0.48604236371579523
26 29 0.9875355042637091
27 28 0.8216649555313011
