30 60 edge_degree 2.0
0 16 0.6337537530762104
0 23 0.05729318065258726
0 27 0.6651357847585793
0 6 0.9425159278822406
0 9 0.848863616781275
0 19 0.7646785992715283
0 12 0.5621311535183784
0 26 0.7280543952421809
1 20 0.9082158837293476
1 8 0.847247503605194
1 14 0.8871491712749643
2 25 0.14720807159124238
2 10 0.40433934121643444
3 11 0.4265509784233842
3 17 0.9229503962952225
3 24 0.5841181976497286
4 19 0.4302444350000323
4 8 0.07048914573949527
5 28 0.2848952866857518
5 8 0.07794626098771684
5 24 0.2863306480021285
5 27 0.7821618434173585
5 9 0.35830342728095
5 6 0.31254066529297786
5 29 0.6145557411544035
5 10 0.19390720014206708
5 22 0.81856432987061
6 13 0.8939094537556037
6 24 0.41827176423689016
6 10 0.5278467430704042
6 22 0.7255679618550647
6 19 0.596973483317801
7 24 0.8259560525205591
7 12 0.4462449131179579
7 18 0.04958329694494179
7 29 0.8384578407434179
8 19 0.5550787411738379
9 26 0.4001133370813007
9 11 0.8581994539802281
11 23 0.9961764846500025
11 13 0.25175686776665596
11 27 0.9513898606920259
11 16 0.21343627501128626
11 28 0.3433292446909546
12 24 0.7816928787158889
12 28 0.9295894675591768
12 18 0.6120369970533233
14 26 0.7309237218767897
14 19 0.6501128861089531
15 27 0.9530303628028161
15 22 0.8143657336357037
17 28 0.9007168419001615
17 25 0.5758096322451153
18 19 0.4216501158737216
20 29 0.6797820927774119
20 21 0.5956412611521189
21 22 0.8737541182353649
22 25 0.7178974064104875
23 26 0.9528878458816614
27 29 0.3550516340162928
