50 100 num_nodes 50
0 49 0.1
0 34 0.9
0 14 0.7
0 24 0.1
0 48 0.3
1 31 0.5
1 41 0.9
1 46 0.3
1 26 0.7
1 14 0.3
1 28 0.7
2 30 0.7
2 43 0.7
3 30 0.3
4 48 0.3
4 5 0.7
4 18 0.5
5 23 0.9
5 11 0.1
6 13 0.7
6 20 0.9
6 11 0.1
6 32 0.1
7 16 0.9
7 18 0.5
7 39 0.9
7 30 0.9
8 36 0.7
8 33 0.5
10 49 0.1
10 41 0.9
10 32 0.3
10 42 0.9
11 42 0.5
11 40 0.7
11 22 0.5
12 19 0.9
12 49 0.1
12 35 0.5
13 27 0.1
14 37 0.3
14 33 0.3
14 22 0.9
14 43 0.9
14 48 0.5
14 25 0.5
15 47 0.5
15 17 0.1
16 35 0.5
16 33 0.1
17 46 0.9
17 29 0.5
17 48 0.5
17 41 0.7
18 29 0.9
18 37 0.7
18 45 0.5
19 45 0.1
20 31 0.3
21 47 0.9
21 39 0.7
22 32 0.7
22 36 0.7
22 31 0.3
22 26 0.1
23 35 0.9
23 31 0.9
23 36 0.3
24 41 0.1
24 27 0.1
24 43 0.5
25 37 0.1
25 26 0.1
25 33 0.1
26 32 0.7
27 32 0.3
28 30 0.7
28 44 0.1
28 48 0.9
28 42 0.9
29 38 0.9
29 44 0.3
31 48 0.3
31 35 0.1
31 32 0.1
32 42 0.9
32 47 0.9
34 35 0.3
34 39 0.5
35 41 0.5
35 42 0.7
35 49 0.5
35 37 0.9
37 39 0.9
38 48 0.9
38 46 0.3
40 46 0.1
43 47 0.9
44 49 0.5
45 46 0.5
