50 100 num_nodes 50
0 38 0.3
0 47 0.9
0 4 0.9
0 21 0.7
1 49 0.9
1 17 0.1
1 9 0.7
1 20 0.3
1 37 0.1
1 23 0.7
2 19 0.7
2 8 0.9
2 7 0.5
2 48 0.9
2 34 0.1
2 44 0.5
3 8 0.9
3 43 0.3
4 37 0.5
4 10 0.5
4 30 0.5
4 26 0.1
5 22 0.5
6 23 0.5
6 36 0.5
6 38 0.9
6 35 0.3
7 18 0.1
8 34 0.5
8 28 0.9
8 23 0.7
9 14 0.9
9 40 0.9
9 16 0.9
10 44 0.3
11 20 0.1
11 23 0.7
12 45 0.5
12 26 0.5
13 31 0.1
13 40 0.1
14 35 0.9
14 37 0.1
15 37 0.3
15 32 0.7
15 45 0.5
16 30 0.3
16 43 0.5
16 33 0.1
16 40 0.9
17 30 0.7
17 36 0.3
17 35 0.5
17 27 0.5
17 45 0.7
18 27 0.3
18 39 0.5
19 40 0.7
19 27 0.9
19 35 0.7
19 29 0.3
20 44 0.9
20 21 0.3
20 48 0.1
21 43 0.3
21 37 0.5
21 29 0.9
22 34 0.7
22 43 0.9
22 38 0.3
23 38 0.5
24 33 0.1
24 45 0.3
24 36 0.1
24 41 0.9
24 39 0.5
25 40 0.7
25 27 0.1
26 32 0.7
26 37 0.3
26 49 0.3
27 49 0.7
29 33 0.9
30 40 0.7
30 34 0.5
30 35 0.3
31 47 0.9
32 39 0.5
34 36 0.3
36 46 0.7
37 48 0.1
37 40 0.7
37 38 0.7
38 46 0.5
38 42 0.9
38 39 0.3
38 43 0.9
40 46 0.9
41 45 0.5
42 49 0.1
