50 100 num_nodes 50
0 18 0.1
0 23 0.5
1 4 0.7
1 13 0.9
1 2 0.3
1 20 0.9
2 5 0.3
2 29 0.7
2 34 0.9
2 7 0.1
2 14 0.3
3 14 0.1
3 6 0.1
3 7 0.5
3 20 0.1
4 12 0.7
4 43 0.3
5 9 0.9
5 38 0.5
5 17 0.3
5 18 0.3
6 46 0.5
6 16 0.1
6 36 0.7
7 15 0.3
8 18 0.5
9 43 0.3
9 20 0.5
9 38 0.7
9 16 0.5
10 19 0.9
10 14 0.5
10 38 0.5
10 23 0.5
10 47 0.7
11 49 0.1
11 15 0.9
11 22 0.7
11 21 0.7
12 17 0.1
12 32 0.5
12 26 0.7
12 20 0.1
12 28 0.7
12 41 0.7
12 30 0.5
12 31 0.5
13 28 0.5
13 27 0.5
13 49 0.1
14 45 0.1
14 26 0.3
15 19 0.7
15 30 0.1
15 20 0.7
15 28 0.3
15 41 0.3
15 33 0.7
16 41 0.5
16 19 0.1
16 24 0.3
17 23 0.9
17 40 0.1
17 28 0.7
17 48 0.9
18 48 0.7
18 40 0.5
18 38 0.3
18 29 0.1
18 20 0.1
18 39 0.1
18 23 0.7
18 33 0.1
19 35 0.7
19 48 0.9
20 37 0.5
21 42 0.7
21 44 0.1
21 36 0.7
22 44 0.3
23 46 0.5
24 32 0.1
25 30 0.7
25 35 0.5
26 27 0.1
26 39 0.5
26 49 0.7
26 31 0.7
26 28 0.3
27 28 0.9
27 47 0.3
30 41 0.9
31 37 0.9
33 34 0.5
35 40 0.5
36 45 0.5
37 39 0.3
38 43 0.3
41 49 0.3
43 47 0.5
