80 40 edge_degree 0.5
0 57 0.6458844245545738
1 69 0.6241437179080838
2 3 0.8048478802122413
2 37 0.5556672557444116
3 49 0.5387072268565978
3 40 0.35212273009880035
3 54 0.8023854938138356
4 61 0.776640011050618
8 32 0.5504107747631795
11 47 0.9300237039997877
12 62 0.6516516854691475
12 23 0.20686236991487905
13 75 0.9801151402449647
13 20 0.41732995856226096
15 63 0.13235455923786565
15 37 0.09017808753905232
17 72 0.8480601726953674
22 53 0.5625850753512837
24 38 0.8092717999395544
26 48 0.9586101452016786
27 48 0.9085876401284142
28 67 0.6083207866207224
28 58 0.4358739587948376
29 34 0.18392061636938617
29 70 0.9478638464516772
29 44 0.6957408548756229
31 51 0.6473444157268377
36 75 0.8377440821818921
42 64 0.9830755680277546
46 70 0.5318801023819845
47 62 0.9977677428110396
50 75 0.43801221909660637
50 66 0.6078824990970396
53 71 0.3597827042840659
54 64 0.4215295231118682
55 77 0.5746870508756403
56 63 0.0979819707832158
56 65 0.9010759904955915
57 60 0.5992738578813661
63 64 0.9396209098083629
