30 30 edge_degree 1.0
0 27 0.5226339400111252
0 7 0.35055442988576735
1 2 0.5125951968453513
1 19 0.23070496306574828
1 28 0.8138599747077464
2 11 0.5570780180442353
4 5 0.6361769000033722
5 26 0.8759624433056025
5 13 0.11847953697699853
5 17 0.7612287194099061
5 7 0.7141807920692596
5 10 0.6344951192905229
5 28 0.603187259772311
6 19 0.017325672950648796
8 9 0.568512851217495
8 16 0.1473777191891701
10 29 0.41149612636645816
11 17 0.056975654527793185
11 14 0.46127608570065204
11 16 0.6133634687233368
12 20 0.10441990162035619
12 29 0.17721687070454828
13 28 0.9241364696397024
14 29 0.19877941290286927
16 27 0.7010700900235408
16 28 0.8610786639314062
17 21 0.6720196643972348
18 21 0.688921168422593
21 27 0.9217179216278797
23 25 0.24172406704744764
