30 30 edge_degree 1.0
0 29 0.9771665092670846
0 21 0.49917718914582543
0 26 0.9575213349487011
1 18 0.32596267975239646
2 19 0.9812644760506335
2 24 0.7700771077234918
4 17 0.5692655806825349
4 27 0.7376131602948621
5 24 0.7963186972250718
6 7 0.4481583365485934
7 18 0.36014220861535795
7 20 0.14798639086116627
8 17 0.3436229399761206
8 27 0.1450503295072666
9 24 0.19928538190431222
11 29 0.36228062453728926
12 20 0.6126145751610454
12 23 0.14685817295085513
12 28 0.1272812271370345
13 29 0.7919235618974769
15 19 0.6841834506436072
15 26 0.34126092330677915
15 22 0.8499580676908594
15 17 0.8892825494498096
16 29 0.5716668460493132
17 26 0.09167310975872578
18 20 0.26186111304971105
18 25 0.15660743245223596
22 25 0.511242464508737
23 29 0.5039555923401801
