80 40 edge_degree 0.5
0 38 0.4366864138278932
2 51 0.9232598400829831
3 33 0.17294665562387945
5 33 0.7862666861621742
5 10 0.6593545108207093
7 28 0.9497943536489335
8 11 0.6832491418518125
8 52 0.4611849669186736
11 77 0.7970302579733106
11 70 0.3527458055944236
13 50 0.8824588578115498
13 22 0.06707718282091946
18 25 0.7801754785731417
19 61 0.6018774667649408
20 57 0.21079013644933464
21 39 0.5484296444538096
22 31 0.6135245892522363
23 35 0.7353709499810379
24 34 0.9631538030243199
24 52 0.7673976665612842
25 56 0.37643921404050273
25 71 0.287588250143498
27 33 0.9362850388254751
29 39 0.9621166125718854
30 38 0.3525387800229528
31 64 0.872996701920257
35 46 0.06278939542422546
35 60 0.14539913883324673
35 59 0.8560562976876479
36 55 0.6418316975086777
37 70 0.31644031956052565
37 47 0.39647868996780433
37 73 0.3838080093473296
39 65 0.9510898139594661
41 75 0.051652993712983486
43 49 0.23706848087125
43 60 0.4935300549562086
45 55 0.1244008250602161
54 76 0.1850088530222439
66 68 0.40232325253826984
