30 30 edge_degree 1.0
0 16 0.7666423279535952
0 23 0.45796843665293185
0 27 0.7006353614296623
0 6 0.3625598951414184
1 20 0.02797859960572635
2 25 0.40750629645442316
3 11 0.5230841464384719
3 17 0.14708887625862654
4 19 0.5937356451786788
5 28 0.9624328590144376
5 8 0.5840690538867319
5 24 0.968937206753834
5 27 0.6961351495585638
5 9 0.051193804319746516
6 13 0.13547079078818658
6 24 0.8274736935498771
6 10 0.013684743047291392
7 24 0.8319104600686194
7 12 0.5027573677073315
7 18 0.15666867327608525
8 19 0.360183968531281
11 23 0.9677850750664029
12 24 0.5366259832111904
14 26 0.9602747342900134
14 19 0.1308154253528766
15 27 0.16633822376052232
20 29 0.249003843075411
22 25 0.9847463180444395
23 26 0.5007863685356994
27 29 0.6003477867561172
