80 160 Varying K 11
0 57 0.08525790833392666
0 49 0.9160223006256465
0 68 0.06129325901570126
1 69 0.058364008473834494
1 25 0.08680003893658428
1 35 0.5293813499403188
1 16 0.0686095387597877
1 78 0.6834804551171579
1 11 0.7482861380366396
2 3 0.4132045312137531
2 37 0.5874672073249309
2 57 0.426278576808508
2 55 0.9245576151446206
2 28 0.3482232942247022
2 63 0.7982417578151194
2 20 0.5191508091421568
3 49 0.3143944899078577
3 40 0.8959238798155532
3 54 0.5185372052208452
3 60 0.5976722161470568
3 29 0.6800063781709017
3 39 0.11777622452702252
3 67 0.6801717957264258
4 61 0.5163849194218254
4 32 0.7462444159789969
4 20 0.6687465862452713
4 71 0.6036487108082963
4 65 0.9472554629728783
5 39 0.16263880785164353
5 8 0.251545565310206
5 52 0.5664365113556021
5 37 0.23864352275214007
5 24 0.32561980126748147
6 39 0.41033794494555875
7 61 0.18717799075929564
7 38 0.45040100887202916
8 32 0.8777559898164148
8 37 0.499795238193118
9 10 0.39112434116473094
9 48 0.6104107106667024
10 17 0.5720380023363915
10 34 0.3054265602485151
11 47 0.7789121893856568
11 70 0.35509880556270446
12 62 0.9407940736073994
12 23 0.13699944190225388
12 44 0.10560008680907274
12 48 0.6373500943371675
13 75 0.07871446827664164
13 20 0.16379688301815898
13 33 0.36823924293943544
13 49 0.07531081355983738
13 41 0.889361850676787
13 35 0.4958430381303316
14 79 0.5033631819230576
14 60 0.21451054140671766
14 37 0.003653466406148498
14 43 0.8397068064183264
14 58 0.6196236832839183
14 52 0.6860889653599435
14 57 0.7230906507393302
15 63 0.01635964539903023
15 37 0.34140480626429404
16 65 0.15453146084824465
16 27 0.27920453635165243
16 18 0.8265980541464321
17 72 0.2404692553026977
17 62 0.5571419581674824
18 50 0.009604072617446668
20 21 0.28094168336143543
20 53 0.6500251246698048
21 34 0.6344942716810862
21 79 0.8758961492160203
22 53 0.08220897127729998
22 70 0.9160599754738346
23 74 0.5755275124437809
23 44 0.8558200326427667
24 38 0.3592858144129517
24 53 0.7919677600589503
24 63 0.27897046435631445
25 70 0.4772172613476042
25 48 0.3093963897083385
25 41 0.6585514441920819
26 48 0.47366070275495686
26 54 0.027158353907501098
26 77 0.35641642197924905
26 73 0.17846847639708285
27 48 0.6228444268116549
27 75 0.3994900795532531
27 34 0.5140522783735441
27 68 0.4085032912646236
28 67 0.978246216299056
28 58 0.3105224227287081
28 66 0.9710186569958726
28 57 0.3514521343720587
28 72 0.8854107774625978
29 34 0.5279822530928907
29 70 0.7683535538569924
29 44 0.279473995094641
29 64 0.18202607863151277
29 51 0.8063287991904652
30 68 0.9241485234049449
30 77 0.8550005414470708
30 75 0.0802535590105089
31 51 0.6300641006514552
31 34 0.5613708593763167
32 67 0.05697436821864821
32 65 0.5404836866681494
32 72 0.19947456787831608
32 47 0.8154689395284026
34 58 0.13736492399125722
34 42 0.928653897860025
36 75 0.5348045192558504
36 51 0.17253672273417553
37 58 0.3168725774070681
37 64 0.05368084967896558
37 46 0.15526615225250118
38 39 0.772084709864435
41 63 0.17642987428486145
41 54 0.13735376670704624
41 78 0.6119590832285005
42 64 0.8586627248867968
42 78 0.5010040277763943
43 49 0.9546133183860382
43 54 0.12456829729972985
44 65 0.5121816665505898
44 53 0.4877333556066631
44 70 0.6840520869291308
45 73 0.7668674230643007
45 62 0.8030607417788075
46 70 0.8109199882995333
46 72 0.9603072876329342
47 62 0.8074720104849532
50 75 0.8834704525218117
50 66 0.027955925572763718
50 74 0.6487106818163262
50 73 0.24839856105785085
52 64 0.2905836092734081
53 71 0.943923661256085
54 64 0.2791483712468892
54 69 0.5118211940396232
55 77 0.12276004705517729
55 75 0.8898062522748457
56 63 0.6667042519425658
56 65 0.8489125294848026
57 60 0.1607511813387602
57 64 0.13730887138833536
58 76 0.7473610972196294
58 72 0.3892011516431376
62 68 0.8619704395666039
63 64 0.29850924103333265
64 76 0.3529389253634191
66 71 0.33505691708353735
68 72 0.2902257830028433
69 70 0.579487537888485
69 79 0.971531705117405
70 77 0.05782817792192507
70 74 0.23698511229265595
70 73 0.7444893761267526
75 78 0.7747912195628716
