80 160 Varying K 11
0 49 0.5500813958324059
0 4 0.6978444960026153
0 67 0.5674079638537431
0 9 0.8757865063390624
1 24 0.6388376214974464
2 5 0.49650904447680155
2 71 0.4777999878503675
2 12 0.7030011640377734
2 74 0.8092478614365053
2 46 0.43122298660120106
2 39 0.42147087285269946
2 25 0.34135560182487845
3 46 0.7859248969598689
3 22 0.8552972356965564
3 31 0.9721140471184287
3 8 0.8887931966118824
3 39 0.18067319804969828
3 13 0.8788872748461918
3 66 0.3607146182677142
3 36 0.26566983787585674
3 79 0.8867111479178797
4 74 0.060159042048383404
4 34 0.6684392131006803
4 54 0.6034718140998335
4 32 0.8217845019774846
4 65 0.3933960912502926
4 19 0.7903647005163437
4 11 0.45578745960460454
5 75 0.30144706545930977
5 77 0.35522034510857625
5 60 0.024863463578415512
6 73 0.8449893293468714
6 75 0.5853529491535913
7 11 0.08261996668408844
7 13 0.20336804596944247
7 26 0.6545055219858831
7 46 0.9462658935380971
7 17 0.9584500158116619
7 57 0.8895855958154055
8 53 0.7538020640754568
9 43 0.20626010434360809
9 56 0.3693694451595242
9 28 0.269130616886909
9 12 0.12189088615413601
10 46 0.09210880005854893
10 14 0.7333598963475793
10 32 0.6928817768780697
10 78 0.36995569114515436
10 54 0.8924201430900566
11 40 0.6168970781990262
11 65 0.1892771660983672
12 21 0.8573241780767977
12 61 0.16112921566602256
12 52 0.25967191804609613
13 29 0.662388369664184
13 30 0.0008262371592964168
13 27 0.39441987271719525
13 39 0.3478277267584873
14 36 0.5139859011041776
14 20 0.881508452665848
14 73 0.4401355337541334
15 66 0.48793980914278856
15 32 0.6186276822093519
16 20 0.8429851823262225
16 57 0.6069827382636896
16 37 0.3534855841974077
17 65 0.7848256982779599
17 66 0.7499191960443714
17 59 0.9319510640975026
18 43 0.2726871016909642
18 47 0.8960494169500804
18 69 0.7042299398728391
19 31 0.10217438895185527
19 79 0.2640810645028433
20 55 0.8729506516333647
20 57 0.8353822629397512
20 29 0.5592981244787039
21 39 0.9727964672044609
21 67 0.35840013718527974
21 41 0.6915308754155106
22 71 0.0349222034614739
22 41 0.6262237164785998
22 46 0.7087376656491331
22 45 0.7297357812581028
23 57 0.6179126806231287
23 66 0.11256402650993746
23 29 0.7593146282955787
23 74 0.900566646688891
24 62 0.274188389060826
26 39 0.6612152080221128
26 55 0.3691910807437676
26 59 0.03733276018098586
27 77 0.48459170325415823
27 48 0.2749620560617688
28 62 0.3620118568346946
28 60 0.9548643964787188
29 30 0.3298698592129705
29 58 0.9650366517813692
29 31 0.7556077332558294
29 75 0.145575892017897
31 67 0.9677695862827148
31 34 0.5318697330095389
32 77 0.5749184013371358
32 47 0.17620141930364486
32 46 0.46340284867897474
33 51 0.07839955538423649
33 70 0.3105062730196646
34 78 0.19748431098960773
34 75 0.09835807651835315
34 61 0.6231681143439824
35 62 0.8429557619498179
35 54 0.21577872351858585
37 47 0.9653851791821897
37 63 0.18668314133043473
37 50 0.2748436360087242
38 64 0.8850965966940033
39 61 0.01831861728337214
39 68 0.19839784972636676
39 47 0.9577479016383452
40 59 0.935829500953966
41 65 0.435108054654998
42 50 0.9008798529293207
43 62 0.7015011200626882
44 72 0.655346445960823
44 78 0.22984968530714067
44 50 0.9731790063407201
45 46 0.06925933922818117
45 65 0.08236638169460497
45 58 0.2470551006055134
46 65 0.8995884969072084
46 75 0.17650997916112243
46 79 0.057238772722564946
46 78 0.9517877496590249
47 69 0.0227126799972166
47 50 0.35049087146707425
48 54 0.40368662309033987
49 52 0.2814780045861498
50 65 0.63980663645044
50 62 0.5220806445019208
51 59 0.5312305835955673
52 75 0.9847263711613741
52 62 0.8985114944960906
53 67 0.9304787603748654
53 77 0.4894466027350668
53 62 0.6211590806462203
54 65 0.0775691030768817
56 64 0.9898366659165596
57 70 0.29136971410603707
58 59 0.6599970675581422
58 71 0.7560023900647659
61 67 0.3439458533928944
62 65 0.6919866333794104
62 76 0.13347914399293603
63 64 0.9467603558980145
64 78 0.265754469286972
65 71 0.5318866978761988
66 71 0.29770783138270795
66 74 0.27455290154525924
73 74 0.6898516556982728
75 78 0.49793934757028313
