80 160 Varying K 11
0 9 0.2581276161734224
0 61 0.5276869398913079
0 62 0.8419996240965458
0 41 0.8115476865776778
1 60 0.7671617149962575
1 8 0.7043777668419249
1 43 0.3675869577813835
1 61 0.8884509454558711
2 37 0.726969086785082
2 40 0.6486236604506175
2 75 0.6861231015999592
2 7 0.23841787838206918
2 30 0.39359228119313405
3 34 0.9036335446253951
3 35 0.5271681310866289
3 13 0.5648905497041881
4 17 0.10621422114967671
4 39 0.9270404288354733
4 68 0.9257584795949271
4 67 0.08806001889783643
4 52 0.1500772467583299
4 28 0.7715869735725187
4 65 0.9193670416658736
4 61 0.9992502640569491
5 38 0.17784479165772593
5 15 0.44617146099736527
5 48 0.987568267042207
5 43 0.5758137897981533
5 31 0.031266715945161616
6 73 0.9709629460981599
6 52 0.6642574621229804
6 34 0.02737736338192087
6 60 0.16915941492323938
6 8 0.7797407220745638
7 42 0.31114269258721616
7 61 0.03943566493235762
7 16 0.7687748561913501
8 77 0.33729461653938864
8 61 0.09375206360490096
8 44 0.26564992472322735
8 75 0.36254413885610026
9 40 0.5220836383381922
10 43 0.9557633926841486
10 79 0.43616936683353835
11 61 0.2120383201870123
11 65 0.03523961546544452
12 46 0.26102976509080156
12 13 0.24216457229052246
13 27 0.9221287650644763
13 76 0.21800870747198586
13 79 0.6558904708115372
14 78 0.1593512164608285
15 36 0.1775430489015335
15 28 0.37317647714948976
15 21 0.13379413085920988
15 25 0.12472371679889871
15 68 0.42038824184777945
16 69 0.7083756119036142
16 72 0.37680361904220394
16 53 0.1504470976380633
16 43 0.04985243281926832
16 35 0.6987818003769856
17 56 0.6083362205852858
17 48 0.47209816614036737
17 75 0.24503418311262393
19 50 0.871714633102557
19 29 0.5100280445528784
19 52 0.5006043889616367
19 33 0.6407578514030169
19 25 0.8072841883655976
20 75 0.743501069485485
20 77 0.41549933063424427
20 40 0.6534872467620233
21 56 0.6226782211350754
21 30 0.709393279112941
22 40 0.08981461493573861
23 46 0.15987394556949086
23 55 0.8207663913501818
23 73 0.7198102693973886
24 29 0.36485954164079115
24 40 0.6950074946096969
24 33 0.2204005904846259
25 52 0.7292664366567275
25 55 0.6908154431324844
27 63 0.8115159889463437
27 72 0.04832423362541838
28 34 0.49678002482832884
28 42 0.49064346191691877
28 45 0.8618429262153942
29 43 0.15811630413371913
30 75 0.04280330013846778
30 64 0.5835715605581223
30 55 0.8747246067216601
30 41 0.16717411813836347
31 34 0.4103420767573214
32 47 0.07270135747970907
32 69 0.9340171799547308
33 70 0.5438391504730204
33 55 0.4001165655912007
33 66 0.071472148142538
33 76 0.35171266336391627
34 73 0.5342408058162642
34 64 0.3922809391829618
34 57 0.635755352500761
34 59 0.12002508850897675
35 70 0.8126327045821904
35 62 0.06872151435699125
35 43 0.33397355808511864
36 69 0.7336478037325151
37 78 0.12457264913445665
37 66 0.10777604163577081
37 53 0.8389706832428564
38 53 0.3519155177403488
38 55 0.8261862161200928
38 70 0.33008845704894096
38 58 0.8876209995485584
38 48 0.04572514608257827
38 64 0.9970494019841575
38 46 0.7351915789863795
39 64 0.18434494221967845
40 46 0.07248280709630062
40 47 0.9139625079931978
41 69 0.5499935076494346
41 76 0.3059425139388453
42 75 0.7789816243331829
44 73 0.21967925653823395
44 75 0.7754078485616384
44 53 0.23203481683955052
44 49 0.6081715245676504
45 59 0.8556758917866231
45 77 0.5586299886606583
47 77 0.9943635996553316
48 58 0.8638850820987514
48 78 0.9055206101065923
49 66 0.7498660750260705
49 54 0.6436917267372498
49 64 0.8860565530597132
49 75 0.3952156100494424
50 73 0.16093601026004922
51 73 0.5311061060539631
52 74 0.8866852420152466
52 72 0.8438578703489662
53 54 0.05722783464111103
53 74 0.3854448524569336
54 66 0.04957105801144357
55 71 0.5364465116677544
58 66 0.8433609421285133
60 74 0.1633646024245058
60 69 0.8694897184331544
60 70 0.06934734682286559
60 76 0.2116202982726506
62 64 0.4327267120229803
65 79 0.4828231975168187
67 68 0.8086883160643864
67 79 0.25155298086880884
68 74 0.6913856434277548
71 76 0.6797847864175185
72 73 0.5475112722117762
75 76 0.7705014942878674
77 78 0.22977895673214832
