80 160 Varying K 11
0 38 0.9097130505695167
0 27 0.6377773644062329
0 69 0.08930067629758465
0 21 0.7781671979488387
0 6 0.36997413139731916
1 73 0.41646375871086083
1 78 0.6598169725700861
1 66 0.023389071152010166
2 51 0.1273347164762748
2 41 0.9460653158536848
3 33 0.09873113885727469
3 58 0.5934922420569764
3 56 0.4876357049481408
4 41 0.07031130605320512
4 62 0.41409548090622517
4 10 0.7948954969605486
5 33 0.32029493307792234
5 10 0.7719367419696723
5 45 0.5872532647049671
5 46 0.2073787761412852
5 77 0.33345920539787355
5 63 0.13919663484204947
5 50 0.4072019440658615
5 17 0.15328953905251053
6 40 0.41413414541359483
6 25 0.8625707237623469
7 28 0.38099507700141433
7 29 0.4911751419629433
7 21 0.6858998696793469
7 34 0.6452232942994267
8 11 0.32908882662523786
8 52 0.4454965309990123
8 25 0.25221602607890603
9 37 0.9396660987767328
9 63 0.6994205636333649
9 10 0.6003290883610164
9 14 0.8803792450697197
9 66 0.19002811730498026
10 36 0.6839920495707605
10 46 0.8319296934374995
11 77 0.03961188412750338
11 70 0.9591376376091858
11 49 0.4286736723707387
12 41 0.564144748842599
12 56 0.9398760561129317
12 51 0.8072759825538496
13 50 0.8591891388844414
13 22 0.8991937429778482
14 26 0.21914794561335083
14 72 0.8221693651172287
14 32 0.95587092856706
14 76 0.09528534159350588
14 69 0.1689448082367977
15 42 0.08333472064262892
15 67 0.7726422598830668
15 54 0.4983946851153751
15 39 0.049612478918169445
16 79 0.9122529345623821
17 32 0.2913110205836783
18 25 0.1335125102170751
18 41 0.05829503526815938
18 32 0.600061811239081
19 61 0.2653062742809865
19 41 0.9717362858453497
19 76 0.8803123768402928
19 22 0.6116068506342955
20 57 0.8012084077674602
20 42 0.44321778600526807
20 27 0.22821228101162283
20 77 0.002630811382963727
20 47 0.7158296719674767
21 39 0.013075520980861066
21 58 0.9193743708964595
21 73 0.425227409465754
21 59 0.26456563369440156
21 71 0.8355609371193649
22 31 0.8153713944969861
22 37 0.6134611313413201
23 35 0.64875951464469
23 29 0.4841151861938373
24 34 0.8846871382145459
24 52 0.3693865890304663
24 79 0.8311588473384641
24 63 0.1488374234824631
24 35 0.18794068983773404
25 56 0.7835706351719377
25 71 0.6753097139597157
25 61 0.07789049712164842
25 30 0.593570773164536
26 54 0.1777756357938135
26 29 0.8743251417929115
26 55 0.3515064084610846
26 48 0.24554512933725148
27 33 0.5625746833952651
27 54 0.049661508279293054
27 34 0.8612446036938346
28 53 0.5182863595916627
28 70 0.977967756197632
29 39 0.00090062593056639
29 62 0.684129272514194
30 38 0.9698331631456262
30 78 0.36755896665519316
31 64 0.7794441743519018
31 74 0.5414555587890137
31 56 0.9617513891816906
31 67 0.6719071983754116
31 52 0.6081997290526998
32 77 0.16693050943596976
33 53 0.9447234577694239
33 43 0.11727766149796137
35 46 0.6507781109852294
35 60 0.7587213509563251
35 59 0.3834062930118203
35 74 0.3142538638592617
36 55 0.5072005270924028
36 41 0.867815715528941
37 70 0.9371791809512385
37 47 0.7120262226054458
37 73 0.8874861635279993
37 56 0.42415064321265084
37 52 0.30485897830191844
37 43 0.573741953396103
37 45 0.6968499113359209
38 44 0.6327886360238185
38 61 0.44022634833357266
39 65 0.27253099653729396
39 49 0.1648211797762682
39 72 0.4638392069964268
40 60 0.5267602314690485
40 78 0.2513580770319387
41 75 0.477031205473207
41 63 0.12741942062071632
42 71 0.9817331934903533
43 49 0.15318722150820296
43 60 0.6317807056129416
43 50 0.17678016798471408
45 55 0.8218732264626547
46 79 0.8684918083293273
48 76 0.01735664929131231
48 50 0.1522122342312756
49 51 0.06716956840656085
50 56 0.604168742277241
51 72 0.3317341924478231
52 79 0.27814295756819885
52 56 0.6620511005045565
53 67 0.2527792349818948
53 56 0.5449705164189652
54 76 0.18946925257668779
55 65 0.7911828368717526
56 64 0.8834256962693913
58 69 0.008305730396818811
59 69 0.27433470678778193
60 72 0.27484169621907306
60 67 0.8201830687810854
61 67 0.3797401054279713
62 69 0.5157967117215576
62 71 0.6916337810171242
62 76 0.6974481054432592
66 68 0.42554863042711144
78 79 0.10505841111874226
