80 160 Varying K 11
0 76 0.6580091404555686
0 47 0.34012024189146783
0 44 0.03875113112977191
1 27 0.5318961740607969
1 57 0.4355011129170966
1 74 0.7029573458667195
2 38 0.5166775490447192
2 32 0.7531713384734802
2 70 0.2720187880975433
2 40 0.6388713272615232
3 59 0.7314771836999825
3 34 0.16566617843993248
4 37 0.532996352750094
4 30 0.01004974654791646
4 7 0.7529870502509343
4 39 0.7317268068267173
4 53 0.041493513803771975
4 47 0.6376069818629704
5 23 0.8910375453091286
5 60 0.890032934011118
6 31 0.32063592522630446
6 20 0.8192900324144667
6 17 0.838692246322841
7 22 0.5137828749814792
7 53 0.09949593247689914
8 33 0.45174809130387117
8 43 0.412014382375389
8 46 0.18561626603791181
9 20 0.6274402172180737
9 75 0.38421409585408206
10 19 0.9298418374423016
10 76 0.0015694134572024065
10 53 0.9733375947483307
11 55 0.6315021195680338
11 69 0.701116817471254
11 62 0.59723929345299
11 77 0.9139923854069723
12 38 0.46887469021070094
13 69 0.17086610678744985
13 59 0.9064273605205854
13 52 0.07861108049735388
13 48 0.8606199213456598
14 20 0.871762194783246
14 18 0.06893139575504093
14 40 0.8873130798549759
14 70 0.8011621803310944
15 31 0.37094420930537764
16 26 0.3860261240453261
16 72 0.011597159519034395
16 45 0.09148667285524048
17 79 0.8075295482131176
17 25 0.46740673578566094
18 21 0.6164741120728897
18 46 0.9530907889301203
18 53 0.2895552072834777
18 37 0.029170557699903066
18 66 0.19941814474873154
18 20 0.8721565551453542
18 41 0.5932233881557639
19 47 0.6208859835585484
20 25 0.3417816262251311
20 76 0.9636070502923297
21 55 0.2597607459646101
21 66 0.9882589198251372
21 67 0.5692299690139817
21 78 0.07864176124211564
21 28 0.7481889397014277
22 39 0.39876521984966284
22 63 0.2937942092600746
22 43 0.5010852570849756
22 57 0.21467091273100514
23 49 0.553223058826075
23 26 0.49701302947332904
23 40 0.33840355785779574
23 43 0.607825608923468
23 79 0.47424793423725076
23 28 0.9614593924454227
23 61 0.38166965413460574
24 70 0.4582930417453952
25 69 0.42021366389861325
25 49 0.0819568165330462
25 79 0.9948418750509012
25 46 0.13955252696234421
26 27 0.7582710114525535
26 43 0.7248964711095955
26 30 0.9026665929037204
28 63 0.3684019245521143
31 48 0.5244525553816203
31 73 0.07961591817774272
32 79 0.49945626802732357
32 67 0.4953035397425354
32 58 0.3756410108813729
32 41 0.837048104572686
32 53 0.18460361970732042
33 37 0.8305560998974715
33 76 0.46582679695755447
34 65 0.5111813480131278
35 52 0.92154655475106
35 43 0.275586691421598
35 37 0.792883023960659
35 62 0.1382916509292409
35 59 0.7586719798796369
35 44 0.06592457545958985
36 64 0.39129081108466224
36 61 0.16736590527687667
37 40 0.7274383337465254
37 69 0.473127328946216
37 74 0.09216543765863161
37 61 0.9968498767645714
38 42 0.007253037649905036
38 53 0.4751124825439491
38 63 0.13215260908866755
39 45 0.4037707572068241
39 61 0.744611358433819
39 40 0.9134363742850642
39 62 0.7497928086483793
40 61 0.5589015985202516
41 72 0.2546695648990035
42 63 0.04226183024134478
42 46 0.9318279161010166
43 65 0.080449459566317
44 59 0.4642129755928647
44 76 0.17126499108849214
44 45 0.8640244406581542
44 52 0.859472592668164
44 51 0.6211351968516021
45 67 0.14784438418732593
45 51 0.8727342914856147
45 65 0.6750198360272175
45 75 0.39688019033259947
46 53 0.172818368073564
46 71 0.9280400278660488
47 60 0.06608791821733762
47 75 0.40041871150650454
47 59 0.9631480164628117
48 74 0.02777671219629463
48 68 0.2686691076275761
48 78 0.44501806402608135
48 76 0.22978183024967203
48 72 0.8567915593894162
48 49 0.40474219882191076
51 68 0.5148332628685092
51 60 0.7488543090338136
52 53 0.7349771447027597
54 55 0.9944523744749857
56 79 0.3643733557211788
56 75 0.6305486197665461
58 79 0.057988945222736565
58 62 0.8062621701383478
60 61 0.05812695574130622
60 70 0.6786040751370369
61 72 0.305271529903668
64 70 0.7227584958585691
65 78 0.04479673727852207
66 74 0.37979764719383835
68 72 0.6277709136418997
69 78 0.8462328469132947
70 79 0.5833139659889195
70 78 0.8836136736290808
75 77 0.6201715669712159
