80 400 edge_degree 5.0
0 57 0.07149329612427602
0 49 0.1986555125381636
0 68 0.702959667407829
0 22 0.6360573734105209
0 24 0.5666824011211998
0 15 0.9901564661059223
0 35 0.9270853863258359
0 67 0.20303948186234677
0 61 0.610022308706149
1 69 0.42284625982700685
1 25 0.5259325202747591
1 35 0.7212360395140254
1 16 0.8621554509580622
1 78 0.34666751620372893
1 11 0.10238910603019502
1 3 0.13118304582101548
1 37 0.4781971516461303
1 58 0.8270914616838486
1 77 0.5994363266880265
1 5 0.35287435508310827
1 38 0.5821619503671452
2 3 0.2089959998410933
2 37 0.2640394744706763
2 57 0.8415646417702685
2 55 0.1190073566679869
2 28 0.9555293098894737
2 63 0.852422178789435
2 20 0.12941888446807337
2 9 0.14523021159571547
2 7 0.36831858039386134
2 74 0.40440561827630583
2 21 0.7429339610960896
2 27 0.6830922308034473
3 49 0.9348650984214192
3 40 0.086301573570435
3 54 0.01795019253574992
3 60 0.33231801399908345
3 29 0.7207013406431799
3 39 0.11409527753872895
3 67 0.7183569047510051
3 62 0.01837728147108253
3 77 0.09553102405400204
3 13 0.8066249877274801
3 79 0.9054986841390222
4 61 0.4279139143731935
4 32 0.9003014770465184
4 20 0.711716728669978
4 71 0.49603431315401736
4 65 0.32287063321664433
4 69 0.7356175519795564
4 63 0.8985567121240293
4 68 0.8532648333905414
5 39 0.15906417373959547
5 8 0.790502299489868
5 52 0.6287349611309856
5 37 0.1371035929899116
5 24 0.6356590249648344
5 40 0.5343438699451678
5 69 0.6866662994792178
5 34 0.16134637023594633
5 23 0.8358397812751787
5 16 0.3307580797516465
6 39 0.54422939251575
6 20 0.7947690082759514
6 9 0.10928484772626001
6 72 0.2016244971282093
6 21 0.4260401706092408
7 61 0.40640864832778856
7 38 0.9686415624435245
7 76 0.5508856981451876
7 69 0.6564322622505906
7 67 0.4571354148394666
8 32 0.8713069675301375
8 37 0.2709881287788355
8 51 0.18425691374922948
8 40 0.5713105037848011
8 57 0.6970215348208998
8 74 0.7670006295528145
8 45 0.6863860270645203
8 56 0.8790713109032615
8 34 0.9097815554310831
8 39 0.5652413398752438
9 10 0.20861415535065797
9 48 0.047183680534276906
9 34 0.6637673653878896
9 70 0.7431699314081947
9 41 0.6563207944818031
9 64 0.9998046847369964
9 22 0.9317340222134104
9 66 0.7820354595212665
9 21 0.572089601265597
10 17 0.6090791239948694
10 34 0.7100550031198457
10 46 0.2546043945644939
10 76 0.6909317494881286
10 56 0.9688012978580253
10 27 0.7013308106715248
10 59 0.4288720987445146
11 47 0.9086101191666797
11 70 0.0535588476295773
11 35 0.3291796103708713
11 57 0.176546466107529
11 31 0.1872108994811692
11 78 0.08531576651532835
11 67 0.3518776270685875
11 51 0.9715193028052769
11 55 0.09822272974278745
12 62 0.8615030304064188
12 23 0.1673607832569569
12 44 0.9090486209141078
12 48 0.022918072204909157
12 26 0.21606135686673267
12 42 0.022906075584831265
12 64 0.8377436025784467
12 32 0.7259675417132327
12 65 0.5997671620241135
12 63 0.16638344632770485
12 28 0.9334464890628893
13 75 0.5245051023000387
13 20 0.028161774450879418
13 33 0.6783866132209823
13 49 0.23928673418745627
13 41 0.21815315672880053
13 35 0.5225167155143721
13 39 0.2576543982441174
13 29 0.8512639759351461
14 79 0.6880230533471865
14 60 0.4978609898610059
14 37 0.12951921580841708
14 43 0.5033403527266049
14 58 0.3635529986923667
14 52 0.10680432409769314
14 57 0.5028655277902048
14 32 0.215138262835188
14 63 0.24294143863465645
14 26 0.7860719008517529
14 75 0.5699034822289432
15 63 0.15749365550845518
15 37 0.5110536494818654
15 77 0.9955740405709511
15 27 0.4632120180639011
15 26 0.6980639479342463
15 72 0.7710798366845355
15 35 0.502011579628256
16 65 0.8973645888474846
16 27 0.8087253242018434
16 18 0.9273737784250249
16 37 0.015024087304366773
16 17 0.9112221949680087
16 56 0.17144683332455557
16 32 0.07962364726028837
17 72 0.9977438474627631
17 62 0.7993085207526794
17 75 0.16146208394398076
17 78 0.9700750545760203
17 37 0.40340550851011636
17 20 0.3381400734844864
17 56 0.36883134677978635
18 50 0.03902261760894621
18 40 0.03421980945734404
18 26 0.8196293122982314
18 36 0.11974158960969428
18 74 0.750046722620708
18 49 0.27330664603687627
19 60 0.08169213477684367
19 22 0.46295730732322415
19 32 0.21055104265382318
19 52 0.38098937173737
19 38 0.8507409255201084
19 20 0.3895844532587224
20 21 0.46338555034753204
20 53 0.8033790547439564
20 65 0.3845471808900591
20 64 0.6340313009513776
21 34 0.22772071339384647
21 79 0.9201061981226327
21 30 0.7037530004262109
21 33 0.22812841348721502
21 59 0.2803606394978979
21 65 0.9797086196594894
21 41 0.4739217088320026
21 57 0.7252116281914339
21 62 0.5931092144273087
21 48 0.926835131984897
22 53 0.5045871387444941
22 70 0.15154983277886858
22 65 0.7108604332382037
22 38 0.5177116350200796
22 51 0.9906127947840074
22 48 0.4524691105635006
22 26 0.6761717580741539
22 78 0.4874197602771022
23 74 0.7263099676843063
23 44 0.1527904625431934
23 69 0.9481502217366929
23 41 0.20602265520518948
24 38 0.9372358180560473
24 53 0.20273228190413373
24 63 0.05027934156726732
24 34 0.080092104659379
25 70 0.09487504101576938
25 48 0.39800557205680676
25 41 0.6117235188414512
25 31 0.09221897930969547
25 69 0.9738227175836133
25 59 0.31111337968235486
25 46 0.2105114005994475
25 51 0.11042549412245306
26 48 0.7053621448775086
26 54 0.13270434289106836
26 77 0.49870672839488384
26 73 0.20767474189301294
26 39 0.2409659550394152
26 70 0.4061572571167036
26 36 0.2837164765185789
26 71 0.3113898623195742
26 38 0.4520395101491649
26 67 0.7163381174075156
27 48 0.4712961654932677
27 75 0.12808881924052473
27 34 0.06311580378033765
27 68 0.02121319120356957
27 79 0.5882180051733249
27 54 0.3317257604840783
27 49 0.5641505291348968
28 67 0.09954442910915762
28 58 0.5956028333401395
28 66 0.452330533878345
28 57 0.6016733017215353
28 72 0.7775332098195431
28 30 0.007469053030591533
28 61 0.08463667312000012
28 35 0.8678763183452646
28 33 0.43178581234905067
29 34 0.8690674808711748
29 70 0.17541499617311118
29 44 0.3563288553282944
29 64 0.9260748077344036
29 51 0.8582725785663695
29 49 0.489031625713058
29 62 0.9983713159926078
29 78 0.6543672388997168
29 30 0.9447425089975391
30 68 0.452771357493292
30 77 0.9685646608940792
30 75 0.41641570146281104
30 48 0.7331195608955399
30 42 0.1556640271611276
30 51 0.04488120877939805
31 51 0.4222297367556881
31 34 0.46929204771711286
31 38 0.44068643783962813
31 32 0.5945699332972691
31 35 0.4141784209474444
31 33 0.04645104386498011
31 63 0.5355043522007248
31 78 0.5483827952193586
31 55 0.5627466329341322
32 67 0.17308484151193448
32 65 0.4036042410081291
32 72 0.952431731800667
32 47 0.9325296358242002
32 70 0.7000280298524064
32 69 0.6903178881108502
32 74 0.4381437790517043
33 45 0.21986402245708114
33 35 0.23195320956874432
33 44 0.4164251265382336
33 59 0.8001797518464208
33 61 0.7070449491821749
33 77 0.5946216416213755
33 57 0.7241247864826972
34 58 0.7924956742082385
34 42 0.9722918276045022
34 39 0.7674926738313237
34 50 0.2550155348666583
34 45 0.9207860373565253
35 77 0.26542143559820863
36 75 0.620972268846462
36 51 0.2983870848785225
36 59 0.08643737067648538
36 74 0.8058511427824472
37 58 0.651389504714653
37 64 0.4870504509563781
37 46 0.8854502619327447
37 69 0.8242108922790071
37 76 0.977848354121127
38 39 0.32635409498590084
38 71 0.11048742953959734
39 55 0.11632837180556088
39 44 0.6848549438108409
39 52 0.009721964889602863
39 46 0.41184595416576764
40 61 0.1231921482385473
40 57 0.877650844600413
40 50 0.6917269100914165
40 74 0.7939214488037879
40 79 0.004255662432609553
40 67 0.7116309180791033
40 63 0.37804164009917174
40 51 0.3667865503675485
40 49 0.9362582443249847
41 63 0.21401154359565688
41 54 0.20536096115472746
41 78 0.028827650555610762
41 67 0.03361228510052905
41 50 0.005925353448207105
42 64 0.2764084748132204
42 78 0.4488108663943402
42 63 0.05496728100981951
43 49 0.6455408730863097
43 54 0.5269958667952717
43 73 0.5914082731979599
43 50 0.8035267800676388
43 52 0.3030624262950907
43 79 0.6760332791614473
43 56 0.5377052976240737
44 65 0.04791183297686219
44 53 0.6257022256298082
44 70 0.09169127206276229
44 49 0.30729005948921506
45 73 0.9871067433057786
45 62 0.03148417518792912
45 63 0.4234441812190517
45 74 0.13302613167864819
45 69 0.28864209410815134
45 64 0.41190364047855754
46 70 0.25787487178867674
46 72 0.7420543516363999
47 62 0.44321041880192624
47 65 0.9379827255573335
47 70 0.8902784786951112
47 73 0.12372333255676993
47 59 0.9027503860567255
48 55 0.1673758224702293
48 71 0.35898446966924114
48 72 0.29911812546038896
49 73 0.7971570522871142
49 74 0.8046795638700035
50 75 0.8962186712733684
50 66 0.11482936505803298
50 74 0.2839201795279068
50 73 0.1256764626929412
50 72 0.10171830623757427
50 63 0.972319590970647
50 55 0.2486399147280215
50 71 0.26728855535666585
51 69 0.805178082841894
51 54 0.07212345699801659
52 64 0.06715459775079369
52 68 0.8780592027173457
52 69 0.4714540830473467
53 71 0.3751313780529133
53 73 0.30326460408331435
53 62 0.8213253618729174
54 64 0.4963726179984137
54 69 0.8256262237601429
54 75 0.3073424922725646
55 77 0.8333206052619446
55 75 0.6004288997858547
55 68 0.22097852221800984
55 70 0.24084563986228913
55 76 0.09140565044050186
56 63 0.17360268191731087
56 65 0.9027946735778383
56 68 0.8702881654169214
56 64 0.1898495032745806
56 67 0.1983749689997738
56 57 0.9082982404940293
56 74 0.476112076679689
57 60 0.9192271242632335
57 64 0.41474584600527487
57 63 0.17189554958382836
58 76 0.1467884589144407
58 72 0.3966829833112909
58 67 0.9803648768501747
59 65 0.4379890712838257
60 69 0.4249639208468061
62 68 0.880009747056376
62 79 0.26046207792894893
63 64 0.9425257376773101
64 76 0.1414187143260407
65 77 0.7272587345510837
65 73 0.8399878664051652
65 76 0.5915840196211182
65 71 0.7952301724529003
66 71 0.25684030221621723
66 76 0.3246984627842959
67 79 0.21421718441550563
67 78 0.16180125609576246
68 72 0.35634716997782967
69 70 0.6377421106430121
69 79 0.40025950774170793
69 78 0.04454326936075714
70 77 0.9497022943829815
70 74 0.27233642039367467
70 73 0.8280994248035705
71 78 0.14464772863665598
74 76 0.5552804869996906
75 78 0.1307680172561977
