30 150 edge_degree 5.0
0 27 0.9676171740867627
0 7 0.21732309795100746
0 23 0.7116731681357465
0 21 0.16474164854807993
0 2 0.003868158219163198
0 29 0.6317425078037128
0 12 0.3640112546427603
0 11 0.6383419193920651
0 9 0.8750450624647503
0 14 0.5546798932939367
0 22 0.9388312398975812
0 24 0.6331515937868794
0 5 0.9930971619115373
0 16 0.6361412349689265
0 25 0.3519268615337825
1 2 0.20304331177969936
1 19 0.482676444464449
1 28 0.18933069650549683
1 3 0.2874892086559818
1 8 0.9336944013028132
1 23 0.6167516051599048
1 18 0.0016982846425414033
1 4 0.30382025923084244
1 21 0.7841712851312542
1 29 0.02883526687179072
2 11 0.4755526916062852
2 25 0.5491333730353075
2 3 0.07347385578070331
2 21 0.6485180630546444
2 8 0.25318333904655754
2 18 0.11412108831412404
2 7 0.5911722255995729
3 29 0.5509464707776727
3 9 0.7105582864740126
3 26 0.10393045306247306
3 5 0.3249766817718226
3 6 0.61423492566585
3 21 0.8499538527886678
3 19 0.11850447133562092
4 5 0.6934476674332729
4 27 0.5112670510553022
4 26 0.14352584991346773
4 22 0.4389389193333012
4 16 0.9582740610970811
4 17 0.785905997794137
5 26 0.28560238513847747
5 13 0.7075906643773436
5 17 0.5214368395562384
5 7 0.9614485902500679
5 10 0.13903590182383097
5 28 0.6202908753752943
5 14 0.7873845471437253
5 29 0.9954869178279034
5 23 0.8716567270454981
6 19 0.7179840620458318
6 15 0.19473197526783814
6 23 0.5033338834072794
6 26 0.5278485580418559
6 12 0.5987447501811266
6 24 0.4615776723827689
6 9 0.0984279653306549
7 16 0.1292315051265519
7 10 0.5587671694040047
7 18 0.6668220934543119
7 8 0.5450231761827045
7 25 0.9999853007785764
7 15 0.0001984274864050839
7 19 0.7236367376484915
7 24 0.8427108327284076
8 9 0.4619624987922295
8 16 0.8787791418498037
8 15 0.5676789411752176
8 19 0.20625314401487405
8 11 0.5819720780328997
8 28 0.9146919234784932
8 10 0.8571108614302254
9 15 0.47813501335711817
9 25 0.23097216275383792
9 23 0.9705280458254202
9 14 0.25739240142972153
9 11 0.8210257825869876
10 29 0.8691870602625998
10 26 0.24375877516551758
10 15 0.4754557614451448
10 21 0.6865703223000491
10 16 0.7992611871460406
11 17 0.4221553481261585
11 14 0.4236738032572954
11 16 0.6139153098441622
11 25 0.6862170284761426
11 18 0.16064718205087136
11 27 0.5512256516709031
11 21 0.8175078375300456
12 20 0.8667329166795807
12 29 0.6421358713811255
12 24 0.04485472694621173
12 15 0.5743795246004952
12 13 0.22507304894316482
13 28 0.789010486310584
13 23 0.7689803071892416
13 18 0.821060475638812
13 20 0.5141721267640869
13 21 0.8397064278966115
13 29 0.9453223848639186
14 29 0.6271938945568563
14 25 0.09088964747332595
14 20 0.14332228471185782
14 28 0.8916204190766818
14 23 0.6543877484694991
14 17 0.3476722156597615
14 22 0.6655514711021466
14 21 0.4313197601255926
15 29 0.9026531975187346
15 21 0.2128186197696963
15 25 0.39462166739923166
16 27 0.7662837377989093
16 28 0.4515507743203435
16 29 0.16305227575878645
16 17 0.9139524714771821
16 24 0.9154070285442956
16 22 0.393216049859724
16 23 0.17597612863307044
16 18 0.8239170990136854
17 21 0.8603531927291979
17 29 0.4796300272093118
17 20 0.5246320392314687
18 21 0.4549424989745178
18 23 0.8691516769005339
18 20 0.9081418473923704
18 24 0.4429173851037812
19 20 0.0016782170828630871
19 28 0.31536673163783036
19 24 0.2414206109587378
19 27 0.05659362961490255
19 22 0.3950085896361145
21 27 0.3248893165373803
21 29 0.9683880812182638
21 28 0.0032361245003820205
21 26 0.05221550278728526
22 23 0.37083350632091827
22 26 0.8290487474240544
22 24 0.7436722750639103
22 29 0.2950643483475178
23 25 0.41921758409487186
24 29 0.8716126977997866
24 26 0.09631476629398616
25 26 0.07952319044310086
25 27 0.9148150611701288
26 29 0.4302906200761818
28 29 0.6384844061961084
