80 400 edge_degree 5.0
0 9 0.8588106729951738
0 61 0.10399459541401712
0 62 0.8745622122959846
0 41 0.6544626989468731
0 71 0.9789581278053857
0 75 0.8740207339598218
0 3 0.7324105910221251
0 13 0.00838350905155305
0 28 0.7769092192704757
0 79 0.9656691576321267
1 60 0.8654031360381372
1 8 0.14045285247897588
1 43 0.7881900691533829
1 61 0.2648229128179389
2 37 0.01781277436621731
2 40 0.2779375379414847
2 75 0.01654543188965174
2 7 0.10779135498169068
2 30 0.6646378186583614
2 31 0.36721220449680947
2 34 0.7036939238708598
2 68 0.9321906810523122
2 59 0.2812395933305688
2 26 0.7050214937092169
2 51 0.4643970500989476
2 11 0.27156866858320594
3 34 0.022264257965136203
3 35 0.6591392734814082
3 13 0.7081201825201652
3 16 0.7489983996853858
3 22 0.7561052885526759
3 14 0.06327583475955645
3 71 0.34816032993878687
3 37 0.906911060705754
3 61 0.5962534745120417
3 6 0.924207029295839
3 21 0.5058710131440001
3 28 0.5808481295530015
4 17 0.46021913355698196
4 39 0.954817184154428
4 68 0.8570487357665374
4 67 0.844124474605565
4 52 0.2906580050100198
4 28 0.23949356602062244
4 65 0.7377692085446407
4 61 0.3897242190774185
4 11 0.970804936763297
4 32 0.648580032939411
4 37 0.5781758407405011
4 27 0.8744140871119633
4 76 0.5030124744765238
4 58 0.38424133907294533
4 44 0.9411019452289324
5 38 0.804154434791063
5 15 0.5840991549004609
5 48 0.34251389608071814
5 43 0.4692384105192633
5 31 0.5664834397968035
5 47 0.3719419409854485
5 79 0.8796099572120639
5 67 0.29082473148389243
5 51 0.23907075425801427
5 21 0.41723140580235696
5 17 0.849740525172634
5 52 0.7486667451888317
6 73 0.49758193734657763
6 52 0.49686171117860933
6 34 0.22043610583893058
6 60 0.42349078296925013
6 8 0.7847157309012927
6 55 0.4190157235497951
6 49 0.21981247610486754
6 30 0.7829082326540764
6 37 0.28143722743426225
6 24 0.6372678692689476
7 42 0.6273093661773035
7 61 0.31110490724272866
7 16 0.08674935108266169
7 70 0.5024090761707105
7 45 0.8029763764318608
7 23 0.7035292150678044
7 55 0.5310035096058494
8 77 0.478420935699684
8 61 0.20096803440183852
8 44 0.8317359731916376
8 75 0.4825964037140156
8 30 0.8233429720449642
8 22 0.6709261521212868
8 45 0.034258634752002526
8 26 0.4289395801699022
8 68 0.09576546110334294
9 40 0.46668548193146475
9 54 0.0707194677710008
9 23 0.056608417626869634
9 61 0.7974349403638618
9 62 0.8737201081412399
9 35 0.37030490935503335
9 63 0.5159657982287223
9 25 0.16692001195368988
10 43 0.017622893911745097
10 79 0.7941320914798325
10 48 0.13759451788785215
10 53 0.014883609403527176
10 15 0.3375199198637142
10 17 0.9483055062995113
11 61 0.6035406419784243
11 65 0.8834155290027317
11 72 0.569201347181333
11 54 0.21220724819823844
11 33 0.2572162027966779
11 79 0.4498902832048107
11 40 0.029765389372680917
11 75 0.568844000738552
11 37 0.4072695164051191
12 46 0.7988480364450231
12 13 0.9980940824755071
12 48 0.7406372511724854
12 70 0.915266222339279
12 63 0.02603650913796618
12 32 0.028108695716111076
12 45 0.9239407104919555
12 75 0.6707639128595211
12 30 0.02805851165198192
13 27 0.18780365777838537
13 76 0.23301822285888762
13 79 0.17259532326547
13 48 0.15518644189705266
13 68 0.0041864847274950545
13 70 0.38780718928878666
13 43 0.2449728070149788
13 71 0.9857930524974543
13 23 0.4319160795475049
13 40 0.08794965855309533
14 78 0.3280972645828252
14 55 0.9674468485964561
14 67 0.016345934351798097
14 63 0.6292812008212152
14 72 0.5525908110921073
14 23 0.2740887021595094
14 17 0.6811393701542764
14 44 0.5741701055835227
14 64 0.6075772417212953
15 36 0.26186244919538415
15 28 0.4525266003611874
15 21 0.09339336482239613
15 25 0.3355807658319584
15 68 0.48006848525409884
15 16 0.6146950329253705
15 59 0.3577483065312975
15 67 0.1006625167283891
15 43 0.1852764908134935
15 40 0.07297949501014445
15 58 0.02581345321923534
15 76 0.3796246097350944
16 69 0.4281804903451357
16 72 0.6529916069120829
16 53 0.3558373433053864
16 43 0.003085559695947482
16 35 0.39993988611660514
16 75 0.09644325492116834
17 56 0.021015284547870827
17 48 0.2609993172806502
17 75 0.5127562906776818
17 23 0.9531107715745042
17 33 0.70793596174833
17 59 0.3565768542834583
18 60 0.9161231296078679
18 74 0.06175654122258878
18 61 0.02493937459071771
18 42 0.7805373677830697
18 77 0.7186031431439959
18 47 0.5258612202140962
19 50 0.8206714940648727
19 29 0.913956009207233
19 52 0.6083156848962498
19 33 0.9452012636140159
19 25 0.5898873721686085
19 51 0.7012131115487559
19 20 0.5534613251596373
19 23 0.11617458073339171
19 34 0.48381878872984174
19 36 0.18401757504461846
20 75 0.801966563545073
20 77 0.10522406570866993
20 40 0.8643838172297097
20 53 0.18617053664582628
20 50 0.7807582586831182
20 24 0.729268795644071
21 56 0.7914265577955175
21 30 0.3821961253779981
21 72 0.7783823583139666
21 74 0.6006545321565359
21 77 0.31253947606732646
21 24 0.732581906416767
21 64 0.4683820195629472
22 40 0.6466267736227677
22 72 0.8654675757037061
22 25 0.6491242111206849
22 47 0.9380589892248268
22 67 0.6334841908291704
22 51 0.21543330526492666
23 46 0.9751842439222188
23 55 0.9814689058797383
23 73 0.2508447016840706
23 30 0.9078398156031976
23 79 0.5352429664509031
23 40 0.9744017718515902
23 58 0.6042417309120389
23 56 0.13968174930208044
23 52 0.9864530107969576
23 45 0.2647757757222602
24 29 0.10046144713188132
24 40 0.009740996858895401
24 33 0.5796463351267088
24 30 0.8744206934155038
24 72 0.710760466297778
24 50 0.9581410898019802
24 76 0.08864023792605846
24 67 0.03609062520471451
25 52 0.8761230842147146
25 55 0.4452095720320237
25 34 0.6473192075016108
25 58 0.6734050030678974
25 61 0.1976610068849467
26 76 0.9216133596754983
26 74 0.04823783067237031
26 54 0.861140075922514
26 33 0.5725282366311818
27 63 0.7089375114122827
27 72 0.4246970084053041
27 68 0.05456573882896487
27 39 0.8117328294723087
27 32 0.8805431525221199
28 34 0.7112975438341633
28 42 0.7416119796372418
28 45 0.3799391166631497
28 54 0.03730931206642485
28 62 0.1200564815956584
29 43 0.6739807077109898
29 68 0.9854502208224397
29 59 0.352080860141046
29 62 0.5508008110476479
29 64 0.25137989518621284
29 56 0.4851099651520119
30 75 0.9177541996315646
30 64 0.28553290829659095
30 55 0.6294142280289003
30 41 0.353110344320828
30 49 0.6551143235085164
30 67 0.027054041666578543
30 52 0.7014787045286424
31 34 0.6968937139453438
31 58 0.06067559252353283
31 71 0.6961740563522711
32 47 0.7009454523908767
32 69 0.8700748592263567
32 46 0.2510892595063947
33 70 0.1584210803782411
33 55 0.2846019750616332
33 66 0.782886955286507
33 76 0.6025782288386204
33 71 0.41696906554957136
33 37 0.8673928705179109
34 73 0.5342027377435348
34 64 0.5579429283353277
34 57 0.6413840232328365
34 59 0.7476148052194515
34 75 0.6242004757865804
34 74 0.9245632372000749
35 70 0.5537577930120229
35 62 0.08412420279381805
35 43 0.625402592178606
35 59 0.756958648761998
36 69 0.9353256783833767
36 61 0.19514534445773735
37 78 0.4049114038642021
37 66 0.7221152215031196
37 53 0.975854450501104
37 52 0.6741759611003383
37 72 0.7631962371425393
38 53 0.2692709627622263
38 55 0.6934550226794036
38 70 0.8608285932569247
38 58 0.14320481002464736
38 48 0.24409571083356574
38 64 0.1374164165597982
38 46 0.9858152258562703
38 74 0.8643338023915965
38 71 0.854486020252682
38 67 0.1968481973563978
38 62 0.9450419115157297
39 64 0.5045526242640209
39 61 0.6514656619887673
39 63 0.7052323418437576
39 48 0.36156183240251305
40 46 0.8015302474314505
40 47 0.37934512417316324
40 53 0.38240709398096895
40 72 0.8356039818207487
40 65 0.26444788150590715
40 49 0.14210623383014453
40 57 0.280023449836447
41 69 0.20848353077445125
41 76 0.9258337386558887
41 47 0.8056723528417274
41 72 0.6408030248776078
41 43 0.35286858390695486
42 75 0.141307893054751
42 54 0.0980626694224821
42 51 0.2109036143719435
42 44 0.4072789734021317
42 79 0.10317313582936538
42 65 0.16134829522330751
42 68 0.25602818238653446
43 74 0.042812607839038175
43 44 0.6782226991772691
43 61 0.9905960307829433
44 73 0.17714998913417346
44 75 0.07236538840740014
44 53 0.2502605242025828
44 49 0.772069257265439
44 71 0.29295494757598994
45 59 0.6584761650915671
45 77 0.7737786360821012
45 57 0.7923797235834824
45 65 0.3148827243207163
46 72 0.380145757720165
46 79 0.04156796146249131
46 67 0.5921544708896181
46 53 0.9057648875686372
47 77 0.7339484709205395
47 63 0.8394411507342895
47 67 0.011604077392784018
47 57 0.2569953055843667
48 58 0.7379724128449276
48 78 0.18086999248589286
48 69 0.518298270070597
48 64 0.5564706013502918
48 61 0.4321917908163987
48 55 0.4093143209937553
49 66 0.6423891628903557
49 54 0.3813411472591207
49 64 0.4931152408477508
49 75 0.16181611618152203
49 60 0.31118264231168036
49 70 0.7682906200634338
50 73 0.6378901720411699
50 78 0.011789841458324068
50 76 0.4749029878262023
50 62 0.3623521614035278
50 53 0.07385634808438946
50 63 0.05530749460270801
50 77 0.04926096045059858
51 73 0.8578998148962509
51 58 0.7548491648256136
51 76 0.9429413130029145
51 64 0.01621789700753773
52 74 0.19739502176828605
52 72 0.8302832667165962
52 56 0.7556931566088713
53 54 0.27514540911263485
53 74 0.8946305198308875
53 58 0.5866691860845195
53 61 0.23859731308346976
53 76 0.35144224985544326
54 66 0.5577941792521711
55 71 0.905136223439397
56 75 0.24907634821943303
56 67 0.8082053675726552
56 64 0.07001507917695693
56 62 0.4279281228404702
57 69 0.20667514854317393
58 66 0.23747788937856995
58 77 0.2533646489887641
58 68 0.6205140522798777
59 74 0.7578225748579773
60 74 0.07105910649541924
60 69 0.9576172088472082
60 70 0.85526162702874
60 76 0.9803456807681052
60 63 0.6264936682532025
61 66 0.581967849264309
61 64 0.24120199233717077
62 64 0.5261675935677623
63 65 0.032688155479841385
65 79 0.6299796192955913
65 72 0.7701600085208415
67 68 0.03961948797714543
67 79 0.7514618562344721
67 69 0.7141141492257734
68 74 0.31085285860731526
68 72 0.361980657650273
69 70 0.8215556657639206
70 74 0.9601532296176681
71 76 0.23169360005567685
72 73 0.41944968343357836
72 74 0.14117054543779128
74 76 0.0750454719598791
75 76 0.7817029133424812
77 78 0.56695601857381
