30 78 edge_degree 2.6
0 2 0.6129268011132609
0 29 0.5235277751312493
0 1 0.7517591918277017
0 10 0.5565852912278982
0 18 0.3691158728263987
1 7 0.04275649972823947
1 25 0.30261595210197223
1 2 0.4569318993069602
1 26 0.07248212656732522
2 4 0.13888058416231386
2 11 0.3588819120322263
2 8 0.23029589305220266
2 13 0.37349377310699317
2 28 0.30722831027032593
2 26 0.477179539225122
3 23 0.868842113472201
3 26 0.9376717908322502
3 10 0.9093077024768556
4 10 0.7084173385673757
4 24 0.1675156994920325
4 8 0.7941090051544367
5 24 0.9804158579459119
5 6 0.24384472130499213
5 7 0.18804317988401908
5 14 0.7516483736115813
5 11 0.2572813642923796
5 29 0.8032131378489082
5 10 0.4449793705213534
6 8 0.9902493262929729
6 13 0.6754702927055912
6 21 0.9867958138016238
6 29 0.27109655521125986
6 28 0.7139515292310541
7 9 0.48758981447925087
7 15 0.45436013030059663
7 22 0.6759917078126221
7 27 0.332751006167177
8 11 0.6994673700167274
8 25 0.9400774935462283
8 26 0.5548799791864606
8 16 0.4641155558675293
8 14 0.7113443526330899
8 24 0.051127084225847885
9 29 0.8108524695313294
9 26 0.42250253975643504
9 18 0.6752132191949629
9 27 0.4752097963262294
9 13 0.15732467926725457
9 14 0.45438771037986825
9 23 0.40401989887975587
9 10 0.007379137740161856
9 19 0.6421156378161106
10 21 0.7995543146616676
10 18 0.9169093653767791
11 22 0.804313356447035
12 15 0.39994426899240065
12 17 0.8598335230761989
12 16 0.15901837466080448
12 19 0.9614027790894457
13 19 0.5082405329017541
13 23 0.5428655456001851
13 20 0.4413775357999222
14 20 0.008782513200858766
15 22 0.7956231000793034
16 17 0.7065783686981478
16 24 0.5173744367897632
17 27 0.6318679843453772
17 20 0.8703798962520272
18 19 0.1968306717051187
19 27 0.17381057121914645
19 21 0.745493319231185
20 26 0.81773395125478
20 27 0.6224553053544638
22 28 0.25782711699358674
23 27 0.8000097731902334
24 25 0.14240959173719347
26 29 0.35320825965488756
27 28 0.5043871265071055
