80 360 edge_degree 4.5
0 76 0.8516800015997037
0 47 0.4872188244921287
0 44 0.962281212541568
0 32 0.7755276387779342
0 38 0.6290444860099866
0 34 0.7500295001879801
0 36 0.9371415031202227
1 27 0.8779803539325512
1 57 0.5966126607731013
1 74 0.277293644177122
1 61 0.014790894324859916
1 24 0.5096171802131289
1 17 0.13261409662410617
1 16 0.11785031489943831
1 20 0.9851913994719044
2 38 0.8649775822765414
2 32 0.4127818263951467
2 70 0.2948380473959161
2 40 0.4171280584642999
2 16 0.29695519182280494
2 7 0.2513789314055478
2 79 0.35096763236852146
2 18 0.0007515044908378288
2 78 0.6748068324754078
3 59 0.7296177327286772
3 34 0.9510085287915296
3 61 0.5983420293657252
3 67 0.7199614522462346
3 42 0.19130350085092274
3 69 0.4545553914710744
3 25 0.6683396305369229
3 56 0.021433189080805937
4 37 0.7039077809945478
4 30 0.2669872290772092
4 7 0.15643585713988473
4 39 0.9906174146535054
4 53 0.7786148660680433
4 47 0.9846369036221774
4 60 0.7450623622040751
4 16 0.23074645438429942
4 73 0.30075297721459227
4 75 0.5872841545526938
4 61 0.5373794359788941
4 44 0.5948327504256823
4 20 0.37852849626229634
4 70 0.062073588011669845
4 6 0.026225887656304403
4 8 0.34460899507592524
5 23 0.6027591350313128
5 60 0.4940794351722201
5 37 0.7841936304776215
5 71 0.43777983248707997
5 25 0.9208843635262887
5 26 0.26461389043313377
5 21 0.6824296662260999
6 31 0.6575364609170485
6 20 0.6078315215869261
6 17 0.8888532324460101
6 8 0.7020111468189997
6 15 0.4465248387691161
6 49 0.4664531230832277
6 60 0.8378385779391118
6 7 0.8183743269763978
6 25 0.04679131048561913
6 54 0.13326575744188396
7 22 0.49799167054213744
7 53 0.967382082106559
7 73 0.13427245520992248
7 17 0.44248839380755667
7 59 0.4253210498475869
7 35 0.9015166011847999
8 33 0.16926446478856583
8 43 0.5157837559490572
8 46 0.922624521741958
8 59 0.8543783926392078
8 10 0.7186940693998612
8 54 0.010219761467160304
8 20 0.6484492709370471
8 70 0.479434078493687
8 12 0.6773257722899483
8 36 0.6446941662008979
8 39 0.24532897812250287
9 20 0.6475795224898854
9 75 0.6996654968565613
9 35 0.271486665211509
9 47 0.17028580583124275
9 30 0.3095203574025266
9 27 0.7138918220314394
9 12 0.5112688127974575
10 19 0.7421983049371073
10 76 0.9743824001773124
10 53 0.808990871389251
10 43 0.6901735081994971
10 62 0.6404303912723162
10 79 0.11337303205823368
10 29 0.5987303726936622
10 68 0.262735449472809
10 54 0.32632574061284203
11 55 0.5886321192634393
11 69 0.8652460386247958
11 62 0.8327575749080304
11 77 0.8777422410164398
11 15 0.8789499624706436
11 33 0.6919261738415663
12 38 0.8079636671753117
12 24 0.4957846813222253
12 44 0.20266943302306217
12 20 0.1559715608452219
13 69 0.6529680129139374
13 59 0.06924485183720741
13 52 0.42250873335829897
13 48 0.7124059591059205
13 67 0.6029652883553854
13 40 0.4256744619062889
13 34 0.05553789474581339
14 20 0.9656332313829
14 18 0.4453473693257557
14 40 0.875572056308257
14 70 0.6964948478219503
14 78 0.3622266182510716
14 28 0.389936630662054
14 32 0.7378157534131491
14 17 0.029263882338650182
15 31 0.48272123981179993
15 79 0.9402513427497147
15 77 0.4967047930384856
15 28 0.35501773095618805
15 73 0.2904882317113595
15 19 0.4148433922919281
15 42 0.43513004008595757
16 26 0.6694473125289808
16 72 0.18020678950067337
16 45 0.8099467748032794
16 73 0.5403955673884623
16 41 0.1477348377102632
16 54 0.1394489849160423
17 79 0.893112687524027
17 25 0.41042379497404136
17 50 0.40637397188542734
17 37 0.40803122787667323
17 30 0.8245876020371932
17 27 0.17779332584618412
17 45 0.12624209358854688
17 21 0.5387918180882071
18 21 0.7845173568648776
18 46 0.1693765315232043
18 53 0.5952519725634114
18 37 0.26012687794041844
18 66 0.4902107980894016
18 20 0.32072342035961887
18 41 0.838539331149744
18 36 0.08512350799579904
18 39 0.3291040720133638
18 57 0.16097653661927747
19 47 0.35844174823322705
19 34 0.8863678890194695
19 54 0.4508249847432074
19 56 0.8627179658566722
19 37 0.8127640722153916
19 20 0.2434791119559413
19 70 0.6691918598281463
20 25 0.464006600319692
20 76 0.9985463186981952
20 35 0.4182282629307893
20 59 0.6005231493450927
21 55 0.9478822772066235
21 66 0.5762211819103495
21 67 0.2805690004122383
21 78 0.13584894988658291
21 28 0.6180171931045226
21 61 0.02104937229711179
21 77 0.3823705129578484
21 56 0.37647420986143265
22 39 0.6435496303659979
22 63 0.1357284321539194
22 43 0.6929053977218699
22 57 0.3261925089765688
22 49 0.8135202138046017
22 30 0.8899873018885665
22 24 0.9630058088858805
23 49 0.22710480802508326
23 26 0.3588486951115153
23 40 0.7303052805077264
23 43 0.8948888351872498
23 79 0.11085181853398152
23 28 0.8249722470916923
23 61 0.9157323943745916
23 78 0.9270607115653138
23 52 0.8101182473545017
23 50 0.9691245043166441
23 25 0.17229675048024884
23 39 0.2560515596608277
24 70 0.43063504148875154
24 68 0.06032929955066857
25 69 0.0581241619600793
25 49 0.15572858157690217
25 79 0.639442363184084
25 46 0.9677251372979695
25 37 0.9233827234156514
26 27 0.3187092897198964
26 43 0.4827950385152683
26 30 0.42551625462275156
27 79 0.331247607711495
27 73 0.32186556464571736
28 63 0.18307646392164978
28 33 0.8431249691971427
28 70 0.7789879083488134
29 34 0.35747799563071847
29 73 0.20921300533531095
29 67 0.777319274163348
29 59 0.20666390729206252
30 32 0.408267327108775
30 58 0.320660155766453
30 45 0.19448053102848706
30 36 0.5413672172199956
31 48 0.29539450960404434
31 73 0.6503374233030508
31 56 0.21400759531560531
31 35 0.28906083752374834
31 62 0.5475739421356559
31 60 0.5267222198880597
31 63 0.0754441720348078
32 79 0.24333134549059598
32 67 0.7875030504195014
32 58 0.6805890500918186
32 41 0.6704506224006517
32 53 0.527561041452319
32 52 0.1574596942778277
33 37 0.36012353167654565
33 76 0.1153121921479694
33 63 0.11073789699818626
33 55 0.03986005964297401
34 65 0.21704553748947397
34 67 0.7738238502286845
35 52 0.6483502075001384
35 43 0.40963104832151054
35 37 0.09440545643039244
35 62 0.005212297990903392
35 59 0.2220897218455754
35 44 0.48974327386519534
36 64 0.38415880704596783
36 61 0.6478701534696035
36 37 0.659909163091297
36 38 0.2756220184995085
36 60 0.48569280530493997
36 66 0.793950597917621
36 47 0.9197622235573558
36 41 0.6781103035677278
37 40 0.6511189725721865
37 69 0.44290352211863204
37 74 0.043215568834619966
37 61 0.5647490626871751
37 78 0.37313758568906363
37 71 0.46285241437465174
37 42 0.2986333823800974
37 55 0.9503548156252095
37 41 0.9891024118510681
38 42 0.13387361411742282
38 53 0.10068719456717778
38 63 0.5232510421689436
38 79 0.5926595331510005
39 45 0.3735700022798649
39 61 0.7728837217441136
39 40 0.08711319199405776
39 62 0.4200331906734819
39 57 0.3946977621923071
40 61 0.7734361345105696
40 76 0.03237327295709125
40 47 0.12377078640698225
40 51 0.68193685597255
40 53 0.5111522033054866
40 57 0.473801600213239
41 72 0.46427216490671286
41 61 0.8243996865230735
41 54 0.13016569093592312
42 63 0.04375373158536944
42 46 0.1211385552324753
42 68 0.42366179602670706
42 45 0.9084052196004886
43 65 0.0009093213913493603
43 68 0.5891493648011471
44 59 0.817870817755647
44 76 0.2580005776678934
44 45 0.7089439941578736
44 52 0.34561068807434037
44 51 0.2152695215329422
44 78 0.6379582325969285
45 67 0.8627855912081654
45 51 0.7318117518330824
45 65 0.7319221188543166
45 75 0.30404620219143064
45 47 0.6663361213633539
45 62 0.10247323033546929
46 53 0.7780517251949134
46 71 0.4234992693390194
46 75 0.2788584631424663
46 66 0.4477290464049406
46 51 0.55603607730731
46 59 0.5011692887618996
47 60 0.2995514374273134
47 75 0.731408444788498
47 59 0.12110276669137421
47 58 0.016103163526857256
48 74 0.8353995076575895
48 68 0.25171441446378806
48 78 0.7305480568398277
48 76 0.6608959863065588
48 72 0.9871922107602369
48 49 0.3931171108029151
48 79 0.9473393244878805
48 66 0.5238074173542434
48 71 0.8522703218306348
49 61 0.7245790432816589
49 59 0.03755637005526735
49 60 0.23880268455996756
50 60 0.041110112114749464
50 63 0.42274003270485205
51 68 0.2691298411264692
51 60 0.4796691903440822
51 62 0.4088541002858227
51 79 0.5594216977532589
51 65 0.9385549190494239
52 53 0.9729474478522477
52 57 0.042576680300373315
54 55 0.5751200742932971
54 60 0.9227687166815424
54 73 0.7162922895326164
55 74 0.7324346399534901
55 77 0.3909215009580329
55 76 0.9613364600486741
56 79 0.8439526505712378
56 75 0.6503482200681712
56 69 0.9140850881075074
58 79 0.7034073236741263
58 62 0.4862109474362921
58 70 0.8829204482782534
58 60 0.26206718062702317
60 61 0.9542366687709063
60 70 0.9582671454624911
60 66 0.9461326382927095
61 72 0.8157185496737942
61 62 0.2981159127748204
63 77 0.15892051391101647
63 70 0.33554766965863647
64 70 0.5933910382698708
64 72 0.8201758030141489
64 76 0.8264943813435073
65 78 0.42937881343879125
66 74 0.6175560613501557
66 72 0.4667459251299152
68 72 0.5380298116118387
68 71 0.1916130476704605
69 78 0.592790642269372
69 74 0.45534901474058154
69 71 0.5231560458547352
70 79 0.26489282561848326
70 78 0.2739943968478932
73 76 0.7650829659785602
74 79 0.44897934586992916
75 77 0.4927106278827763
