60 120 Varying K k
0 44 0.539012993405854
0 56 0.018500039057063544
0 14 0.46106659068728484
0 24 0.7001186493751475
0 22 0.7662805648598837
0 28 0.02177608640878337
1 57 0.6333652132416363
1 20 0.7554978702883699
1 46 0.13385335495958461
1 59 0.4854660301658936
1 30 0.24951964860680942
1 51 0.0030123542240543255
1 55 0.42882743022466807
2 30 0.06911374161397665
2 19 0.6949425339202444
2 16 0.280691392628593
3 27 0.4267785988420296
4 48 0.3400245341075806
4 5 0.15800951366044347
4 18 0.1541730390338646
5 23 0.8373205983727651
5 55 0.3584125118580189
6 31 0.9928373641333181
6 57 0.7742571381986002
6 11 0.046230366443558824
6 32 0.30485553827204137
7 16 0.4874751091627596
7 47 0.5123537309629452
7 17 0.33978290925503396
8 36 0.1580124587126044
8 51 0.17649546647930392
10 49 0.3661237426705277
10 41 0.7105120488397165
10 32 0.22656535881028095
10 42 0.6610900870012856
11 23 0.9309800818506464
11 35 0.6367672733598151
11 37 0.8015502938709421
11 22 0.46346175684964575
12 42 0.9490473616640479
12 49 0.043647424278459024
12 35 0.524610764917376
13 50 0.09631934106666218
13 27 0.9638340823246905
13 35 0.08601084112138202
14 37 0.8528350444482783
14 33 0.6809572713018996
14 22 0.637139017984582
14 43 0.11877600511165043
14 48 0.32714878177903994
14 25 0.4932842001538126
14 40 0.6348742472013507
15 47 0.18007452585932415
15 17 0.8132389715260038
16 33 0.44327353512064727
17 28 0.4926567373634232
17 58 0.6822192593554555
18 29 0.31858088031830634
18 55 0.701902390119326
18 19 0.5863520545464984
21 57 0.35420349770824444
21 39 0.614131808330863
22 32 0.9449333968432475
22 29 0.8337448770415128
22 26 0.5660025980459645
23 25 0.4590350127870251
23 36 0.6956154176591569
24 41 0.5724660205839445
24 53 0.3168048095720679
24 43 0.4244961377075879
25 32 0.8375918181115266
25 51 0.2556701346417637
25 37 0.7001906531610753
26 53 0.35963808556498145
26 42 0.8203493489360687
26 32 0.6603700496435981
27 38 0.16860748170350737
27 32 0.46453043217329426
28 30 0.6841035843200005
28 48 0.46422230007173715
28 42 0.6918211031823749
29 38 0.9591067774082015
30 55 0.5143376345149787
31 48 0.10193901977861963
31 35 0.8843598389569985
31 54 0.49773650056743435
31 46 0.18141530258411798
31 52 0.5861933308068153
32 59 0.30281284126354313
32 47 0.39647620758809454
33 53 0.4332693242022171
33 49 0.4130128828197851
34 41 0.07341485725823449
34 58 0.9262561165255278
35 58 0.43600546960417697
35 56 0.21460974071686323
35 55 0.3456404677634366
35 42 0.8602921923343266
35 51 0.5067534928286614
36 54 0.5067877551970909
37 56 0.03037499907933383
37 54 0.7519486649358075
37 39 0.5503572484305285
38 46 0.9148028990379424
39 50 0.4726825649062939
39 51 0.6848062819201891
40 46 0.8004321534328186
41 59 0.9369132230829137
43 47 0.9033941424700038
43 53 0.4099640619636229
44 49 0.19951148078819447
45 46 0.542486369199786
45 54 0.3601690541350556
46 51 0.058357825676877195
48 49 0.9804251810214226
50 54 0.655191163915988
51 54 0.19843257962455563
52 56 0.8689590932416886
52 59 0.8589963183326021
53 58 0.8097938547505019
