80 160 Varying K 11
0 49 0.7760069365399738
0 4 0.5532103834382607
0 67 0.8471005156898213
0 9 0.9824199436288896
1 24 0.24463601000787372
2 5 0.6453786104406883
2 71 0.11188066889433546
2 12 0.21380334128614054
2 74 0.524556859706754
2 46 0.37722674112676857
2 39 0.33306693787666
2 25 0.9492800018726879
3 46 0.9026220553420949
3 22 0.23541082643251776
3 31 0.5322699753306849
3 8 0.4548595458369784
3 39 0.0474326131625632
3 13 0.014120268333012609
3 66 0.48390241092004127
3 36 0.40564779945888163
3 79 0.26678881540542854
4 74 0.47013935061335144
4 34 0.0661120847949358
4 54 0.8165789212966429
4 32 0.905620126817899
4 65 0.6878914477593372
4 19 0.5840752208807699
4 11 0.14666815064888838
5 75 0.5156230552804271
5 77 0.8330546499249528
5 60 0.46266650043848623
6 73 0.8305718350527065
6 75 0.3618132042377875
7 11 0.4625920070156476
7 13 0.04381888327504424
7 26 0.402934593530876
7 46 0.37026816703459753
7 17 0.16918676337405902
7 57 0.08660590934001977
8 53 0.7438568976922988
9 43 0.6346204714598521
9 56 0.5113047264486067
9 28 0.9891739666439722
9 12 0.359152377659841
10 46 0.9889232326059871
10 14 0.2174501587000437
10 32 0.05034392103625851
10 78 0.36061168772441043
10 54 0.8124004218791812
11 40 0.04712830831388348
11 65 0.4433275449140637
12 21 0.004165312057918258
12 61 0.29842023688345265
12 52 0.47133276547584557
13 29 0.9101752364511848
13 30 0.683392002824709
13 27 0.1158909946699671
13 39 0.8368735619915224
14 36 0.26012561590881456
14 20 0.03658387626354154
14 73 0.06248825789811607
15 66 0.6387375731403339
15 32 0.018552821687683574
16 20 0.9822918598333624
16 57 0.30346885261326006
16 37 0.4925684956967116
17 65 0.9344712335629999
17 66 0.09543002623550179
17 59 0.9091328116749012
18 43 0.9748130001840244
18 47 0.5269686267635867
18 69 0.6373144592409763
19 31 0.8347413574531886
19 79 0.049010044504904315
20 55 0.007635408027474977
20 57 0.8552008516742661
20 29 0.04996438817172699
21 39 0.7395870928852796
21 67 0.27675188062442746
21 41 0.1992936519327303
22 71 0.45612804313639077
22 41 0.01801247951992102
22 46 0.43036424224763403
22 45 0.8052600860470724
23 57 0.11648005472321221
23 66 0.5653768504914997
23 29 0.37963509585400956
23 74 0.7662056136383855
24 62 0.04231329191411459
26 39 0.04465376262900356
26 55 0.46836632782641785
26 59 0.41613566505900723
27 77 0.13846944360543245
27 48 0.9228060086740497
28 62 0.4161850814925455
28 60 0.9713453432144429
29 30 0.6134464131499586
29 58 0.8816347081747538
29 31 0.3992848275755144
29 75 0.26239494712508193
31 67 0.7041152370201438
31 34 0.665822924792169
32 77 0.8522215453207285
32 47 0.6208392736295366
32 46 0.0395465351640113
33 51 0.5706807694786167
33 70 0.19230746000171695
34 78 0.6660253643788364
34 75 0.46348342258979847
34 61 0.5122473100963599
35 62 0.901936180779075
35 54 0.8388032406889909
37 47 0.8158935345675873
37 63 0.627375260686899
37 50 0.43048449119829946
38 64 0.6735071087693595
39 61 0.6591863512948853
39 68 0.39917047688582996
39 47 0.5303629533881781
40 59 0.7130053675774582
41 65 0.5292936628014339
42 50 0.8088441361670262
43 62 0.3221684958216875
44 72 0.8167605430624273
44 78 0.625042973240714
44 50 0.46182953002541305
45 46 0.3568183102991991
45 65 0.4827997334678783
45 58 0.6428706339263767
46 65 0.035691716788795014
46 75 0.7843597381189061
46 79 0.3871368695994921
46 78 0.84765842548924
47 69 0.9636905455924589
47 50 0.7886691028197449
48 54 0.7184653094478949
49 52 0.5253817323122276
50 65 0.6120776094121247
50 62 0.4997471338724112
51 59 0.22083929560609117
52 75 0.8867625980134465
52 62 0.9389739200657335
53 67 0.6716427346736518
53 77 0.7256294659828654
53 62 0.15755601299788657
54 65 0.3258390229852546
56 64 0.1864427397772016
57 70 0.7749588150769853
58 59 0.8014220421639552
58 71 0.664823468019022
61 67 0.09225607119144785
62 65 0.6054048502763419
62 76 0.671161455778836
63 64 0.20175482053904326
64 78 0.5918262538596019
65 71 0.31495849449129965
66 71 0.718180613871632
66 74 0.8622332064469157
73 74 0.4905342870140381
75 78 0.49215366414498385
