60 120 Varying K k
0 58 0.13723617282924205
0 42 0.21600314689826827
0 19 0.5916815599407776
0 21 0.6873266977630441
1 52 0.6307910855763422
1 59 0.17554711994652128
1 9 0.43107131127787357
1 24 0.39545602294575966
1 37 0.40493724561012967
1 23 0.17302392583785464
2 37 0.6475133986972113
2 8 0.9765869656433372
2 38 0.22161526724642666
2 24 0.006694017631837856
2 15 0.01832987726609492
2 12 0.25492472176035075
2 55 0.9046875185551914
3 40 0.5174565551970041
3 43 0.9864474479317684
4 38 0.4404060938879699
4 49 0.9920062715879635
4 7 0.9533178073259905
4 51 0.1546767503087576
4 6 0.7575885689888283
5 22 0.32499836012312555
6 23 0.4751242401282155
6 36 0.23849196498772374
6 35 0.4661997017370987
7 55 0.6074208946965488
8 34 0.4467358650288261
8 56 0.3739358034521162
8 23 0.06697605465869083
8 40 0.18626477988488244
9 55 0.09344779155851068
9 44 0.7502824270581943
10 48 0.14373207899893914
10 44 0.4223041918074012
11 20 0.9072825712309144
11 23 0.5099492860685192
12 14 0.9325384459386014
13 31 0.3455904199687063
13 40 0.7668859882982355
14 40 0.5872294303036216
14 37 0.23782870917011623
15 37 0.04993177278341465
15 59 0.23739423617631006
16 35 0.998072093855045
16 43 0.5258914767354042
16 39 0.16470173358430684
16 33 0.14029478710169663
16 40 0.14928862047865432
17 55 0.09472803936819596
17 54 0.07037965851334549
17 18 0.5992316388677642
17 32 0.287707257741576
17 45 0.059661215631594766
18 27 0.9662658030814991
18 26 0.4178231391045365
19 49 0.23284653629251617
19 26 0.1969159121390508
19 27 0.052978008344180205
19 35 0.042825192163948755
19 29 0.05343828166979847
20 34 0.352475418767193
20 21 0.6424913011573729
20 37 0.8357704875909322
21 57 0.575953837063407
21 35 0.41162726866649546
21 40 0.8554460707763915
22 34 0.11792703205403232
22 29 0.7910893170502477
22 38 0.21288525645385703
23 58 0.8501287530350936
24 47 0.876940405526388
24 56 0.5330722587927647
24 36 0.4020168315642165
24 33 0.19382759426897278
25 40 0.4146204665845543
25 46 0.6132097597347929
26 37 0.9617995024792634
26 57 0.13212266962480335
26 49 0.06541550856684486
26 50 0.8436904000265714
27 58 0.9139317379848845
27 49 0.5562278481435332
27 40 0.5239978854201237
28 59 0.5439698726183844
29 55 0.2817757966529435
30 38 0.5123439662255196
30 53 0.35168637672833714
30 45 0.990298890907331
30 35 0.3847878457420839
30 54 0.9616619993642638
30 40 0.08813755085851971
31 47 0.027154415990873426
32 53 0.8950276326069218
33 59 0.404263254658219
34 53 0.3495969812242762
34 38 0.2115692493818423
36 51 0.7451156332510058
36 57 0.5477549363034538
36 53 0.5128729291372875
37 40 0.21232744188177044
37 45 0.531330744315748
37 39 0.7938824732018043
37 38 0.8448373022517255
38 42 0.337409579459805
38 43 0.5799271111873989
39 48 0.8770610466005822
39 51 0.24661776142087655
40 54 0.9326531307962668
41 45 0.9016864706147829
41 55 0.543329715503668
43 58 0.924017971357206
44 55 0.7869693466190346
45 50 0.9229907080284125
45 46 0.5872178557056351
46 58 0.8372351735733821
55 57 0.7339642604012423
56 59 0.7887932925420713
