60 120 Varying K k
0 58 0.5841673293849452
0 36 0.41621246259935085
1 4 0.21268008702136776
1 59 0.9593505781667521
1 2 0.5852155964021059
1 20 0.3845157197549083
2 51 0.03620165522277552
2 5 0.29527584502861237
2 23 0.16251100152032005
2 34 0.4406619738375954
2 7 0.07614980352157741
2 31 0.4298439633880222
2 12 0.5172831346752467
2 16 0.09907473384019194
3 14 0.745253342931534
3 53 0.27010247323431
3 7 0.6386225033456743
3 20 0.7516804952433532
4 26 0.34301078969393894
4 52 0.8634765870147167
5 9 0.8579065754131475
5 23 0.7111853479977487
5 17 0.2511852390531665
5 57 0.3430887263698562
6 46 0.5202958838876737
6 52 0.7525338995560533
6 20 0.9612207720659788
6 28 0.6455202280300975
7 21 0.2685653999584753
8 16 0.23077602211144577
9 21 0.9532771157093988
9 49 0.884296062165335
9 38 0.548256995120848
9 16 0.49484641070150537
10 12 0.16706319295622207
10 28 0.14426600147399338
10 21 0.2911848889465213
10 29 0.26178086371156073
10 47 0.047200233488744026
11 49 0.5360820519715286
11 15 0.6645693309019196
11 22 0.2838580596590692
11 59 0.8863433850608519
12 26 0.3694942154126737
12 43 0.9113997848727614
12 58 0.6858636243931022
12 57 0.6660332563302024
12 30 0.8048372674420446
12 15 0.7319018575773012
13 16 0.3475145014410541
13 27 0.8169116026967163
13 58 0.5381749823734148
13 31 0.6191185387705906
13 33 0.07691928779769175
14 19 0.06160888169213874
14 45 0.43160265207594317
14 26 0.19600592607523804
14 49 0.70035070838085
15 19 0.7693242315765214
15 30 0.8027228040859242
15 55 0.16566380599200026
15 20 0.6547518351466505
15 28 0.8708460847704681
15 16 0.28511560316228335
16 51 0.6748629422112581
16 52 0.6570750606756298
17 23 0.7594243199428768
17 51 0.7927010166953005
17 33 0.5009866685999065
17 28 0.7533523698559527
17 48 0.1551157453904567
18 58 0.6959987885670028
18 19 0.5389969271308594
18 36 0.2907138397672798
18 27 0.18194779407942596
18 29 0.5552249262204303
18 47 0.6702460337744275
18 20 0.6725376730730162
18 39 0.2341325540325947
18 28 0.8752544141768779
18 49 0.3137263785814268
19 53 0.06544717558404511
19 54 0.8799215755313115
20 37 0.2076450888421537
20 43 0.481115532950923
21 42 0.4765593437424249
22 44 0.7096266751348913
23 50 0.08113589035155944
23 51 0.8101405802435185
24 32 0.7521185455213768
24 38 0.989666893401917
25 30 0.8190333173244909
25 35 0.033389527918107786
26 41 0.08359753926285507
26 28 0.46197549676958904
26 55 0.18715407199226652
27 38 0.014607089305366694
27 47 0.38880741735030566
27 53 0.24493729506916784
29 40 0.8450278006317681
30 44 0.3127726828185462
31 37 0.31938843671491035
32 48 0.3893573338183416
33 34 0.9094222262428711
33 53 0.35911925614407325
34 41 0.5916643606228187
35 55 0.1400733978205897
35 40 0.6898407010756624
37 39 0.7514483435549401
38 54 0.3011149980366964
38 43 0.743536892689004
39 43 0.5578643260447763
40 55 0.3393319470277676
41 53 0.9246857016899916
41 56 0.4949857506342281
45 56 0.8119169403617492
46 54 0.7837625428765387
48 51 0.3143446647103516
52 59 0.8394116372459189
54 56 0.8395867071277457
