60 120 Varying K k
0 46 0.1535131576793629
0 55 0.2785338022306004
0 13 0.2075878202748067
0 38 0.25458944978202636
0 53 0.6503379121102442
1 33 0.5769068336709846
1 19 0.3531610504237148
1 47 0.9327377445304602
1 25 0.16361250537460925
2 28 0.036002513008096426
2 27 0.11106209643035014
2 25 0.5455805209146082
2 40 0.936519859323557
3 41 0.8266530624294666
3 16 0.5956230627905171
3 46 0.7247847987200797
3 58 0.024036038048010244
3 54 0.07967814198982615
4 51 0.17718843281052676
4 21 0.8224653887229717
5 13 0.6416362955567199
5 34 0.24217778055003247
5 40 0.43444794609480586
5 38 0.1180905602384178
6 34 0.3179866340016886
6 37 0.9298125264516337
6 26 0.1089272409829708
7 23 0.5476293135658018
7 48 0.13569529815974513
7 9 0.032007302346999444
8 39 0.8077920312176397
8 13 0.29266162454746825
8 40 0.8333404070083577
9 16 0.1287784788779357
9 58 0.4645484689839865
9 46 0.9404461837222694
9 26 0.4510827288619693
9 23 0.5175280768186523
9 29 0.18736342551972884
10 57 0.05388800128551241
10 48 0.7547094262405486
10 55 0.33986190391544313
10 18 0.148767723702951
10 59 0.7324212448197293
10 30 0.15746804297353867
10 27 0.9551017185276462
10 54 0.5258398170023892
11 17 0.6270538010935874
11 13 0.7552285625812427
11 20 0.9380178334405099
11 45 0.9071559135489776
11 51 0.27576419424420573
11 34 0.6791810851843194
11 21 0.4472779106518483
12 20 0.8534187250676148
12 44 0.17246796168401057
12 39 0.550800731118228
13 26 0.2767219203885035
13 49 0.46782139308835413
15 49 0.3101330253095609
15 24 0.9474963600517554
15 36 0.11047824179438459
15 59 0.9200217345450759
15 47 0.420174016279833
16 39 0.6078386797592952
16 33 0.14962384140951446
16 52 0.5811081818573129
17 21 0.4239151616555831
17 30 0.41103633300980014
18 55 0.7982767554048221
18 26 0.8556640091637041
18 30 0.6014915986918546
19 52 0.9742637379446674
19 22 0.5077125071551024
19 43 0.7028521364686761
19 20 0.4631002967973121
19 44 0.011775514855423719
20 46 0.7926192205600651
21 32 0.6097048707893725
21 53 0.868423968076313
22 47 0.24821371866109776
22 54 0.03626012211527718
22 32 0.06290899470352396
22 57 0.8508072118100637
22 38 0.37275243215690135
23 26 0.16817799245646248
23 51 0.509944349487617
23 39 0.6992127146334073
24 49 0.7209832567997195
24 57 0.797046881116397
24 37 0.34589393057444806
24 52 0.5445448505590595
25 57 0.8739294177076402
28 39 0.4505259557646948
29 53 0.6598038368961607
29 52 0.8468431241985711
29 49 0.2778355864280595
29 41 0.41617835022963834
29 33 0.2658267398094081
30 55 0.5134080480965314
30 44 0.032582677066903654
31 51 0.6908360493274428
31 44 0.013148708828451316
31 55 0.16292616074878152
34 56 0.8295660585920361
34 59 0.6018379364830035
35 50 0.6622145436405693
36 46 0.6082876085421041
37 38 0.9602201459684128
39 59 0.815965740049616
40 43 0.2589408301875231
40 59 0.9378420472191552
41 59 0.864726671834703
43 45 0.1853942801831967
44 50 0.6964188158823623
44 59 0.48667551827488387
47 53 0.2800961047657379
47 49 0.8812910841855145
50 57 0.3448621284140667
55 58 0.6500408357630965
