40 80 num_nodes 40
0 28 0.1
0 34 0.1
0 12 0.9
0 24 0.1
0 17 0.3
1 24 0.1
1 20 0.7
1 27 0.3
1 18 0.7
1 30 0.7
1 14 0.3
1 28 0.5
1 19 0.9
2 30 0.9
2 19 0.1
2 16 0.1
3 30 0.5
4 16 0.7
4 5 0.7
4 18 0.1
5 23 0.3
5 35 0.5
6 31 0.7
6 37 0.5
6 11 0.7
6 10 0.7
7 31 0.3
7 18 0.7
7 39 0.3
7 30 0.5
8 36 0.7
8 32 0.3
10 17 0.7
11 26 0.5
11 35 0.5
11 37 0.7
11 22 0.5
12 19 0.9
12 35 0.7
13 24 0.5
13 27 0.7
14 17 0.9
14 33 0.5
14 35 0.3
14 22 0.3
14 29 0.9
14 32 0.9
14 25 0.9
15 25 0.7
15 17 0.7
16 33 0.9
17 29 0.9
18 37 0.9
18 29 0.7
20 31 0.1
21 32 0.9
21 39 0.7
22 32 0.5
22 36 0.7
22 31 0.5
22 26 0.3
23 35 0.9
23 31 0.9
23 36 0.9
25 37 0.7
25 33 0.9
26 35 0.9
26 32 0.3
27 38 0.9
27 32 0.1
28 30 0.5
28 31 0.3
28 32 0.3
29 38 0.9
31 32 0.7
33 35 0.5
34 35 0.5
34 39 0.9
35 38 0.7
37 39 0.9
