70 140 num_nodes 70
0 66 0.9
0 4 0.9
0 67 0.1
0 9 0.1
1 43 0.7
2 47 0.7
2 17 0.1
2 12 0.1
2 6 0.5
2 66 0.3
2 39 0.3
2 25 0.3
3 4 0.9
3 22 0.7
3 10 0.7
3 5 0.5
3 62 0.9
3 13 0.5
3 66 0.9
3 36 0.7
3 60 0.9
4 20 0.3
4 7 0.1
4 16 0.3
4 31 0.3
4 19 0.5
5 49 0.5
5 33 0.3
5 63 0.9
6 7 0.3
7 11 0.5
7 54 0.1
7 32 0.3
7 57 0.5
8 14 0.5
9 46 0.7
9 32 0.1
9 28 0.3
9 45 0.7
10 46 0.5
10 29 0.3
10 15 0.7
10 12 0.5
11 40 0.9
11 65 0.1
12 58 0.7
12 23 0.1
12 52 0.3
13 24 0.9
13 66 0.3
13 30 0.5
13 27 0.9
13 39 0.5
14 44 0.7
14 20 0.3
14 47 0.5
15 46 0.5
15 50 0.9
15 32 0.7
16 32 0.1
16 57 0.9
17 65 0.7
17 34 0.9
17 44 0.1
18 41 0.5
18 58 0.9
19 31 0.5
19 51 0.1
20 57 0.1
20 23 0.3
20 21 0.5
20 62 0.7
21 39 0.3
21 22 0.9
21 41 0.5
22 41 0.3
22 31 0.9
22 69 0.7
23 65 0.9
23 29 0.3
24 62 0.9
26 39 0.7
26 31 0.5
26 55 0.5
26 59 0.5
27 32 0.1
27 48 0.9
28 62 0.5
28 60 0.9
29 30 0.5
29 34 0.1
29 65 0.1
29 56 0.9
29 50 0.3
31 67 0.9
32 46 0.7
33 43 0.9
33 53 0.7
33 54 0.7
34 64 0.9
34 61 0.7
34 47 0.9
35 62 0.3
35 54 0.1
36 43 0.3
37 47 0.5
37 45 0.9
37 62 0.5
38 39 0.5
39 57 0.7
39 68 0.9
39 47 0.9
40 48 0.3
42 50 0.7
44 58 0.3
45 46 0.9
45 65 0.1
46 59 0.5
46 65 0.9
46 67 0.1
46 61 0.1
47 65 0.9
49 52 0.5
50 55 0.3
50 66 0.1
50 59 0.7
51 59 0.5
52 64 0.3
52 62 0.9
53 57 0.1
53 67 0.9
53 61 0.5
54 67 0.7
54 65 0.3
56 69 0.7
58 59 0.9
61 67 0.9
62 65 0.5
63 64 0.1
64 66 0.1
