70 140 num_nodes 70
0 9 0.9
0 25 0.1
0 62 0.3
0 41 0.9
0 16 0.1
1 60 0.1
1 8 0.7
1 43 0.7
1 6 0.5
2 37 0.9
2 48 0.7
2 7 0.5
2 47 0.1
2 67 0.3
3 38 0.9
3 35 0.3
3 13 0.1
4 12 0.5
4 39 0.1
4 25 0.1
4 15 0.3
4 52 0.7
4 58 0.7
4 65 0.3
4 61 0.7
5 20 0.7
5 15 0.1
5 48 0.5
5 43 0.7
5 31 0.5
5 22 0.9
5 55 0.5
6 14 0.9
6 51 0.5
6 60 0.1
6 8 0.5
6 47 0.1
7 17 0.1
7 61 0.1
7 16 0.5
8 60 0.3
8 61 0.9
8 44 0.9
8 29 0.7
9 40 0.9
10 43 0.7
10 44 0.7
10 48 0.3
11 61 0.7
11 65 0.7
12 55 0.7
13 69 0.5
13 68 0.5
13 64 0.3
13 41 0.3
15 36 0.3
15 61 0.5
15 25 0.7
15 68 0.9
15 54 0.7
16 47 0.5
16 39 0.7
16 53 0.3
16 43 0.9
16 35 0.7
17 46 0.5
17 63 0.3
17 48 0.9
19 50 0.9
19 29 0.3
19 52 0.1
19 33 0.9
20 41 0.3
20 40 0.1
21 56 0.1
21 64 0.3
21 30 0.1
22 46 0.5
23 40 0.3
23 41 0.5
24 60 0.1
24 67 0.9
24 42 0.9
25 55 0.7
27 33 0.5
27 34 0.3
27 57 0.7
28 64 0.7
28 42 0.9
28 34 0.7
28 55 0.9
28 45 0.1
29 33 0.9
29 43 0.9
30 69 0.3
30 64 0.9
30 38 0.5
30 34 0.5
31 34 0.7
32 58 0.7
32 69 0.3
33 55 0.3
33 47 0.5
33 46 0.3
34 60 0.3
34 55 0.1
34 59 0.5
34 67 0.9
35 42 0.5
35 62 0.7
35 43 0.5
36 66 0.3
37 52 0.5
37 66 0.5
37 53 0.5
38 55 0.7
38 66 0.9
38 40 0.9
38 48 0.5
38 49 0.1
40 46 0.1
40 53 0.9
40 63 0.3
42 59 0.9
43 69 0.3
44 49 0.9
44 53 0.5
47 58 0.1
48 58 0.5
48 69 0.7
49 66 0.5
49 54 0.5
50 56 0.9
52 68 0.7
53 64 0.7
53 54 0.7
54 66 0.5
60 69 0.3
61 65 0.1
62 64 0.1
