100 200 num_nodes 100
0 16 0.3
0 26 0.3
0 75 0.9
0 47 0.5
0 48 0.5
1 93 0.9
1 57 0.3
1 60 0.7
2 46 0.9
2 95 0.7
2 70 0.3
2 40 0.1
3 59 0.9
3 25 0.9
4 55 0.7
4 51 0.3
4 81 0.9
4 97 0.9
4 53 0.5
4 70 0.5
5 90 0.5
5 60 0.1
6 83 0.5
6 10 0.5
6 17 0.7
7 32 0.9
7 18 0.7
7 53 0.5
8 42 0.9
8 39 0.3
8 99 0.9
9 17 0.1
9 78 0.9
10 22 0.3
10 88 0.7
11 26 0.9
11 69 0.1
11 23 0.1
11 77 0.7
12 37 0.3
13 69 0.3
13 75 0.9
13 52 0.5
13 41 0.5
14 20 0.7
14 18 0.5
14 40 0.9
14 88 0.5
15 25 0.7
16 56 0.5
16 26 0.9
16 80 0.9
16 53 0.7
17 25 0.3
18 33 0.1
18 43 0.3
18 37 0.7
18 66 0.5
18 20 0.3
18 69 0.3
19 80 0.3
19 47 0.3
20 97 0.5
20 92 0.1
20 75 0.7
20 49 0.9
21 53 0.9
21 55 0.9
21 66 0.1
21 67 0.1
21 78 0.1
21 28 0.3
22 90 0.9
22 80 0.7
22 74 0.7
22 44 0.1
23 35 0.1
23 26 0.5
23 40 0.5
23 79 0.9
23 83 0.9
23 87 0.5
23 61 0.7
24 70 0.9
25 69 0.7
25 88 0.3
25 46 0.3
26 75 0.1
27 52 0.7
27 99 0.7
28 97 0.1
28 63 0.7
30 94 0.3
30 91 0.9
31 99 0.7
31 48 0.5
31 73 0.3
31 96 0.3
32 79 0.7
32 67 0.5
32 58 0.5
32 41 0.5
32 53 0.7
33 62 0.1
33 94 0.7
34 62 0.5
34 92 0.1
35 89 0.5
35 37 0.7
35 85 0.3
35 44 0.5
35 52 0.1
36 59 0.5
36 61 0.1
37 40 0.7
37 47 0.7
37 91 0.3
37 45 0.3
37 61 0.3
38 49 0.9
38 77 0.7
38 53 0.3
38 78 0.3
38 63 0.5
39 45 0.7
39 87 0.1
39 40 0.7
39 61 0.1
39 46 0.1
39 62 0.5
40 61 0.3
41 80 0.5
42 63 0.9
42 46 0.1
43 90 0.9
43 65 0.5
43 63 0.1
43 83 0.3
43 74 0.1
44 59 0.3
44 76 0.5
44 82 0.7
44 51 0.3
44 84 0.1
45 94 0.1
45 51 0.5
45 65 0.9
45 88 0.1
45 86 0.7
46 53 0.3
46 78 0.7
46 64 0.3
47 60 0.7
47 70 0.5
47 59 0.9
48 74 0.7
48 68 0.1
48 84 0.5
48 76 0.7
48 72 0.7
48 90 0.3
49 98 0.3
51 60 0.7
52 94 0.5
52 72 0.1
53 83 0.3
53 93 0.3
54 55 0.1
56 79 0.1
57 88 0.7
58 79 0.3
58 62 0.7
59 99 0.9
60 61 0.1
61 89 0.3
61 72 0.5
64 82 0.1
65 70 0.1
65 69 0.7
66 85 0.3
67 83 0.3
68 76 0.9
68 82 0.5
70 99 0.1
70 79 0.1
71 90 0.9
72 93 0.5
72 78 0.1
74 99 0.7
75 84 0.5
76 86 0.1
80 86 0.5
80 91 0.7
81 99 0.1
85 92 0.9
88 94 0.3
88 92 0.5
88 93 0.3
88 98 0.5
95 99 0.5
