80 80 edge_degree 1.0
0 57 0.20930343304885568
0 49 0.9320878283435063
0 68 0.5642943666172253
1 69 0.5479873618883949
1 25 0.17927405751281533
1 35 0.4824699698099024
2 3 0.4991903064673894
2 37 0.9152112124661747
2 57 0.034655460846303776
3 49 0.9273741457944834
3 40 0.6270990107908515
3 54 0.9770448604737925
3 60 0.7820742525712713
3 29 0.5324394316928491
4 61 0.1852796091226333
4 32 0.6157250674231133
5 39 0.05143283696954526
7 61 0.07191149210162462
8 32 0.7756933658279703
8 37 0.9451326476572136
9 10 0.13112011568375492
11 47 0.6466086271881627
11 70 0.16289246917686007
12 62 0.8372994532448941
12 23 0.5425126541888515
13 75 0.649653217760855
13 20 0.6871880372156085
14 79 0.965681532415502
15 63 0.8288093820726983
15 37 0.8078934031999678
16 65 0.9478023350845165
17 72 0.3472246081353124
20 21 0.6356618534844103
22 53 0.6454381078027757
22 70 0.72880873538886
23 74 0.06959252888748091
23 44 0.865628957021257
24 38 0.828116440396806
25 70 0.5372692588367821
26 48 0.5128976511911972
26 54 0.7259568992314855
27 48 0.5935979213376673
28 67 0.9229935777066728
28 58 0.33629123051483567
29 34 0.09397971904726343
29 70 0.5796769435035284
29 44 0.170405882492904
29 64 0.5186082697599137
29 51 0.9728231343289927
31 51 0.19335231742991488
31 34 0.5490469224136684
32 67 0.39180854227026773
34 58 0.9055311387706911
36 75 0.5443214249252818
42 64 0.6204904912782616
42 78 0.17125848176331315
44 65 0.5979811800129763
44 53 0.8016348871507042
45 73 0.759687273082665
45 62 0.6459478536324862
46 70 0.5641266168091554
46 72 0.6690272580975614
47 62 0.9792538738235131
50 75 0.29094356908386054
50 66 0.26411458663580434
50 74 0.983561191628558
52 64 0.43360382845509426
53 71 0.16566310452216326
54 64 0.9920204494307697
55 77 0.13176822093537066
56 63 0.9248938363014878
56 65 0.2877041185040575
57 60 0.8581729409704787
58 76 0.2687883648629461
63 64 0.7252477396013435
66 71 0.9842976398037849
69 70 0.9085597813612486
69 79 0.782771148993678
70 77 0.620477755827863
75 78 0.2483936972747861
