80 120 edge_degree 1.5
0 57 0.4625397245106494
0 49 0.7226299433737698
0 68 0.32053022015820154
1 69 0.44387165490468095
1 25 0.24735677517572974
1 35 0.8396522418578639
1 16 0.8042760692912668
2 3 0.029747244002455875
2 37 0.14191919694515243
2 57 0.12480831218223787
2 55 0.4142886757818707
2 28 0.6010910108008559
3 49 0.3919174046481584
3 40 0.5333538553510988
3 54 0.49312512325978
3 60 0.4725937712041137
3 29 0.10313540336428839
3 39 0.35434426656663254
3 67 0.46791881314314654
4 61 0.9561563639855054
4 32 0.7692820643401593
4 20 0.3507884966888343
4 71 0.8049175059551388
4 65 0.759114979137603
5 39 0.8626223678186445
6 39 0.17252354384404456
7 61 0.2883846214988123
7 38 0.463907480066148
8 32 0.9094222434256682
8 37 0.569923306658328
9 10 0.8418477648492352
11 47 0.608212826711677
11 70 0.43373399354100095
12 62 0.9829330230129059
12 23 0.36150168031417595
12 44 0.81262209435135
13 75 0.6143477643978298
13 20 0.6046456133975249
13 33 0.11791482544830212
13 49 0.8136051589691377
14 79 0.4081235710617489
14 60 0.6186315154931664
15 63 0.17150017793227101
15 37 0.6481636769035646
16 65 0.3813005928180343
16 27 0.9832928189468556
17 72 0.18373167066730645
18 50 0.01595099110612741
20 21 0.17921427115025623
20 53 0.6878007331531442
21 34 0.28823301732932805
21 79 0.07078189783375333
22 53 0.22155000073378917
22 70 0.220293328478533
23 74 0.5673883574461839
23 44 0.4605846357051657
24 38 0.23876202450545347
24 53 0.744742714736668
24 63 0.7070773234790267
25 70 0.7173521314939237
25 48 0.17091015953459887
26 48 0.9682794888813282
26 54 0.2698041836997759
26 77 0.10841321436478735
26 73 0.8200645889335442
27 48 0.13824473718663544
27 75 0.7834678080433746
28 67 0.9898397528639081
28 58 0.18155613086321543
28 66 0.06078149613301387
28 57 0.3881756307810277
29 34 0.3415383542091114
29 70 0.6382712393933899
29 44 0.9709118588084495
29 64 0.0370899216509325
29 51 0.29420870185291026
31 51 0.6234843986840162
31 34 0.2619798792153697
32 67 0.6142116857864677
32 65 0.46474811196605614
32 72 0.3461798715187867
34 58 0.2057897446737721
36 75 0.94571957647786
37 58 0.056800231394333545
37 64 0.706146419392023
38 39 0.13139233843084608
41 63 0.11063561904020058
41 54 0.6607190459211686
42 64 0.8526833712823126
42 78 0.1048704490682737
43 49 0.7897803845471647
44 65 0.4540541356679436
44 53 0.29823636540876686
45 73 0.13100485296376563
45 62 0.9616371877647147
46 70 0.3560426386188269
46 72 0.20953864806210787
47 62 0.11692343847892894
50 75 0.5637161229633122
50 66 0.586428838275246
50 74 0.5181726735054506
50 73 0.38659638692734144
52 64 0.11779046216076938
53 71 0.88828066233804
54 64 0.6017978730595194
54 69 0.6190397461982625
55 77 0.0170718916184307
55 75 0.030849021297505885
56 63 0.25011438937756847
56 65 0.23110224622830577
57 60 0.7465181588387736
57 64 0.559454352119546
58 76 0.5077471551707838
58 72 0.4387614674920969
63 64 0.08574025912958738
66 71 0.27441060459716593
69 70 0.3025615539207652
69 79 0.5611173780613908
70 77 0.6484752750024919
75 78 0.3755450679762239
