80 160 edge_degree 2.0
0 57 0.9233559053517622
0 49 0.5571279142055627
0 68 0.7861907587898784
1 69 0.8787435489192307
1 25 0.00893798606834073
1 35 0.23332009833649947
1 16 0.16547057584071623
1 78 0.8407065163693397
1 11 0.507789132924053
2 3 0.9797312162030377
2 37 0.5521842786430966
2 57 0.17665362198514845
2 55 0.9002507162075121
2 28 0.9939016051068806
2 63 0.45139106336093504
2 20 0.4724309422754547
3 49 0.28614319291392987
3 40 0.17482416006446366
3 54 0.44447861177486914
3 60 0.5222519123971212
3 29 0.21815853933662632
3 39 0.25818961394618367
3 67 0.6840487962355724
4 61 0.8930982753300378
4 32 0.4604412339078028
4 20 0.7617004379459708
4 71 0.7516667317439699
4 65 0.11265599479923238
5 39 0.3223993573120727
5 8 0.09762156938884103
5 52 0.3700642492185967
5 37 0.9168535280847939
5 24 0.3471439883230123
6 39 0.9292157842438775
7 61 0.14030060915182263
7 38 0.49588179953717193
8 32 0.5926036642019983
8 37 0.8810785220454453
9 10 0.45735702278672397
9 48 0.8504881022511662
10 17 0.7082959167826283
10 34 0.5921712809663592
11 47 0.27373123617299566
11 70 0.49789241916028837
12 62 0.4815247668584479
12 23 0.3972623900921418
12 44 0.9218775823841491
12 48 0.7917296143420762
13 75 0.018915063133047805
13 20 0.2759720004456859
13 33 0.30520531076091084
13 49 0.7689438624919437
13 41 0.5891716968329891
13 35 0.5204488922854613
14 79 0.23122918000953985
14 60 0.3149208341624241
14 37 0.34230139992352726
14 43 0.5885746732358637
14 58 0.5607856284952258
14 52 0.6715550799680705
14 57 0.7043076674192752
15 63 0.6510195157132229
15 37 0.7784654378158892
16 65 0.9856119501468028
16 27 0.10645089670542207
16 18 0.6281000544666885
17 72 0.3061589621471619
17 62 0.19310264179928016
18 50 0.7614181934362517
20 21 0.15453649481572496
20 53 0.29828131336527286
21 34 0.5603399397170563
21 79 0.710109968017015
22 53 0.6723905790670046
22 70 0.6738320932284367
23 74 0.308351500511141
23 44 0.6009903641499108
24 38 0.2875725177491444
24 53 0.8330740278243302
24 63 0.008341096508491463
25 70 0.8700887188431612
25 48 0.6627400198615494
25 41 0.628368125581357
26 48 0.7772855729846844
26 54 0.7381460811103536
26 77 0.19926855007890754
26 73 0.8663116977867832
27 48 0.11783044910418428
27 75 0.8365473187271255
27 34 0.8910270878394138
27 68 0.7833122686656973
28 67 0.3729115944466369
28 58 0.6859466800787758
28 66 0.00594575716599044
28 57 0.27425826292466715
28 72 0.18137958613571525
29 34 0.25997229777603503
29 70 0.17582536690756845
29 44 0.2235166323922173
29 64 0.7212497411811191
29 51 0.14088685530895306
30 68 0.7131165284726467
30 77 0.2551280595730324
30 75 0.2575736432881741
31 51 0.06252775171524683
31 34 0.08115568034355536
32 67 0.8846006529191843
32 65 0.376446567100995
32 72 0.39488189812889274
32 47 0.13554553716033546
34 58 0.46088963905305125
34 42 0.4370266707807473
36 75 0.47212222672471504
36 51 0.49298225561495757
37 58 0.9524768359795969
37 64 0.4345071014659381
37 46 0.9596805075316047
38 39 0.02929049365949654
41 63 0.8330325850684575
41 54 0.5032391246337378
41 78 0.21189154484648565
42 64 0.34813129100666185
42 78 0.8238471637715103
43 49 0.26926790015318147
43 54 0.7609506454019065
44 65 0.9744415935466111
44 53 0.39324796068731716
44 70 0.6630150886291916
45 73 0.20874150818991044
45 62 0.26678302068756476
46 70 0.1038175329340153
46 72 0.922483893037109
47 62 0.5658291814402326
50 75 0.28543947071871556
50 66 0.4374179926881123
50 74 0.8587459336023678
50 73 0.7230239314109825
52 64 0.0023002477828136803
53 71 0.26559348116433
54 64 0.4172856756578124
54 69 0.3920916462615873
55 77 0.3824296283372167
55 75 0.4292475759713492
56 63 0.11429642967833009
56 65 0.7499654596788498
57 60 0.9322837784873497
57 64 0.16009625758446877
58 76 0.1402714717741691
58 72 0.910206236058061
62 68 0.8863267040930073
63 64 0.26320559423483947
64 76 0.7311065223135628
66 71 0.1522664066738897
68 72 0.8660966231276659
69 70 0.07323694924020885
69 79 0.4306395013701506
70 77 0.1370070795371977
70 74 0.6495824434768819
70 73 0.33538445289858954
75 78 0.7495333362927734
