80 200 edge_degree 2.5
0 57 0.558465961397315
0 49 0.7210642389593173
0 68 0.08951037130479356
1 69 0.8473026395866449
1 25 0.2139447837368993
1 35 0.5462108817728647
1 16 0.655986489338834
1 78 0.7115436498415906
1 11 0.6136099119424537
1 3 0.6589379756916147
1 37 0.49597738906211275
2 3 0.7915814638282653
2 37 0.08677833306883054
2 57 0.26246814392240647
2 55 0.5670103874356213
2 28 0.23599519330726126
2 63 0.5532597944272172
2 20 0.08723870649557453
2 9 0.9532336639105232
3 49 0.632886013518263
3 40 0.5995289268594527
3 54 0.806383732032892
3 60 0.663854462456601
3 29 0.3750482322172105
3 39 0.09271807041940427
3 67 0.29225103558092747
4 61 0.7687375375197045
4 32 0.22438727093591537
4 20 0.49016504858046994
4 71 0.08956060262840948
4 65 0.577208666400054
5 39 0.18272695373827885
5 8 0.0973671710271996
5 52 0.6464062694544679
5 37 0.8209043774005974
5 24 0.9867853838123171
5 40 0.43923851827647475
6 39 0.8223201074660828
7 61 0.5352693986036853
7 38 0.9283926706439201
8 32 0.22988109753228025
8 37 0.3946020991001594
8 51 0.07503650302617249
8 40 0.7983379409605786
9 10 0.5584497222712352
9 48 0.09760540220408453
9 34 0.5433459100070402
9 70 0.5543443958620737
9 41 0.5240291862749927
10 17 0.0953975229434878
10 34 0.32490757780605384
10 46 0.16588154416052336
11 47 0.010609257487272261
11 70 0.6246591127305536
11 35 0.03544122382866699
11 57 0.33700556682658767
11 31 0.38496117606637037
12 62 0.5621496349654482
12 23 0.8071017695118695
12 44 0.9010802543677614
12 48 0.6633771261390213
12 26 0.2377284516915683
12 42 0.3471694278877766
12 64 0.5588094045285829
13 75 0.8821219554061193
13 20 0.12866902442186934
13 33 0.7131537502920137
13 49 0.4069986012056822
13 41 0.47218674181771647
13 35 0.6729489941030855
14 79 0.2384527178371505
14 60 0.8607558250098797
14 37 0.022506456648372142
14 43 0.09555539131604007
14 58 0.17457135934049983
14 52 0.8695323543459053
14 57 0.16342737018702458
14 32 0.020627052261837475
15 63 0.6604561668484297
15 37 0.37746424610257623
16 65 0.17364480444692143
16 27 0.3389517239204869
16 18 0.9071801242773537
17 72 0.15756740439907857
17 62 0.76237750024886
18 50 0.9629090706330639
19 60 0.9226167377896937
20 21 0.1727343862886246
20 53 0.46602183426686816
21 34 0.6821785263796329
21 79 0.713014854023805
21 30 0.5072695173557301
22 53 0.7595515192979081
22 70 0.6328263661085808
23 74 0.953140744900007
23 44 0.12826149282386734
23 69 0.43140630430448157
23 41 0.4237603855532357
24 38 0.7852848730213933
24 53 0.11214960212956782
24 63 0.49497241188714847
25 70 0.8761069550685283
25 48 0.936719385575036
25 41 0.8810788777561228
25 31 0.188237501255495
26 48 0.9056626240787
26 54 0.9619362020416584
26 77 0.4003328369837281
26 73 0.8989528644313493
26 39 0.3465868035764178
27 48 0.4175820898202368
27 75 0.737396536504626
27 34 0.006028540938289972
27 68 0.5946401383075254
27 79 0.8994375976850967
28 67 0.4670087951164805
28 58 0.4000693571543704
28 66 0.500845486375706
28 57 0.7446789948271769
28 72 0.6415134163301406
29 34 0.15939061960207235
29 70 0.5535573259835209
29 44 0.5781918756706793
29 64 0.8523075365426307
29 51 0.847946628773484
29 49 0.3970306898008007
30 68 0.7871127223836581
30 77 0.7228016356748098
30 75 0.24145548064685207
31 51 0.19718924867468568
31 34 0.07822270886905269
31 38 0.34443749195682083
32 67 0.41504217923471787
32 65 0.596711202608406
32 72 0.3574502860968771
32 47 0.7350173796366755
32 70 0.9742207242306584
33 45 0.6457855651265886
34 58 0.0966864973533591
34 42 0.6883460272008679
36 75 0.5526720306789333
36 51 0.9087957997679794
37 58 0.22058671028662125
37 64 0.5453431477409976
37 46 0.08315997230213157
37 69 0.6409755483158707
37 76 0.23964976618615041
38 39 0.48460912209189677
40 61 0.6705909183141837
40 57 0.08542760660590887
40 50 0.18326966075510343
40 74 0.3306951182062168
41 63 0.9393993511586213
41 54 0.15906076412789794
41 78 0.35534507536599236
42 64 0.4142191125341307
42 78 0.9426309789033731
43 49 0.5918211916813192
43 54 0.13331026317943162
43 73 0.8914912176202412
44 65 0.8478551063704711
44 53 0.8423667720505258
44 70 0.4354588923258246
45 73 0.6911030911472655
45 62 0.37976024358341276
45 63 0.22699431982709084
46 70 0.6575823592774656
46 72 0.06582747781319997
47 62 0.06218755949739774
48 55 0.5330516426562357
50 75 0.32546570633541694
50 66 0.6192439968253994
50 74 0.9058039934757594
50 73 0.13624660540001554
52 64 0.11469428098592938
53 71 0.16014343118981544
54 64 0.38968246370658854
54 69 0.8150241936210231
55 77 0.3385105589739794
55 75 0.6104821680983068
56 63 0.27239270502854407
56 65 0.20381723805841612
57 60 0.19854461460392514
57 64 0.0291888596142732
58 76 0.3071710571108227
58 72 0.0545266132543053
60 69 0.8641441706124364
62 68 0.07905341914182418
63 64 0.4658982497754127
64 76 0.21399227820520472
66 71 0.11241487215354451
68 72 0.9415532064501754
69 70 0.2729711367861478
69 79 0.344590761953678
69 78 0.532670570771648
70 77 0.0648284575498691
70 74 0.053863197137882235
70 73 0.45924548616803496
74 76 0.31931462332265115
75 78 0.6074029457800177
