80 240 edge_degree 3.0
0 57 0.2861072012451873
0 49 0.13342421446170027
0 68 0.974665886568771
0 22 0.8339884721439518
1 69 0.33829858525969925
1 25 0.49791976759325607
1 35 0.8548502689596128
1 16 0.1899237617361863
1 78 0.3156338393123034
1 11 0.6531370608018421
1 3 0.2326617599931018
1 37 0.7268746267040277
1 58 0.6479066264832204
2 3 0.9342162673971074
2 37 0.10282725986353469
2 57 0.020099793073283245
2 55 0.8264396800441233
2 28 0.5569322019941106
2 63 0.22051602042826302
2 20 0.31401700442860303
2 9 0.27724920768916395
2 7 0.006436165307234121
3 49 0.29576717429616284
3 40 0.21239180001989844
3 54 0.5533754366333613
3 60 0.0899518504352772
3 29 0.43174150084127805
3 39 0.3186608169363163
3 67 0.9200008359701016
3 62 0.471545038502156
4 61 0.9603272234860497
4 32 0.6959156332041174
4 20 0.7929102094835008
4 71 0.649083221826001
4 65 0.6677244563989922
4 69 0.6097291002295511
5 39 0.6683453061842657
5 8 0.5312440603540931
5 52 0.40110578166016464
5 37 0.3900557355883887
5 24 0.5602338944507238
5 40 0.4558627883997032
6 39 0.9014202825122676
6 20 0.3486819960850488
7 61 0.953285723650492
7 38 0.38917876908336413
8 32 0.8194452671503027
8 37 0.3165085800157299
8 51 0.11461616603023905
8 40 0.1704453036832878
8 57 0.18507814926964639
9 10 0.5452419592483184
9 48 0.9264014510966565
9 34 0.77396329596183
9 70 0.388564034616829
9 41 0.4901041606101657
10 17 0.03632824319541539
10 34 0.5800282367443415
10 46 0.43547525048983216
11 47 0.33398294345629087
11 70 0.7105498228656979
11 35 0.359275431457984
11 57 0.4805224169690012
11 31 0.40011701802396893
11 78 0.9407583075408643
12 62 0.15630546791942623
12 23 0.15379169661057557
12 44 0.33329420628567397
12 48 0.30967146609485363
12 26 0.6034587275061839
12 42 0.9506059684041575
12 64 0.843422937829853
13 75 0.9800318725643554
13 20 0.5058370023627353
13 33 0.9983503185757095
13 49 0.6203969521331302
13 41 0.45155408991766055
13 35 0.46433856209945124
13 39 0.837438390127399
14 79 0.9007465437284335
14 60 0.7348750817285105
14 37 0.4620214857472955
14 43 0.6546945162232513
14 58 0.8284337444188697
14 52 0.20561123992527397
14 57 0.03423758073291494
14 32 0.13295795113052178
15 63 0.2361594376701981
15 37 0.8086974779704396
16 65 0.4847249057972217
16 27 0.2505454836960571
16 18 0.915574243947153
16 37 0.7043953321868921
16 17 0.1083113594246432
17 72 0.785947400963454
17 62 0.02065412833628344
17 75 0.6446364804459882
18 50 0.6682407342987623
18 40 0.005377433378367491
18 26 0.7206453768119672
19 60 0.6220456728119574
19 22 0.10832913320573545
20 21 0.6624436292261321
20 53 0.6272940916816185
21 34 0.4349709933664492
21 79 0.09875112349657589
21 30 0.40549712069797816
21 33 0.1930765215252982
22 53 0.834607772868313
22 70 0.30243981703128564
22 65 0.47648882311179686
22 38 0.08445233451052936
22 51 0.09441706025474372
23 74 0.15301440697952018
23 44 0.3116057063289347
23 69 0.7576092369821488
23 41 0.9801705698916003
24 38 0.3764692772735836
24 53 0.9950046379534253
24 63 0.03485938308357783
25 70 0.5654617580783877
25 48 0.8665803998297229
25 41 0.17994072674808004
25 31 0.9091605925731655
26 48 0.08047633196304571
26 54 0.3282183568231165
26 77 0.616193782736072
26 73 0.5161610059298116
26 39 0.0338745624987109
26 70 0.08803277909669283
27 48 0.719358047596069
27 75 0.05900739400864463
27 34 0.21007239764656915
27 68 0.6768969733720188
27 79 0.9589073240249437
28 67 0.5080454370552682
28 58 0.2502134373679671
28 66 0.4875995852810392
28 57 0.141613913686097
28 72 0.3299842501081236
28 30 0.7715753619746993
28 61 0.34713855610314626
29 34 0.5788723998003036
29 70 0.47424935413237723
29 44 0.902979178152004
29 64 0.9150476878904117
29 51 0.5404298647825465
29 49 0.24440261877980107
29 62 0.5439107889933623
30 68 0.4992878736766174
30 77 0.4720077669391427
30 75 0.7097265739882505
31 51 0.4833808754783926
31 34 0.02953294528765671
31 38 0.7523779921026323
31 32 0.9023186488010595
32 67 0.47278255351427245
32 65 0.9002579550919684
32 72 0.930908779797147
32 47 0.2508046280312183
32 70 0.6870667957606821
32 69 0.7673040550882668
33 45 0.3739132917902309
33 35 0.892845076952569
34 58 0.6833038259284928
34 42 0.14396109035036686
36 75 0.2708755095180351
36 51 0.3844932264493922
37 58 0.5802801166509213
37 64 0.3195443112444143
37 46 0.3546309943576944
37 69 0.1753591447726759
37 76 0.7625255685067085
38 39 0.2643303779656908
40 61 0.8043063459723321
40 57 0.62480211262151
40 50 0.8306752519506281
40 74 0.8982526265134154
40 79 0.5192655570818483
40 67 0.8309144254989569
40 63 0.5059282689255152
41 63 0.807540667008394
41 54 0.6375030044735209
41 78 0.6251674285563833
42 64 0.48217866802156983
42 78 0.10372329002893044
43 49 0.867947911056018
43 54 0.6506339303709687
43 73 0.5902229594645154
43 50 0.896852246776858
43 52 0.07146247093840696
44 65 0.49601058201312187
44 53 0.808137622690064
44 70 0.7953872102000684
45 73 0.9819503377208055
45 62 0.11402823299046594
45 63 0.40362750154312355
45 74 0.44423650834826667
46 70 0.9053488628366746
46 72 0.9418552525861155
47 62 0.3349383328099107
48 55 0.2156842826580615
50 75 0.45492504160651814
50 66 0.8816895983974192
50 74 0.9622148840235899
50 73 0.41727096475602676
50 72 0.5095698847452854
52 64 0.5606806945846939
53 71 0.9986745673486891
53 73 0.002693791732253814
54 64 0.3109007147281192
54 69 0.9639654991019614
55 77 0.011813028927930791
55 75 0.13567268692087786
55 68 0.34425822358306735
55 70 0.8303924353024907
56 63 0.5663032464277288
56 65 0.7590702469905392
56 68 0.4260908640449447
56 64 0.3848958048784178
57 60 0.4482732846733073
57 64 0.30445660051583967
58 76 0.18109875947790133
58 72 0.46755428952641287
60 69 0.37144343368314603
62 68 0.3090053524999852
63 64 0.6796651787484667
64 76 0.8609145450432975
65 77 0.7847213991348182
66 71 0.30323626841782614
68 72 0.5658980312726531
69 70 0.7033779754722868
69 79 0.8553301556741003
69 78 0.22799000447263684
70 77 0.31144656395824355
70 74 0.7563750990369377
70 73 0.3449886913284014
71 78 0.7779983131987465
74 76 0.805038910926608
75 78 0.5084952403542826
