80 280 edge_degree 3.5
0 57 0.2858478973707045
0 49 0.5763916777487795
0 68 0.29960760297515254
0 22 0.5421818796941084
0 24 0.8712306509481779
1 69 0.037975551405273866
1 25 0.2471832877813367
1 35 0.6253875947951674
1 16 0.40654800409658454
1 78 0.8249507896520312
1 11 0.3138498231970044
1 3 0.4078923887725159
1 37 0.6192681106269894
1 58 0.6718221941139252
2 3 0.2553644159234649
2 37 0.11038484912743152
2 57 0.6493901291577457
2 55 0.8245711217782288
2 28 0.20657405891370262
2 63 0.0019933454515528304
2 20 0.47058427237795497
2 9 0.8869191873163446
2 7 0.11480704674756181
2 74 0.47336713403715003
3 49 0.708300367408397
3 40 0.16298161495838592
3 54 0.3749718872210228
3 60 0.9263626129194896
3 29 0.4076999641569641
3 39 0.8023942216480837
3 67 0.04409554795478321
3 62 0.7134107309687348
3 77 0.7392684881351614
4 61 0.6949404233969653
4 32 0.33153757046085064
4 20 0.31665580875183863
4 71 0.24786091456333792
4 65 0.49266569618655787
4 69 0.15626651627996024
5 39 0.3466821809253833
5 8 0.7988304837244659
5 52 0.8527881854215499
5 37 0.33174768442660485
5 24 0.5413968279294136
5 40 0.5533563321666666
5 69 0.4351646405141454
6 39 0.641823383518103
6 20 0.013618069623808848
6 9 0.768617764203131
6 72 0.21178902396277355
7 61 0.5507009585190444
7 38 0.43332431160817153
8 32 0.37326092445661474
8 37 0.1618054134039687
8 51 0.8613057526729626
8 40 0.993233775617795
8 57 0.05532441957936873
9 10 0.5080506531483538
9 48 0.33431995710935136
9 34 0.636481780429482
9 70 0.8961382768296076
9 41 0.07076669336264785
10 17 0.36461031538812727
10 34 0.03648961622831581
10 46 0.3486536342264035
10 76 0.34853615094574575
10 56 0.451271583097393
11 47 0.32343562257215797
11 70 0.7891165194046366
11 35 0.845948491483851
11 57 0.615944015874803
11 31 0.1819545856787852
11 78 0.9234572841625929
11 67 0.20025251351085638
12 62 0.2789689952553952
12 23 0.5402473142135299
12 44 0.12199687275570326
12 48 0.9461927786101647
12 26 0.08199078860551623
12 42 0.8693478555685342
12 64 0.3991608714537773
12 32 0.4426131442975283
13 75 0.07105263551711505
13 20 0.8662573467806165
13 33 0.00032300231558712866
13 49 0.9750082080043024
13 41 0.960696136166272
13 35 0.6465451063177187
13 39 0.7049871286887792
14 79 0.5011734295218259
14 60 0.21358308402576698
14 37 0.9836802575840369
14 43 0.5752336744574863
14 58 0.04190813693433593
14 52 0.8549697900303471
14 57 0.35369248622069815
14 32 0.3805855601383632
15 63 0.2487622513238037
15 37 0.40180923728354545
15 77 0.6453163535688915
15 27 0.13341113338894262
16 65 0.08003613229247719
16 27 0.1531205861406172
16 18 0.38566333087177984
16 37 0.6241903833620529
16 17 0.6080811188805105
16 56 0.6546806231474908
17 72 0.585418717559491
17 62 0.35795261955701774
17 75 0.3945332745889639
17 78 0.8979755147236267
18 50 0.6163760893997074
18 40 0.6385327740903854
18 26 0.5801573626095657
18 36 0.754904051818734
19 60 0.7051493512798502
19 22 0.38543555405183394
19 32 0.47219525533440565
20 21 0.10421664811198494
20 53 0.7361647752475918
20 65 0.9847524536189618
21 34 0.8074980863543058
21 79 0.016976990647390444
21 30 0.9409002258390462
21 33 0.41081190088974584
21 59 0.8041631361652218
21 65 0.6588054085186653
21 41 0.17864799547976062
22 53 0.9833727479589701
22 70 0.5700526043123748
22 65 0.17029995005328624
22 38 0.6904154595718752
22 51 0.5456658809600273
22 48 0.509107662864492
22 26 0.3831645587920548
23 74 0.011541022525013656
23 44 0.6516743596577348
23 69 0.6302733366331043
23 41 0.3050345607575812
24 38 0.14979162619516573
24 53 0.8361586208175703
24 63 0.002868685844426344
25 70 0.8255386826468434
25 48 0.7434967132537016
25 41 0.3285009193747923
25 31 0.3898824113470092
25 69 0.20692965978383104
26 48 0.4559403720956975
26 54 0.13127742444142954
26 77 0.41462679620865706
26 73 0.9467879593139478
26 39 0.6585333144996287
26 70 0.21987313442831524
27 48 0.8880432902347192
27 75 0.39742350520480263
27 34 0.5792457409148152
27 68 0.2130178707682583
27 79 0.16295852144333822
27 54 0.7199372788464075
28 67 0.2230967723378986
28 58 0.7416943594156957
28 66 0.16967171351386479
28 57 0.08429287120857187
28 72 0.9594332904499057
28 30 0.808484747637052
28 61 0.8449671194753725
28 35 0.47435479273105896
29 34 0.06672816466302423
29 70 0.24170342239185916
29 44 0.3985181916959416
29 64 0.35375576343917914
29 51 0.0705850485338001
29 49 0.3980947267506928
29 62 0.8698929442512936
30 68 0.2940290911004446
30 77 0.04881846813164803
30 75 0.1025674450127384
30 48 0.4901766448487428
31 51 0.09984635327268843
31 34 0.6969787258007546
31 38 0.14233405141628241
31 32 0.882304291067991
31 35 0.10662315178145909
31 33 0.9128335009682993
32 67 0.4892173343507348
32 65 0.6825172377554605
32 72 0.6192672572790732
32 47 0.47735770956672685
32 70 0.002767126547105425
32 69 0.7416706966698396
33 45 0.25944761790488935
33 35 0.42398336356194277
34 58 0.48013315261267453
34 42 0.09611587939226385
34 39 0.8066455147730828
36 75 0.08675451480714946
36 51 0.8251556370846057
37 58 0.615969039841381
37 64 0.3964403212777551
37 46 0.28941543642598844
37 69 0.5256923784420412
37 76 0.858393340242597
38 39 0.8293189331772791
40 61 0.1613757832641156
40 57 0.6207725725560876
40 50 0.8768338622693383
40 74 0.16657731102329743
40 79 0.32387162909796463
40 67 0.3194561604349069
40 63 0.25164196597761246
41 63 0.4604859506845349
41 54 0.3436417947312269
41 78 0.4610087811938157
42 64 0.05206762282825894
42 78 0.8300918607263159
43 49 0.4248260837009036
43 54 0.20272134571808786
43 73 0.22570272701750016
43 50 0.3733373671530509
43 52 0.3012877022904219
44 65 0.6161424183276255
44 53 0.2820663023416077
44 70 0.11822112968103893
44 49 0.7020762002469717
45 73 0.6734674932461009
45 62 0.5728527222986648
45 63 0.6462377960261292
45 74 0.10551424139876187
46 70 0.09103330222187844
46 72 0.5899820667282157
47 62 0.7172373364311208
47 65 0.2708230684157139
47 70 0.2530784317833007
48 55 0.7954420074459775
48 71 0.17458027490031758
50 75 0.29534572274872595
50 66 0.049598001411812365
50 74 0.332443668140444
50 73 0.7844191822712501
50 72 0.6401923085013972
50 63 0.08209162703229722
50 55 0.8347656673538387
52 64 0.28885233112003117
52 68 0.13644935191038277
53 71 0.8967246802907171
53 73 0.14272084057522894
54 64 0.12348160267026753
54 69 0.6342603457759515
55 77 0.5558534314178734
55 75 0.44583853209349933
55 68 0.30982327040790447
55 70 0.4985136275518788
55 76 0.7846840834685677
56 63 0.9526062047331723
56 65 0.12114913471092748
56 68 0.07099819679446251
56 64 0.08393567889469966
56 67 0.850876635943734
57 60 0.5191412612308859
57 64 0.4287050209514517
58 76 0.334634003312132
58 72 0.6880478846221249
60 69 0.2830586108876645
62 68 0.2301434042451258
62 79 0.7468605219615705
63 64 0.8015596967854004
64 76 0.9009111387191755
65 77 0.42356971065811
65 73 0.7315679191795408
66 71 0.7146866484463037
68 72 0.9657127571751235
69 70 0.42814887988332273
69 79 0.465007337919062
69 78 0.8742562113753346
70 77 0.010101133128874618
70 74 0.5180863855160346
70 73 0.6674385588643228
71 78 0.9922430233465976
74 76 0.6077733588120438
75 78 0.916261523056689
