80 320 edge_degree 4.0
0 57 0.9808971722148201
0 49 0.08754659328546477
0 68 0.6851492838495233
0 22 0.49456433594924454
0 24 0.35798275494117704
0 15 0.41733659660737676
0 35 0.24200479086051818
0 67 0.36937969314973573
1 69 0.21193625715146724
1 25 0.49805156408907114
1 35 0.2796879736180806
1 16 0.42717627684623727
1 78 0.5807492750440287
1 11 0.4966956977942675
1 3 0.24177393686381543
1 37 0.7658972741378025
1 58 0.6401992934423607
1 77 0.41399116762773736
2 3 0.3762880101829992
2 37 0.9556592336029377
2 57 0.7409715139687886
2 55 0.2692949728519096
2 28 0.2342568062782856
2 63 0.9161516493005065
2 20 0.18792564791777633
2 9 0.013027271668065943
2 7 0.059646733917604444
2 74 0.06362846305324477
3 49 0.7521972762872224
3 40 0.05474571132708583
3 54 0.08742956831627469
3 60 0.17365226421145963
3 29 0.7034737353679205
3 39 0.5698159256719817
3 67 0.7139761328303812
3 62 0.6863635913073529
3 77 0.5739125557411738
3 13 0.37907201160084936
4 61 0.1872376891945513
4 32 0.8254804765953838
4 20 0.5179101826094847
4 71 0.1455109567656343
4 65 0.9140200224754406
4 69 0.5733993113946123
5 39 0.1688428578816732
5 8 0.5580266959704934
5 52 0.6926475572679602
5 37 0.47554442601218827
5 24 0.8306491398616664
5 40 0.857374538227701
5 69 0.17028815418642973
6 39 0.4552873186995
6 20 0.45791537127498083
6 9 0.4202833316400306
6 72 0.9298713516965451
7 61 0.3154770038148016
7 38 0.9180565093487881
8 32 0.6199582579632625
8 37 0.9081315755714255
8 51 0.6590407934346191
8 40 0.8281526461083576
8 57 0.1478176946421803
8 74 0.9046607318899876
9 10 0.18552337626446702
9 48 0.5678587740255839
9 34 0.5433504974532358
9 70 0.8082657968626646
9 41 0.43236512659771065
9 64 0.5111223771765445
9 22 0.9207716621583923
10 17 0.9623043250133694
10 34 0.10548455099845566
10 46 0.8423560587851582
10 76 0.1651031395092658
10 56 0.03514887469281758
11 47 0.13420250888768914
11 70 0.48306046820813564
11 35 0.4154000805494923
11 57 0.6745662027397176
11 31 0.05616284912480818
11 78 0.8328083370539994
11 67 0.24047830606168497
12 62 0.4693401770287785
12 23 0.3358899354492033
12 44 0.6019058637580568
12 48 0.6120260577189245
12 26 0.010669843536284751
12 42 0.7140559225277294
12 64 0.13173752843005493
12 32 0.4477047364218162
13 75 0.8481061211501765
13 20 0.5007069912033053
13 33 0.774271610175959
13 49 0.7000218258998906
13 41 0.5211006463145516
13 35 0.49430046435741104
13 39 0.2193675309613904
14 79 0.1858073118660084
14 60 0.9940038712759118
14 37 0.9853608483737006
14 43 0.16879904898839082
14 58 0.4132308368749058
14 52 0.8791364171527453
14 57 0.01382122008801867
14 32 0.37122260392930906
14 63 0.6506297111740191
15 63 0.7484734104385896
15 37 0.07677396378330237
15 77 0.2647161427756288
15 27 0.7146315787742888
15 26 0.3459720874942349
15 72 0.3370762710239672
16 65 0.4000565072470198
16 27 0.32630051627427104
16 18 0.014730368766485258
16 37 0.4203843994096014
16 17 0.29060222882270703
16 56 0.35419873488425324
17 72 0.20792437264048247
17 62 0.9217126371972708
17 75 0.3331020196752602
17 78 0.9634245201120755
17 37 0.2575541929551698
18 50 0.23346657103783608
18 40 0.45900146404243436
18 26 0.9224265442423477
18 36 0.390577071430798
19 60 0.5891975568958057
19 22 0.5233526063533575
19 32 0.28097718095545976
19 52 0.19331331187436984
20 21 0.4647882879334805
20 53 0.43127147599654225
20 65 0.48869154735348364
21 34 0.9002652174788874
21 79 0.00857225499855696
21 30 0.634764977184959
21 33 0.09380405312308837
21 59 0.6909121073445437
21 65 0.7854096248374093
21 41 0.31080142212783035
21 57 0.7046691763050608
22 53 0.48774159315995036
22 70 0.8047354104567449
22 65 0.48979659432928857
22 38 0.7071644695893822
22 51 0.6255003068981397
22 48 0.9833634217127938
22 26 0.227775684872088
23 74 0.8872830312806912
23 44 0.6418517288610184
23 69 0.6404172211676775
23 41 0.2933243995660777
24 38 0.6930080362790326
24 53 0.25586926660975384
24 63 0.3580760941373261
25 70 0.1388492556495785
25 48 0.19866365008330888
25 41 0.26135910183469624
25 31 0.3558124271494234
25 69 0.08601263683574345
25 59 0.9746280524020138
25 46 0.5616871909723956
26 48 0.8716853047973793
26 54 0.017340764539158227
26 77 0.38856055980129733
26 73 0.7402123102544165
26 39 0.7504147965085887
26 70 0.6478496410538402
26 36 0.23629842611103125
26 71 0.8949112215415961
27 48 0.6883335940364533
27 75 0.5960230176077781
27 34 0.34212677814744696
27 68 0.5921089305213684
27 79 0.47192314824801507
27 54 0.7488744364939643
28 67 0.8755786076615505
28 58 0.8478551178475467
28 66 0.8092882445708297
28 57 0.744506470710518
28 72 0.24495855904791763
28 30 0.797084671922899
28 61 0.6448159337465016
28 35 0.901527069557427
29 34 0.10631653339675662
29 70 0.2741209949762252
29 44 0.03271610039359685
29 64 0.8285192621546931
29 51 0.48656604470754317
29 49 0.1045600177693834
29 62 0.8553551735717307
30 68 0.36302149514577564
30 77 0.3456159268497714
30 75 0.4192249833783377
30 48 0.5831826087097585
31 51 0.515691469906144
31 34 0.5216988869539028
31 38 0.8705842157819311
31 32 0.8059417204275319
31 35 0.9226678654326758
31 33 0.3371722694946183
31 63 0.8462109831881185
32 67 0.4781613948387371
32 65 0.4354767890537209
32 72 0.6709003374502885
32 47 0.6967652018423528
32 70 0.7241461453181768
32 69 0.36224186161253424
32 74 0.7994351463315729
33 45 0.9139828895970793
33 35 0.3380218221951795
33 44 0.20180565935643913
34 58 0.6045846180689967
34 42 0.3093172431033283
34 39 0.6405895984391743
34 50 0.7106250927968913
36 75 0.2534143687954592
36 51 0.29582006746786926
37 58 0.29854573880329394
37 64 0.07828046471086525
37 46 0.9944563601020352
37 69 0.35620650727475456
37 76 0.337424367168322
38 39 0.5857575871847485
39 55 0.5023941093270715
39 44 0.9332259256642017
39 52 0.4557218545068946
40 61 0.07540081082488315
40 57 0.8585400386489244
40 50 0.47643331597667893
40 74 0.7693366151583081
40 79 0.930980534569069
40 67 0.5358316345522426
40 63 0.021758473074876772
41 63 0.7063190680112696
41 54 0.14370853270962003
41 78 0.9930105761202163
41 67 0.5205244673706351
42 64 0.49056622261474625
42 78 0.3410483517988936
43 49 0.7125456066574936
43 54 0.4370613671171597
43 73 0.3071147990148786
43 50 0.5349188792802473
43 52 0.2819115521812269
43 79 0.8574487550512049
44 65 0.7665399438846551
44 53 0.7191407595808659
44 70 0.9011041557208196
44 49 0.9276876132121887
45 73 0.372589948227778
45 62 0.9277343309959641
45 63 0.5196392164352216
45 74 0.2936187410043045
45 69 0.6467120458125628
45 64 0.9161288811773698
46 70 0.7731898433671962
46 72 0.8556635629519755
47 62 0.003604221646370309
47 65 0.5167384172741906
47 70 0.9018016137049257
47 73 0.6554257043219714
48 55 0.7998709405865378
48 71 0.4386953908334058
49 73 0.012568586985210795
49 74 0.7682403009342689
50 75 0.7745741163324923
50 66 0.5508595908944982
50 74 0.30841857322497135
50 73 0.42787850460449817
50 72 0.4880422364422856
50 63 0.5446811254486303
50 55 0.4923045031265978
51 69 0.39190835548992
51 54 0.7489548838204277
52 64 0.684867145957682
52 68 0.10381058333435489
52 69 0.41490075012952443
53 71 0.2446467063246528
53 73 0.8028023661972125
53 62 0.30380420824122856
54 64 0.37341147554990495
54 69 0.8371680894017087
55 77 0.07374992378725498
55 75 0.9647614544992343
55 68 0.2418588946998047
55 70 0.32843705320023564
55 76 0.04063558482936569
56 63 0.48487965598938454
56 65 0.15570223761421453
56 68 0.02292085072577943
56 64 0.33629172666976637
56 67 0.8767285617965169
56 57 0.9421031669318771
57 60 0.004840878543739824
57 64 0.9246056628035881
58 76 0.8681071657359877
58 72 0.7441828507691786
60 69 0.49619759257186047
62 68 0.6516002117455992
62 79 0.05639603388833603
63 64 0.17818145575612443
64 76 0.04454749452057993
65 77 0.4781607140596428
65 73 0.5134882531726811
65 76 0.907005552054574
66 71 0.7410471383747136
66 76 0.37501518748293206
67 79 0.3707160297439275
68 72 0.39397439346437857
69 70 0.8914811180963197
69 79 0.2689970581345603
69 78 0.4780931159676749
70 77 0.0071361187793494985
70 74 0.8349362799674356
70 73 0.028526995070421113
71 78 0.6171442185193519
74 76 0.962942174605172
75 78 0.7423309448932718
