30 36 edge_degree 1.2
0 28 0.19336997160553648
0 22 0.737629943793225
0 10 0.22001338444050322
0 23 0.21492693029109333
0 29 0.6710905883893464
2 24 0.002409740915305991
3 8 0.11499393019949877
3 15 0.8688848902001436
3 28 0.3896307783741221
3 5 0.8944179458712934
4 18 0.9899164580162195
6 25 0.46050427112298387
6 13 0.24810252297627988
7 18 0.836623002494477
7 16 0.5979213702521
7 11 0.6988285761321394
7 21 0.8599725131892949
7 24 0.17720262635360962
8 14 0.135552472851173
9 14 0.7249918075230661
9 27 0.40492477031603225
12 20 0.19575373561229326
12 26 0.05629235366944452
12 21 0.31190336825200715
13 19 0.1664142285065523
13 26 0.5749833723200454
14 15 0.23214110511344332
14 24 0.7484687944294672
15 24 0.42656238851577855
15 17 0.5484376194575501
17 20 0.9568490779508334
17 29 0.6879703777225192
20 29 0.17024026863647035
20 23 0.7285857978948199
23 25 0.37592493155242657
25 27 0.10116958021538147
