30 36 edge_degree 1.2
0 27 0.40401875273990595
0 7 0.14013549554765237
1 2 0.550137314620027
1 19 0.9440782199813935
1 28 0.5076646367294219
2 11 0.3785701337183025
4 5 0.7522120546890115
5 26 0.6458690191271367
5 13 0.20845102745500488
5 17 0.6665497370065087
5 7 0.019003459210665485
5 10 0.0544552756397787
5 28 0.8121902867615339
6 19 0.7542042883720357
8 9 0.009076641715180744
8 16 0.20522387852086021
10 29 0.24005437302242405
11 17 0.5828634591324422
11 14 0.5806666200688716
11 16 0.26512183577907433
11 25 0.996327816674525
11 18 0.42197198022793037
12 20 0.5149878027208633
12 29 0.9486694714987588
13 28 0.628480077455395
13 23 0.25670185097986653
14 29 0.23495870796548002
14 25 0.06753414778588074
16 27 0.6773423559933767
16 28 0.5484780193928416
16 29 0.9482387661089006
17 21 0.5603800693947417
18 21 0.3410996016312292
21 27 0.8943452878237366
23 25 0.15053629456649786
24 29 0.5752284371716458
