80 120 edge_degree 1.5
0 9 0.32209483066796296
0 61 0.08373815671874407
1 60 0.05167194881770709
1 8 0.8753882193766782
1 43 0.5364380816648937
2 37 0.39087848894730626
2 40 0.2176929535059664
2 75 0.5802191748529468
2 7 0.1250324107644719
3 34 0.5297604385134107
3 35 0.8591149668529926
3 13 0.7521053406533189
4 17 0.7596007761738023
4 39 0.14290216710654813
4 68 0.7494174942208751
4 67 0.4262969369713546
4 52 0.45846012746195375
4 28 0.020303766764351083
5 38 0.9856335462870269
5 15 0.5595472810489591
5 48 0.6065489503328226
5 43 0.7871959549320584
7 42 0.2956402768509807
8 77 0.012200846189275638
8 61 0.18702710832938252
8 44 0.6190752298717112
10 43 0.36265457821506664
10 79 0.9166650112035827
11 61 0.639360836193871
12 46 0.5879184192426843
12 13 0.11062944461901991
13 27 0.5120640642188922
13 76 0.48001408165827686
13 79 0.2990110453821525
15 36 0.6893278776991993
15 28 0.18084742744307702
16 69 0.18650625235547336
16 72 0.42996698061784877
16 53 0.41641824962154317
17 56 0.026552996204827317
17 48 0.19278888891353385
17 75 0.9829048812445987
19 50 0.8247761866407355
19 29 0.9719381783767781
19 52 0.7485542148254779
19 33 0.14188592785751097
19 25 0.40156892374067454
20 75 0.47797109808828464
20 77 0.03270440982595679
21 56 0.8721587398537034
22 40 0.4647523458299815
23 46 0.5217943236843949
23 55 0.20146291434188635
23 73 0.1659604045629508
24 29 0.34250831170356166
24 40 0.07711126321656903
25 52 0.48054185928509274
27 63 0.07378532855819253
27 72 0.29117378132271043
28 34 0.8302248413023364
28 42 0.6865591096044404
29 43 0.23125370672396073
30 75 0.04598644256434792
30 64 0.17408167933136354
30 55 0.3821037029132409
30 41 0.5450201148791782
32 47 0.17954973096547988
33 70 0.8753625194633098
33 55 0.7159179793160655
33 66 0.16577284457812003
33 76 0.7793759442302083
34 73 0.8664185002491008
34 64 0.9996839866582365
34 57 0.8714169371039043
34 59 0.5252841609671868
35 70 0.10442070217577537
35 62 0.8765143871929759
35 43 0.10031003115984216
37 78 0.41523565944869467
37 66 0.4384803261797643
37 53 0.15473755853530735
38 53 0.7570294796565181
38 55 0.10875691474915106
38 70 0.6458567125029279
38 58 0.03712753055766038
38 48 0.17621165239293535
39 64 0.806693487491794
40 46 0.44435313390485753
40 47 0.7716613394020402
41 69 0.3984790499574812
41 76 0.2845804986209095
42 75 0.22210571886394226
44 73 0.13079507528947176
44 75 0.9101567065740095
44 53 0.8654248610491024
45 59 0.04882321102542997
45 77 0.6079144103626473
47 77 0.8673111717670409
48 58 0.9692602839025353
48 78 0.59130938357643
49 66 0.3935177816442518
49 54 0.47411181817767833
49 64 0.40454018652908375
50 73 0.5125893946152604
52 74 0.8219710464479513
52 72 0.8116751186901315
53 54 0.2719161173845078
53 74 0.9054395594709406
55 71 0.6453109083180006
58 66 0.9833186225639284
60 74 0.05512008465707541
60 69 0.7394488407527561
60 70 0.7600526585536531
60 76 0.7692581073571985
65 79 0.6075093594749025
68 74 0.09616156698272971
71 76 0.04740077532018627
72 73 0.728150389904411
75 76 0.4711399021004383
77 78 0.9999143524878563
