80 80 edge_degree 1.0
0 38 0.3233921634854843
1 73 0.6504582716362073
2 51 0.20757564769157955
2 41 0.6865122088374614
3 33 0.004426022336712743
3 58 0.107050850562599
4 41 0.9901457888705582
4 62 0.5113847611153236
5 33 0.21591642125289323
5 10 0.4418931251570365
5 45 0.7570172914266279
5 46 5.409571034187266e-05
5 77 0.3644883748346861
7 28 0.8609970065279319
7 29 0.9462261307576161
7 21 0.8889418822441589
8 11 0.8620332864023923
8 52 0.04490373206116005
9 37 0.5876535399877424
10 36 0.4363145540673027
11 77 0.011788000661131615
11 70 0.11376473838535439
12 41 0.054461495654294034
12 56 0.5222808927828517
13 50 0.6050374965578446
13 22 0.7215972250367849
14 26 0.15447916052851451
15 42 0.023615593368103593
15 67 0.14459695258230731
17 32 0.039884234791477735
18 25 0.7397126587645998
19 61 0.17744318931605663
19 41 0.7963238046775984
19 76 0.9883830084363773
20 57 0.08086757902700115
20 42 0.8799725067200785
21 39 0.2511857664117594
21 58 0.12488663935188005
22 31 0.6850338356904332
22 37 0.15282361900941666
23 35 0.22974670758517401
24 34 0.7589502805567113
24 52 0.9461171629428726
24 79 0.0406846725743335
25 56 0.4744302695090019
25 71 0.6469755321062854
25 61 0.303383317498493
25 30 0.5728791848013854
26 54 0.8774156085230078
27 33 0.21137137944259354
27 54 0.6596027173943474
28 53 0.1708593815064775
29 39 0.6600627324105298
30 38 0.09462982477014537
30 78 0.7860197571514812
31 64 0.9272413731548561
31 74 0.23904309439231275
31 56 0.8486821566455555
35 46 0.7639302361129433
35 60 0.5069545184769451
35 59 0.832651706661075
35 74 0.42010277946071195
36 55 0.9153371884739291
36 41 0.1647371743768522
37 70 0.34231887092141877
37 47 0.42559011137165836
37 73 0.09167619858861831
37 56 0.3363812486813964
37 52 0.10043395474016203
39 65 0.6102499472785308
41 75 0.40259087493141066
43 49 0.3290464917488114
43 60 0.6535043454383418
45 55 0.4127653828241742
48 76 0.34583332753652973
52 79 0.44680097030514565
52 56 0.9815020071237683
54 76 0.6287994634647326
62 69 0.9913678244640374
66 68 0.8200597163236089
