30 36 edge_degree 1.2
0 16 0.0676740035080392
0 23 0.1781576971488168
0 27 0.8435110855321908
0 6 0.7343482578089616
0 9 0.830667451963494
1 20 0.89555803333527
2 25 0.8528602178734425
3 11 0.4962141261950498
3 17 0.5432277300999253
4 19 0.10042887674244982
5 28 0.7915651016599926
5 8 0.05216522610091612
5 24 0.3492030387111399
5 27 0.6452021157759806
5 9 0.42961877841812124
5 6 0.738494416581558
6 13 0.3051667718850529
6 24 0.8262324164928426
6 10 0.7176863829061415
6 22 0.9108416325791958
7 24 0.608244561963755
7 12 0.3098210533871468
7 18 0.23089260400871092
8 19 0.22009830667386676
11 23 0.7286914169716434
12 24 0.921736568727865
12 28 0.6212477860298268
14 26 0.9349425834955108
14 19 0.35562744279194325
15 27 0.30320687623407927
17 28 0.5135697779776704
20 29 0.6584545891822945
20 21 0.08229424131068652
22 25 0.4739536345332215
23 26 0.9860588406768671
27 29 0.783579864661616
