20 40 num_nodes_edgedegree2 20
0 12 0.35894539742738907
0 14 0.769107003564111
0 10 0.4518013490898646
0 17 0.24482258085079234
0 13 0.9520360053298387
0 9 0.054432491407972905
0 15 0.5813349725037248
0 6 0.5294733082827539
1 15 0.2741629308313609
1 9 0.08638497655129329
2 8 0.2744018958417349
2 11 0.08594376501901213
3 15 0.9124182149907131
3 18 0.7559947982136112
3 5 0.7351654608402654
3 9 0.4654713984877299
4 18 0.8740370216283156
5 13 0.42020901620049267
6 12 0.0620156919901762
6 9 0.909665012807298
7 8 0.130690504782198
7 16 0.5637975612832171
7 17 0.6912935887942048
7 11 0.15990864271964278
7 14 0.9156155913296735
7 12 0.3856211658437342
9 18 0.48495550769378093
10 16 0.5945909103410121
11 17 0.0010773413132526555
11 15 0.18336088356734892
11 16 0.5738358308663057
12 18 0.18866776989384682
12 16 0.7933925808145289
13 19 0.9643581262095074
13 17 0.8878288352284917
13 16 0.4090216782617031
14 15 0.48965123052058057
14 16 0.34357312863056655
15 16 0.42187139030452503
18 19 0.4996852309983083
