20 40 num_nodes_edgedegree2 20
0 11 0.2191695348639484
0 5 0.486958485817785
0 6 0.6352454798784367
1 2 0.017331136499578403
1 18 0.9728404305358817
1 8 0.7755978641631084
1 3 0.2038714580792773
2 11 0.996974594269318
2 10 0.7471863993296084
4 16 0.6469841847393959
5 9 0.7818116739337353
5 13 0.8211064131380582
5 16 0.5359074387237256
5 17 0.014568378213976385
5 10 0.3286861433180609
5 14 0.004333242961481187
6 19 0.5537325530730312
6 9 0.6247488422597626
7 16 0.5627218313748041
7 15 0.8621149088220544
8 19 0.8590878246855302
8 15 0.8696283598205565
8 18 0.05508564097183133
9 15 0.43503687889678444
9 16 0.2104637593458505
10 14 0.20931656565900214
11 17 0.7055084264643836
11 16 0.41858934709535867
11 18 0.9446432832346808
11 19 0.6158519440262084
12 16 0.9716464110512446
12 13 0.21754750854824
12 14 0.7580345478708672
13 16 0.23539361286864258
13 18 0.6963832840550619
14 16 0.4815597529825285
14 17 0.5810773429959601
15 16 0.5118415233476424
16 17 0.8258792960680605
16 19 0.7769849372543569
