20 40 num_nodes_edgedegree2 20
0 15 0.4539157821126356
0 2 0.3074171905034613
0 8 0.4509719831070087
0 9 0.18012812868234918
1 9 0.9948310439229313
1 4 0.8293806904735961
1 3 0.12058103258357311
1 12 0.5753895166266674
2 19 0.00844105100447401
2 15 0.2522377829553749
2 11 0.6526768319075603
3 11 0.734319304809797
3 6 0.1430781227635568
3 9 0.07438279399974934
4 17 0.3347936504102338
4 12 0.02319802139606919
4 7 0.14846905407694777
4 14 0.6524806556539055
4 13 0.041035553437646755
5 18 0.45785593653353795
5 19 0.31439489551488
6 7 0.4189388618855596
6 15 0.5674197971426369
7 18 0.49085783662804594
7 10 0.5076808502794381
8 17 0.46308795055024254
8 13 0.4312006900671841
8 18 0.46119147744946576
9 13 0.9031733600566297
10 17 0.16376750697497067
11 19 0.3562922469377242
11 18 0.010805420623220874
12 16 0.2502484591867259
12 13 0.037748184516797956
12 18 0.4548592551174988
13 18 0.47304169083637604
15 18 0.13355207043331685
15 17 0.6825050600610042
15 19 0.5639199285470636
17 18 0.6667750355624239
