20 40 num_nodes_edgedegree2 20
0 12 0.5814011894698724
0 8 0.4638499424635971
0 9 0.9265448012214108
1 7 0.9473226194681225
1 8 0.22431735119642338
1 2 0.605166279130225
2 19 0.731672811253975
2 17 0.22403741562853385
2 13 0.13736854050364655
3 12 0.19286953873820434
3 5 0.8862111631332091
3 10 0.007515787714139188
4 15 0.46455986666337257
4 6 0.8399438397339313
5 9 0.046822537586859836
5 7 0.946686021580413
5 14 0.46386340771179646
5 8 0.48241669605262083
6 8 0.5281873373958786
6 13 0.5861515426294427
6 14 0.20670433364461316
6 17 0.3583300396152296
7 9 0.24146938958273445
7 16 0.5137396254199224
7 19 0.2314208548137896
8 11 0.5456480311520272
8 15 0.909978154644234
8 14 0.011909149166813293
8 18 0.15739289951019608
9 17 0.029147921653689957
9 11 0.14304385950972232
9 18 0.43978029415555464
9 16 0.8631920710019321
9 13 0.47672469752211166
10 12 0.7988216413295198
10 15 0.9744596577701803
10 18 0.4148252825283012
11 13 0.12290100165529028
13 19 0.16493773519982013
16 17 0.8433132076013269
