20 40 num_nodes_edgedegree2 20
0 14 0.33108584366473803
0 6 0.041688809701698526
0 9 0.041606197575015824
0 19 0.11264397433315254
0 8 0.636464451988264
0 17 0.4031201850123265
1 7 0.9703544377628427
1 5 0.31480612673127295
2 5 0.8223334510738184
2 8 0.0381754321899922
2 10 0.8688265883529325
3 5 0.46296368226620244
3 17 0.6118424269656124
3 7 0.9810173588738502
3 14 0.493834543820287
4 19 0.9099318478302835
4 5 0.3003174244393124
5 12 0.09347760078903711
5 6 0.8864246410726515
5 10 0.9605182103436941
6 17 0.6746595681185893
6 12 0.9815856961228421
6 19 0.38200211604874035
7 12 0.4943284108268854
7 18 0.8196508111630771
8 19 0.28856524530517236
8 13 0.7196076054405713
8 16 0.5006175451245947
9 10 0.009591020269147266
9 11 0.9662521708630354
9 15 0.21070735837971666
11 16 0.7920949887666793
11 15 0.9254400444840396
11 13 0.8102135540265429
11 12 0.920374969390234
11 14 0.8544673852728889
11 18 0.33904925173182543
12 18 0.4234827509236715
14 19 0.6402235288083592
18 19 0.2584004892064856
