50 100 num_nodes_f_dist 50
0 49 0.1942
0 34 0.0723
0 14 0.0018
0 24 0.0038
0 48 0.0141
1 31 0.0761
1 41 0.1808
1 46 0.0117
1 26 0.1197
1 14 0.2992
1 28 0.6454
2 30 0.0
2 43 0.0515
3 30 0.0177
4 48 0.0551
4 5 0.1614
4 18 0.0358
5 23 0.5245
5 11 0.0109
6 13 0.263
6 20 0.2311
6 11 0.5599
6 32 0.0235
7 16 0.341
7 18 0.3538
7 39 0.0212
7 30 0.0174
8 36 0.082
8 33 0.0207
10 49 0.0061
10 41 0.0033
10 32 0.0
10 42 0.1492
11 42 0.7963
11 40 0.1953
11 22 0.0425
12 19 0.1797
12 49 0.3659
12 35 0.0701
13 27 0.1476
14 37 0.0933
14 33 0.0079
14 22 0.0013
14 43 0.0388
14 48 0.0364
14 25 0.9218
15 47 0.0154
15 17 0.084
16 35 0.2552
16 33 0.0432
17 46 0.1
17 29 0.0345
17 48 0.1967
17 41 0.1108
18 29 0.0082
18 37 0.0338
18 45 0.0018
19 45 0.2332
20 31 0.0059
21 47 0.0949
21 39 0.4109
22 32 0.1613
22 36 0.0002
22 31 0.0521
22 26 0.2476
23 35 0.0501
23 31 0.0674
23 36 0.0758
24 41 0.035
24 27 0.8564
24 43 0.1222
25 37 0.0199
25 26 0.1197
25 33 0.0185
26 32 0.0781
27 32 0.1087
28 30 0.0154
28 44 0.0448
28 48 0.0068
28 42 0.2483
29 38 0.0139
29 44 0.0056
31 48 0.3223
31 35 0.1112
31 32 0.3386
32 42 0.0052
32 47 0.0119
34 35 0.0045
34 39 0.032
35 41 0.026
35 42 0.0685
35 49 0.0214
35 37 0.0052
37 39 0.0366
38 48 0.0293
38 46 0.0027
40 46 0.3237
43 47 0.1502
44 49 0.174
45 46 0.1487
