50 75 num_nodes_f_dist 50
0 46 0.1578
0 44 0.3445
1 2 0.1906
1 14 0.2913
1 43 0.4453
1 4 0.6622
1 23 0.184
2 37 0.0812
2 3 0.0611
2 46 0.56
3 5 0.167
3 6 0.0219
3 17 0.0917
3 27 0.1545
4 21 0.3534
5 23 0.6049
5 7 0.2302
6 43 0.3757
8 11 0.0307
8 17 0.1107
8 16 0.048
10 47 0.3561
10 43 0.2934
10 35 0.0624
10 28 0.1409
10 39 0.0412
11 15 0.0608
11 20 0.0496
11 28 0.1095
11 33 0.3454
12 47 0.1499
13 38 0.1096
13 31 0.0611
13 15 0.0386
14 42 0.3181
14 37 0.3426
15 33 0.1206
16 38 0.244
17 32 0.0829
17 31 0.0915
17 49 0.3278
19 42 0.0779
19 30 0.1519
19 45 0.065
19 46 0.2743
20 24 0.1443
20 44 0.8073
22 23 0.1282
22 32 0.3843
22 29 0.275
23 32 0.1929
23 29 0.1821
23 37 0.2114
25 46 0.114
25 48 0.3911
26 47 0.0693
26 37 0.2106
27 40 0.3082
27 33 0.2945
28 34 0.4909
29 41 0.2449
29 42 0.5537
29 31 0.1934
31 32 0.8829
32 35 0.1182
32 33 0.1762
33 48 0.2239
35 43 0.0905
35 46 0.1884
36 46 0.1663
36 41 0.2052
39 41 0.0562
39 43 0.4753
45 47 0.1141
45 48 0.611
