50 100 num_nodes_f_dist 50
0 38 0.0158
0 47 0.2532
0 4 0.2864
0 21 0.0326
1 49 0.073
1 17 0.0352
1 9 0.0073
1 20 0.0094
1 37 0.0494
1 23 0.1803
2 19 0.0088
2 8 0.034
2 7 0.2896
2 48 0.1891
2 34 0.0003
2 44 0.0013
3 8 0.02
3 43 0.0003
4 37 0.0387
4 10 0.0285
4 30 0.0119
4 26 0.0154
5 22 0.0003
6 23 0.9567
6 36 0.0983
6 38 0.0877
6 35 0.068
7 18 0.0144
8 34 0.3331
8 28 0.0005
8 23 0.0843
9 14 0.01
9 40 0.1065
9 16 0.0293
10 44 0.0128
11 20 0.0028
11 23 0.1581
12 45 0.1675
12 26 0.0959
13 31 0.7008
13 40 0.254
14 35 0.0009
14 37 0.0055
15 37 0.2568
15 32 0.0225
15 45 0.0
16 30 0.0395
16 43 0.1168
16 33 0.056
16 40 0.2516
17 30 0.045
17 36 0.0068
17 35 0.0315
17 27 0.0086
17 45 0.0468
18 27 0.0035
18 39 0.0374
19 40 0.2603
19 27 0.0152
19 35 0.0117
19 29 0.1918
20 44 0.0006
20 21 0.0013
20 48 0.0812
21 43 0.0009
21 37 0.0143
21 29 0.0905
22 34 0.3103
22 43 0.0196
22 38 0.4311
23 38 0.0069
24 33 0.0065
24 45 0.1826
24 36 0.0714
24 41 0.0091
24 39 0.0012
25 40 0.0153
25 27 0.0001
26 32 0.1873
26 37 0.0046
26 49 0.0849
27 49 0.1068
29 33 0.3212
30 40 0.1011
30 34 0.2226
30 35 0.0007
31 47 0.0397
32 39 0.1391
34 36 0.0395
36 46 0.1942
37 48 0.0
37 40 0.0232
37 38 0.0058
38 46 0.0386
38 42 0.0701
38 39 0.0862
38 43 0.1378
40 46 0.008
41 45 0.0144
42 49 0.1369
