50 100 num_nodes_f_dist 50
0 18 0.9259
0 23 0.1994
1 4 0.1431
1 13 0.3724
1 2 0.053
1 20 0.0874
2 5 0.8584
2 29 0.2618
2 34 0.0061
2 7 0.0026
2 14 0.0096
3 14 0.295
3 6 0.2498
3 7 0.0084
3 20 0.0211
4 12 0.0894
4 43 0.2292
5 9 0.0
5 38 0.0438
5 17 0.1082
5 18 0.0385
6 46 0.014
6 16 0.7507
6 36 0.0217
7 15 0.0058
8 18 0.0798
9 43 0.3795
9 20 0.0042
9 38 0.0002
9 16 0.0465
10 19 0.4032
10 14 0.6438
10 38 0.0138
10 23 0.0247
10 47 0.3427
11 49 0.0356
11 15 0.0279
11 22 0.176
11 21 0.0179
12 17 0.5558
12 32 0.0318
12 26 0.0404
12 20 0.0411
12 28 0.4435
12 41 0.0167
12 30 0.0723
12 31 0.0231
13 28 0.1936
13 27 0.0353
13 49 0.4273
14 45 0.0864
14 26 0.0877
15 19 0.1151
15 30 0.142
15 20 0.3394
15 28 0.6792
15 41 0.2487
15 33 0.0047
16 41 0.038
16 19 0.0503
16 24 0.0733
17 23 0.0062
17 40 0.0223
17 28 0.0207
17 48 0.0152
18 48 0.0014
18 40 0.0686
18 38 0.0123
18 29 0.0607
18 20 0.3311
18 39 0.0599
18 23 0.0035
18 33 0.0027
19 35 0.035
19 48 0.1004
20 37 0.0763
21 42 0.0038
21 44 0.1293
21 36 0.1312
22 44 0.0016
23 46 0.0712
24 32 0.0024
25 30 0.7257
25 35 0.1083
26 27 0.001
26 39 0.0279
26 49 0.2238
26 31 0.1789
26 28 0.0448
27 28 0.0565
27 47 0.1039
30 41 0.0002
31 37 0.1228
33 34 0.0005
35 40 0.1827
36 45 0.2101
37 39 0.0758
38 43 0.0027
41 49 0.0374
43 47 0.0174
