50 75 num_nodes_f_dist 50
0 46 0.1065
0 8 0.0188
0 13 0.1555
0 37 0.1653
0 28 0.0084
1 29 0.0769
1 23 0.3137
1 47 0.4287
1 35 0.2146
2 45 0.0224
2 27 0.128
3 41 0.0709
3 16 0.1132
3 5 0.19
4 8 0.3968
4 21 0.0562
4 19 0.2065
5 13 0.0882
5 34 0.1746
5 11 0.1656
6 34 0.1772
6 37 0.2373
7 10 0.2032
7 12 0.2314
8 28 0.1894
9 16 0.1231
9 21 0.3789
9 40 0.2543
10 48 0.1701
10 26 0.1815
10 46 0.5893
11 17 0.7349
11 13 0.0983
11 20 0.3476
11 45 0.3464
11 39 0.0983
12 34 0.1383
12 44 0.4052
13 26 0.403
13 49 0.1681
15 49 0.2852
15 24 0.8903
15 36 0.1966
15 48 0.1076
16 39 0.0736
16 33 0.0816
17 44 0.1271
18 20 0.5485
18 23 0.249
19 24 0.244
19 38 0.0777
19 22 0.0905
19 43 0.1142
19 20 0.1602
19 30 0.018
21 45 0.1769
21 32 0.0616
22 47 0.1497
22 25 0.1597
22 29 0.0581
22 32 0.4077
23 30 0.5565
23 26 0.3578
23 39 0.0833
24 49 0.1118
24 37 0.322
29 49 0.0796
30 44 0.0568
33 41 0.196
34 38 0.1649
38 43 0.1161
40 43 0.2867
44 47 0.1142
44 46 0.371
47 49 0.1082
