40 80 num_nodes 40
0 12 0.7
0 24 0.9
0 2 0.9
1 23 0.1
1 11 0.9
1 15 0.1
1 4 0.1
1 2 0.7
1 19 0.5
1 6 0.1
2 37 0.9
2 17 0.7
2 27 0.5
2 38 0.3
3 5 0.3
3 6 0.5
3 36 0.7
3 13 0.1
3 23 0.7
4 21 0.1
5 23 0.9
5 7 0.7
5 20 0.3
6 14 0.5
7 18 0.7
8 32 0.9
8 33 0.7
8 10 0.1
8 28 0.1
9 15 0.3
9 39 0.1
10 19 0.5
10 27 0.5
10 33 0.1
10 28 0.7
10 20 0.1
11 35 0.3
11 20 0.1
11 28 0.7
11 23 0.7
11 33 0.5
13 38 0.5
13 19 0.3
14 15 0.3
14 31 0.3
14 30 0.3
15 33 0.7
15 17 0.5
16 38 0.3
16 23 0.1
16 25 0.1
17 31 0.5
17 39 0.7
17 37 0.5
19 30 0.7
19 32 0.9
20 29 0.5
21 31 0.7
22 23 0.3
22 32 0.7
22 36 0.3
22 39 0.5
23 34 0.1
23 32 0.3
23 37 0.1
23 39 0.3
24 27 0.3
25 32 0.1
25 29 0.5
25 31 0.7
26 33 0.3
26 37 0.3
28 32 0.7
28 35 0.7
29 35 0.3
31 32 0.9
32 35 0.9
32 39 0.5
33 35 0.7
33 37 0.7
