60 120 Varying K k
0 44 0.4
0 56 0.4
0 14 0.8
0 24 0.8
0 22 0.6
0 28 0.4
1 57 0.8
1 20 0.6
1 46 0.4
1 59 0.8
1 30 0.6
1 51 0.8
1 55 0.8
2 30 0.8
2 19 0.4
2 16 0.4
3 27 0.4
4 48 0.8
4 5 0.6
4 18 0.6
5 23 0.4
5 55 0.4
6 31 0.6
6 57 0.4
6 11 0.6
6 32 0.4
7 16 0.8
7 47 0.8
7 17 0.4
8 36 0.8
8 51 0.8
10 49 0.8
10 41 0.6
10 32 0.6
10 42 0.4
11 23 0.8
11 35 0.6
11 37 0.8
11 22 0.6
12 42 0.8
12 49 0.8
12 35 0.4
13 50 0.8
13 27 0.4
13 35 0.6
14 37 0.6
14 33 0.4
14 22 0.6
14 43 0.4
14 48 0.6
14 25 0.6
14 40 0.6
15 47 0.6
15 17 0.6
16 33 0.6
17 28 0.6
17 58 0.6
18 29 0.4
18 55 0.4
18 19 0.6
21 57 0.6
21 39 0.8
22 32 0.4
22 29 0.4
22 26 0.8
23 25 0.6
23 36 0.4
24 41 0.6
24 53 0.6
24 43 0.8
25 32 0.8
25 51 0.4
25 37 0.4
26 53 0.6
26 42 0.8
26 32 0.4
27 38 0.6
27 32 0.6
28 30 0.4
28 48 0.4
28 42 0.6
29 38 0.6
30 55 0.8
31 48 0.8
31 35 0.6
31 54 0.4
31 46 0.4
31 52 0.8
32 59 0.4
32 47 0.4
33 53 0.8
33 49 0.8
34 41 0.4
34 58 0.4
35 58 0.8
35 56 0.6
35 55 0.8
35 42 0.6
35 51 0.8
36 54 0.6
37 56 0.8
37 54 0.4
37 39 0.8
38 46 0.8
39 50 0.6
39 51 0.8
40 46 0.4
41 59 0.6
43 47 0.8
43 53 0.6
44 49 0.4
45 46 0.8
45 54 0.4
46 51 0.6
48 49 0.6
50 54 0.8
51 54 0.4
52 56 0.8
52 59 0.4
53 58 0.6
