60 120 Varying K k
0 46 0.4
0 24 0.6
0 22 0.8
1 55 0.6
1 14 0.6
1 43 0.4
1 4 0.6
1 58 0.8
1 19 0.8
1 28 0.4
2 38 0.8
2 57 0.8
2 3 0.6
2 46 0.4
2 37 0.8
2 9 0.6
2 47 0.4
3 5 0.8
3 6 0.4
3 17 0.4
3 56 0.6
4 50 0.8
5 23 0.4
5 7 0.4
5 42 0.4
6 58 0.6
6 53 0.4
7 18 0.8
8 11 0.4
8 54 0.6
8 52 0.4
8 33 0.8
9 45 0.8
10 53 0.8
10 27 0.4
10 35 0.8
10 28 0.6
10 59 0.6
11 15 0.4
11 20 0.6
11 57 0.8
11 47 0.4
12 47 0.6
13 38 0.4
13 31 0.4
13 52 0.8
14 20 0.8
14 37 0.4
14 30 0.4
15 33 0.6
15 17 0.4
15 50 0.8
16 19 0.8
16 23 0.8
16 57 0.4
17 32 0.8
17 31 0.8
17 39 0.8
19 30 0.4
19 51 0.4
19 46 0.8
20 59 0.6
20 43 0.6
21 52 0.4
21 31 0.4
22 37 0.6
22 42 0.8
22 29 0.6
23 34 0.4
23 29 0.6
23 32 0.4
23 50 0.4
23 54 0.6
24 58 0.8
25 40 0.4
25 48 0.8
26 47 0.4
26 37 0.4
27 57 0.4
28 59 0.4
28 50 0.8
28 35 0.8
29 41 0.4
29 56 0.6
29 46 0.4
31 59 0.4
31 42 0.6
32 55 0.8
32 35 0.8
32 33 0.6
33 56 0.4
33 58 0.4
33 48 0.6
33 44 0.4
35 43 0.6
35 58 0.4
36 46 0.6
36 41 0.8
37 43 0.6
38 49 0.4
39 41 0.6
39 56 0.8
39 40 0.8
39 55 0.8
42 54 0.6
43 59 0.4
43 56 0.6
44 52 0.4
45 47 0.6
45 53 0.4
45 48 0.8
46 51 0.6
47 51 0.4
48 58 0.4
49 58 0.8
50 53 0.4
50 55 0.8
52 58 0.8
54 55 0.8
56 58 0.6
