80 160 Varying K 11
0 9 0.5
0 61 0.5
0 62 0.3
0 41 0.1
1 60 0.3
1 8 0.9
1 43 0.7
1 61 0.5
2 37 0.9
2 40 0.9
2 75 0.1
2 7 0.7
2 30 0.7
3 34 0.5
3 35 0.1
3 13 0.9
4 17 0.1
4 39 0.9
4 68 0.7
4 67 0.5
4 52 0.5
4 28 0.7
4 65 0.5
4 61 0.5
5 38 0.5
5 15 0.5
5 48 0.1
5 43 0.1
5 31 0.3
6 73 0.9
6 52 0.9
6 34 0.1
6 60 0.7
6 8 0.7
7 42 0.3
7 61 0.7
7 16 0.1
8 77 0.7
8 61 0.5
8 44 0.3
8 75 0.1
9 40 0.3
10 43 0.1
10 79 0.5
11 61 0.5
11 65 0.9
12 46 0.9
12 13 0.7
13 27 0.1
13 76 0.3
13 79 0.9
14 78 0.9
15 36 0.7
15 28 0.3
15 21 0.7
15 25 0.7
15 68 0.3
16 69 0.7
16 72 0.3
16 53 0.1
16 43 0.5
16 35 0.5
17 56 0.3
17 48 0.9
17 75 0.3
19 50 0.1
19 29 0.7
19 52 0.3
19 33 0.1
19 25 0.1
20 75 0.1
20 77 0.9
20 40 0.1
21 56 0.7
21 30 0.9
22 40 0.3
23 46 0.7
23 55 0.7
23 73 0.1
24 29 0.9
24 40 0.7
24 33 0.5
25 52 0.3
25 55 0.3
27 63 0.9
27 72 0.7
28 34 0.5
28 42 0.9
28 45 0.9
29 43 0.5
30 75 0.3
30 64 0.5
30 55 0.1
30 41 0.9
31 34 0.3
32 47 0.7
32 69 0.5
33 70 0.5
33 55 0.1
33 66 0.1
33 76 0.3
34 73 0.3
34 64 0.7
34 57 0.7
34 59 0.1
35 70 0.1
35 62 0.3
35 43 0.7
36 69 0.1
37 78 0.7
37 66 0.7
37 53 0.5
38 53 0.3
38 55 0.3
38 70 0.7
38 58 0.1
38 48 0.3
38 64 0.1
38 46 0.1
39 64 0.7
40 46 0.7
40 47 0.5
41 69 0.7
41 76 0.1
42 75 0.5
44 73 0.9
44 75 0.7
44 53 0.3
44 49 0.3
45 59 0.7
45 77 0.7
47 77 0.7
48 58 0.5
48 78 0.3
49 66 0.1
49 54 0.7
49 64 0.3
49 75 0.9
50 73 0.9
51 73 0.9
52 74 0.7
52 72 0.1
53 54 0.1
53 74 0.3
54 66 0.9
55 71 0.5
58 66 0.5
60 74 0.7
60 69 0.5
60 70 0.7
60 76 0.9
62 64 0.1
65 79 0.9
67 68 0.9
67 79 0.7
68 74 0.9
71 76 0.7
72 73 0.7
75 76 0.7
77 78 0.5
