80 160 Varying K 11
0 38 0.7
0 27 0.9
0 69 0.3
0 21 0.1
0 6 0.3
1 73 0.7
1 78 0.1
1 66 0.5
2 51 0.5
2 41 0.9
3 33 0.3
3 58 0.1
3 56 0.3
4 41 0.1
4 62 0.9
4 10 0.5
5 33 0.3
5 10 0.5
5 45 0.3
5 46 0.3
5 77 0.7
5 63 0.9
5 50 0.5
5 17 0.3
6 40 0.9
6 25 0.7
7 28 0.5
7 29 0.9
7 21 0.7
7 34 0.1
8 11 0.7
8 52 0.3
8 25 0.3
9 37 0.9
9 63 0.7
9 10 0.9
9 14 0.9
9 66 0.7
10 36 0.5
10 46 0.3
11 77 0.3
11 70 0.1
11 49 0.3
12 41 0.1
12 56 0.1
12 51 0.7
13 50 0.9
13 22 0.7
14 26 0.3
14 72 0.3
14 32 0.1
14 76 0.1
14 69 0.5
15 42 0.9
15 67 0.7
15 54 0.3
15 39 0.7
16 79 0.7
17 32 0.1
18 25 0.5
18 41 0.3
18 32 0.3
19 61 0.5
19 41 0.9
19 76 0.5
19 22 0.7
20 57 0.3
20 42 0.5
20 27 0.9
20 77 0.1
20 47 0.1
21 39 0.5
21 58 0.5
21 73 0.1
21 59 0.1
21 71 0.5
22 31 0.5
22 37 0.5
23 35 0.7
23 29 0.9
24 34 0.1
24 52 0.5
24 79 0.1
24 63 0.7
24 35 0.7
25 56 0.7
25 71 0.1
25 61 0.7
25 30 0.5
26 54 0.3
26 29 0.3
26 55 0.9
26 48 0.5
27 33 0.3
27 54 0.5
27 34 0.7
28 53 0.5
28 70 0.5
29 39 0.1
29 62 0.3
30 38 0.5
30 78 0.3
31 64 0.9
31 74 0.1
31 56 0.1
31 67 0.3
31 52 0.5
32 77 0.3
33 53 0.9
33 43 0.7
35 46 0.7
35 60 0.1
35 59 0.3
35 74 0.7
36 55 0.1
36 41 0.1
37 70 0.5
37 47 0.3
37 73 0.1
37 56 0.3
37 52 0.3
37 43 0.9
37 45 0.1
38 44 0.3
38 61 0.5
39 65 0.3
39 49 0.3
39 72 0.3
40 60 0.1
40 78 0.1
41 75 0.1
41 63 0.9
42 71 0.1
43 49 0.3
43 60 0.9
43 50 0.9
45 55 0.1
46 79 0.3
48 76 0.7
48 50 0.7
49 51 0.7
50 56 0.1
51 72 0.5
52 79 0.9
52 56 0.7
53 67 0.1
53 56 0.3
54 76 0.5
55 65 0.3
56 64 0.7
58 69 0.9
59 69 0.9
60 72 0.9
60 67 0.5
61 67 0.9
62 69 0.3
62 71 0.9
62 76 0.3
66 68 0.3
78 79 0.1
