50 100 num_nodes_edgedegree2 50
0 49 0.40332942680919526
0 34 0.6541097461327399
0 14 0.7685694833215622
0 24 0.9131708111512271
0 48 0.19469998566716684
1 31 0.1230126045938853
1 41 0.4727158689350127
1 46 0.20954154550476167
1 26 0.05983439825078707
1 14 0.1844604196362657
1 28 0.06179125794456908
2 30 0.15210694926967505
2 43 0.028237246910927105
3 30 0.02597677861032921
4 48 0.8062409695608551
4 5 0.7135177275997793
4 18 0.038612299957617724
5 23 0.9559370868454782
5 11 0.8576250258503331
6 13 0.11655526113338632
6 20 0.7248894178571156
6 11 0.5226963995024244
6 32 0.4335983963508645
7 16 0.1395585841881628
7 18 0.9435801299444232
7 39 0.6916039272100099
7 30 0.07894472195542213
8 36 0.2152773539775492
8 33 0.4120041283425089
10 49 0.8367282587013164
10 41 0.7310730247850615
10 32 0.7633556587245786
10 42 0.49312320311150915
11 42 0.24437919426458787
11 40 0.23832524526682808
11 22 0.9688756142345197
12 19 0.28851069135923557
12 49 0.16776427010374995
12 35 0.9530823686441281
13 27 0.8237332697712808
14 37 0.9069879199089164
14 33 0.9690485207218554
14 22 0.2711949299696187
14 43 0.7672780948470926
14 48 0.21204389270424828
14 25 0.6248879547581632
15 47 0.2292628641713701
15 17 0.6281588625678158
16 35 0.10701586313540223
16 33 0.6572377163893351
17 46 0.3325170282489064
17 29 0.8804106149714929
17 48 0.41839694748171974
17 41 0.5572001179774209
18 29 0.5201013390497427
18 37 0.7725115559388284
18 45 0.22869494624861442
19 45 0.5006879125696777
20 31 0.8874325088652197
21 47 0.44587113246640175
21 39 0.3790852334397816
22 32 0.9714403012050307
22 36 0.19864231835870838
22 31 0.9377716620034472
22 26 0.2582848221548898
23 35 0.004975407222282957
23 31 0.9552460194546928
23 36 0.9220995947288162
24 41 0.5151699356395872
24 27 0.07560119202003135
24 43 0.8422335195261801
25 37 0.9399129969545711
25 26 0.7337450397030905
25 33 0.8734661316024301
26 32 0.7629447814685463
27 32 0.9392963992343649
28 30 0.02345541972639853
28 44 0.6192445779356168
28 48 0.4851663995312572
28 42 0.009547976204513642
29 38 0.3190872381662334
29 44 0.7368769530879457
31 48 0.02217207108585073
31 35 0.023365285862854246
31 32 0.645919523646219
32 42 0.9116800846656424
32 47 0.526932572754332
34 35 0.29899410349379507
34 39 0.04152926081007802
35 41 0.044300829149256704
35 42 0.3467291343965223
35 49 0.17429147091234265
35 37 0.9127961679073084
37 39 0.5837303960385044
38 48 0.3768469110707987
38 46 0.5397436384476338
40 46 0.05828179099925401
43 47 0.46474929682966226
44 49 0.8497128064656053
45 46 0.08950118900526294
