50 100 num_nodes_edgedegree2 50
0 46 0.008909054357156387
0 44 0.8458507409509513
0 22 0.741323137229368
1 2 0.725276416723202
1 14 0.9501331338972319
1 43 0.2523099199357379
1 4 0.7797240993840597
1 23 0.3297761733053458
1 19 0.5530715117172124
1 6 0.17276931919333094
1 44 0.9916967521446565
2 37 0.9868786126629016
2 3 0.953078598103364
2 46 0.826567181009331
2 15 0.621868060964304
2 9 0.03706011494899242
2 47 0.33542339715782454
3 5 0.8874459892881451
3 6 0.610283842590305
3 17 0.34121432173986344
3 27 0.4992555098416177
4 21 0.6433376430722689
5 23 0.8736456913713193
5 7 0.877751223275438
5 42 0.6827291156577782
6 43 0.20809441536972562
7 18 0.1097161304468991
8 11 0.5123084591153976
8 17 0.5307964410676465
8 16 0.8567630286465766
8 28 0.011422488935926123
9 45 0.4144136763043902
9 20 0.47653388575156796
10 47 0.902671276897021
10 43 0.6960614551015039
10 35 0.38581234853167723
10 28 0.8457868751083352
10 39 0.13261272770271015
11 15 0.34542719081557793
11 20 0.5295062347120421
11 28 0.3484274635060032
11 33 0.3890509258434527
12 47 0.7274366953109876
13 38 0.6573211238225842
13 31 0.878397437785283
13 15 0.780516975912351
14 42 0.060104786726019044
14 37 0.3799133836333879
14 30 0.948086849117054
15 33 0.9178500508216576
16 38 0.41093947272768916
16 48 0.032932043535616295
16 21 0.5455074195469377
17 32 0.5581438323229672
17 31 0.2886561943485205
17 49 0.2752476561494498
19 42 0.8519531163696608
19 30 0.3040891024887409
19 45 0.6428527123621423
19 46 0.19206155275453907
20 24 0.48207225721846114
20 44 0.9857273724898764
20 43 0.5619730488606244
21 31 0.05895349956860285
22 23 0.6838100522153912
22 32 0.44350412007532136
22 29 0.26416102993321156
23 32 0.3476148417595296
23 29 0.3359572940119544
23 37 0.8061647964669015
24 37 0.4911052401823176
25 46 0.9935592250030761
25 48 0.14631956271176194
25 39 0.6032925100290157
25 49 0.5725306742463476
26 47 0.6549808166684533
26 37 0.016411033530970842
26 41 0.48103517518803884
27 40 0.24633022391580917
27 33 0.5324476269039555
28 34 0.04871907687308075
28 35 0.0490782324292105
29 41 0.29940531084363065
29 42 0.12391103940900727
29 31 0.15980128887929645
31 32 0.0919416274061754
32 35 0.6775435411245747
32 33 0.21998055465572153
33 48 0.037879362155619045
33 37 0.7035123327306797
35 43 0.5256321654189197
35 46 0.9129694908540797
36 46 0.7523410558660425
36 41 0.6451043777667885
38 49 0.8629246249152386
39 41 0.4135427949703848
39 43 0.32748790110280435
39 40 0.9900268463532124
45 47 0.15155413538236218
45 48 0.5362169983145719
