50 100 num_nodes_edgedegree2 50
0 38 0.9533329400782242
0 47 0.7559130194950732
0 4 0.502492564063004
0 21 0.1359909482531272
1 49 0.775599326641716
1 17 0.6316581800050407
1 9 0.4893854436017775
1 20 0.0008286267546815385
1 37 0.8417119633127187
1 23 0.07079048281600098
2 19 0.07136592684664012
2 8 0.8443506461407407
2 7 0.909149268031807
2 48 0.8104528571589417
2 34 0.5579703439106295
2 44 0.17143704020960115
3 8 0.18597043487669584
3 43 0.613729473450189
4 37 0.9363788615709471
4 10 0.23247009282645392
4 30 0.5023721326515592
4 26 0.43585851466527736
5 22 0.09553434347054057
6 23 0.04356561776430867
6 36 0.6330641738035199
6 38 0.42790539648481063
6 35 0.6077541891814601
7 18 0.5043512451114529
8 34 0.5375079214482723
8 28 0.6792188048562676
8 23 0.5974350693315362
9 14 0.762869677429075
9 40 0.3268743826989462
9 16 0.6980597418988872
10 44 0.49452780919263384
11 20 0.9424691932486289
11 23 0.5695943521321666
12 45 0.7599697713158495
12 26 0.8226266361261555
13 31 0.766561398697677
13 40 0.5064763973782548
14 35 0.25024431369703026
14 37 0.681239380309814
15 37 0.3069926819804759
15 32 0.43184473543863877
15 45 0.3344494195681714
16 30 0.17137705610567877
16 43 0.6155473940904508
16 33 0.7364072361441187
16 40 0.9205101777558551
17 30 0.06032202821469801
17 36 0.16680484722229505
17 35 0.2850362987658317
17 27 0.1435274823269168
17 45 0.8752319088505606
18 27 0.4740977470730233
18 39 0.8699815773030631
19 40 0.8997246790229966
19 27 0.8560644879022267
19 35 0.6845797871963984
19 29 0.2266365735256537
20 44 0.11349874827384687
20 21 0.8649095703383219
20 48 0.7954666786091232
21 43 0.1928454415728953
21 37 0.6970924044141997
21 29 0.36640156178196537
22 34 0.9237510642507951
22 43 0.5765329732458073
22 38 0.7807852867893893
23 38 0.6340353095141649
24 33 0.9256749332311092
24 45 0.6507771290852868
24 36 0.7499424458915722
24 41 0.9388528359551669
24 39 0.5326358720918957
25 40 0.14500641673860404
25 27 0.20599935875598208
26 32 0.1759540854962911
26 37 0.8723237177746725
26 49 0.32194469301686734
27 49 0.5659762125993968
29 33 0.8466911416960563
30 40 0.8901168763494716
30 34 0.9400982426115854
30 35 0.29397314044251854
31 47 0.4982906473357065
32 39 0.9813478081224716
34 36 0.00522219393000023
36 46 0.6920383717520078
37 48 0.4277035572594562
37 40 0.9761769394344737
37 38 0.6844040897492918
38 46 0.9018252750585912
38 42 0.7652994485888595
38 39 0.32077149813350336
38 43 0.5137817974086141
40 46 0.08597432027851981
41 45 0.1593179064848308
42 49 0.32819120642002386
