50 100 num_nodes_edgedegree2 50
0 18 0.547843961902995
0 23 0.2984576747476445
1 4 0.14358467789031937
1 13 0.42592103995257113
1 2 0.9688845390196311
1 20 0.2624959523136393
2 5 0.6179938796495592
2 29 0.6396766058720852
2 34 0.5471407641093331
2 7 0.28275299860515735
2 14 0.34059439970202854
3 14 0.30101516004272655
3 6 0.14414425561473176
3 7 0.32402923491094715
3 20 0.19442322965778291
4 12 0.38337745819466973
4 43 0.8039406877548193
5 9 0.906183383717718
5 38 0.4795714642017399
5 17 0.6065048879157405
5 18 0.6585541519007871
6 46 0.06625186414320372
6 16 0.6175040240860538
6 36 0.9417613251068531
7 15 0.12174886233948456
8 18 0.2394545371351624
9 43 0.7861139678434105
9 20 0.2793648621469901
9 38 0.8325747292913066
9 16 0.14418390916110702
10 19 0.3435264735858937
10 14 0.7440723640591519
10 38 0.857688638374252
10 23 0.8825013833428959
10 47 0.6594215337843908
11 49 0.8148192302061902
11 15 0.4101507700117626
11 22 0.3813455137312828
11 21 0.9815056754546799
12 17 0.03493942117227322
12 32 0.08632485815140312
12 26 0.7638274467102627
12 20 0.0004350987836934106
12 28 0.6572256575979458
12 41 0.8942735458328103
12 30 0.03701960123894932
12 31 0.992288813794692
13 28 0.9899990210124665
13 27 0.4116358927755921
13 49 0.6792320811697898
14 45 0.46761358497206396
14 26 0.24984259543503728
15 19 0.6796094905953718
15 30 0.6763111698423647
15 20 0.9029800129185782
15 28 0.2992110128118973
15 41 0.19846867644615007
15 33 0.7924179514939151
16 41 0.4656448512860326
16 19 0.8811365496082897
16 24 0.3122373074148469
17 23 0.23730096727326844
17 40 0.5454256287473066
17 28 0.09763955044697092
17 48 0.4716078375673186
18 48 0.9361415344031034
18 40 0.3396832200113231
18 38 0.2586954788690554
18 29 0.24524189833837806
18 20 0.8441767063429397
18 39 0.7851472103723055
18 23 0.3491264957965676
18 33 0.5510312146849391
19 35 0.32076620531332667
19 48 0.8822512660585867
20 37 0.8206473011448365
21 42 0.15116164461041992
21 44 0.7992511969685545
21 36 0.1420966188913343
22 44 0.00010650245098375866
23 46 0.6447336944099857
24 32 0.7125387991671632
25 30 0.991388779693003
25 35 0.19852181090242926
26 27 0.9155603232557449
26 39 0.2340953943869687
26 49 0.6998922713864707
26 31 0.759105027697112
26 28 0.28444312456997345
27 28 0.565188746701692
27 47 0.9999104052564391
30 41 0.8671920258585482
31 37 0.34762607098691434
33 34 0.8352542889219536
35 40 0.8542215325607931
36 45 0.9973843231710519
37 39 0.4145914380248745
38 43 0.02758236469037667
41 49 0.517282718874631
43 47 0.3794113431361744
