50 100 num_nodes_edgedegree2 50
0 46 0.7016764863951535
0 8 0.03529683138523898
0 13 0.6738089222879198
0 37 0.6060025461841392
0 28 0.13919037368460419
1 29 0.06689723800270053
1 23 0.8491606244465274
1 47 0.2804422053473228
1 35 0.05009338959449805
2 45 0.916319948235128
2 27 0.6451874403231922
2 25 0.8444712525518315
2 40 0.9233506670956954
3 41 0.6248780264013777
3 16 0.799192527331795
3 5 0.7847862053362169
3 9 0.43660087272627246
3 26 0.35015226713231673
4 8 0.94900165929922
4 21 0.7312052474848547
4 19 0.2513752324590359
5 13 0.09414954837507827
5 34 0.19404308620911304
5 11 0.417905740489927
6 34 0.23964445411656643
6 37 0.9350958917208936
6 26 0.05314649202097532
7 10 0.5502632663871972
7 12 0.17618649392394903
7 9 0.29151994802724
8 28 0.527511177565797
8 13 0.28440360289531674
8 40 0.9823353282723003
9 16 0.6351449715786225
9 21 0.8503312391718835
9 40 0.22881155303594514
9 23 0.8577983734032792
9 18 0.3385764455201743
10 48 0.7537579374402154
10 26 0.2628955119441082
10 46 0.3180353383547666
10 27 0.23535216693204752
10 33 0.5142693499640132
11 17 0.8295385200237627
11 13 0.9473202304275867
11 20 0.6722226388880367
11 45 0.08030605713046912
11 39 0.7453472115536056
11 40 0.8828076741922982
12 34 0.5681222256055594
12 44 0.30930366677790877
13 26 0.6691817902688515
13 49 0.7922219438970772
15 49 0.30356435355689626
15 24 0.37158536127036046
15 36 0.47610834739161556
15 48 0.3715969533210659
15 47 0.4342869420085069
16 39 0.21526596708860302
16 33 0.727648369690788
16 29 0.19689574550621258
17 44 0.802584290096167
17 18 0.7712942526870968
18 20 0.9464286309281453
18 23 0.41611988544798695
19 24 0.16847599236861166
19 38 0.006933600023438347
19 22 0.9027150774258027
19 43 0.012162270647325002
19 20 0.18401090208107906
19 30 0.42023247469278024
20 30 0.8272411101391994
21 45 0.29330394385983527
21 32 0.04549570890681265
21 31 0.3674227616391992
22 47 0.4501698072612329
22 25 0.2626306077911873
22 29 0.8761094447899703
22 32 0.771906857124792
22 38 0.5858539278583924
23 30 0.2794586792191516
23 26 0.04592569894554499
23 39 0.5290333730958734
24 49 0.9761703588128099
24 37 0.1478741627240805
24 34 0.8224940890964987
25 30 0.7272651694917772
26 41 0.16506903194099032
29 49 0.1554000941589725
29 39 0.4618625923848134
29 31 0.20760949194796485
30 44 0.9860578870982826
33 41 0.4571542812435321
34 38 0.6648578122915867
36 46 0.8257703316918387
38 43 0.6612607438267799
40 43 0.18495160746041683
44 47 0.2980444349760848
44 46 0.2052182804308923
47 49 0.7721367245508078
