100 150 num_nodes_f_dist 100
0 98 0.1073
0 49 0.1613
0 68 0.2462
1 69 0.1926
1 29 0.4702
1 96 0.0811
1 16 0.1249
2 3 0.281
2 53 0.2472
2 57 0.0447
2 28 0.369
2 50 0.1461
3 62 0.2756
3 83 0.4294
3 92 0.2204
3 93 0.1296
3 29 0.1241
3 39 0.0656
3 50 0.4799
4 61 0.2051
4 86 0.1427
4 18 0.2249
4 71 0.1851
4 65 0.3156
5 60 0.2588
6 27 0.185
7 61 0.0855
7 94 0.906
8 97 0.1788
8 37 0.1166
9 10 0.0494
9 39 0.2353
11 47 0.2003
11 23 0.1363
12 26 0.1394
12 23 0.1433
12 44 0.1043
13 40 0.0584
13 65 0.3233
13 33 0.0094
13 63 0.6621
14 79 0.2217
14 60 0.2748
15 32 0.3545
15 37 0.3239
16 66 0.1074
16 38 0.0536
17 72 0.1315
20 99 0.0985
20 21 0.0255
20 92 0.1886
20 53 0.1479
21 82 0.0178
21 64 0.06
21 84 0.4361
21 99 0.1329
22 85 0.177
22 81 0.1068
23 44 0.0203
24 38 0.1034
24 53 0.0921
24 75 0.1501
25 98 0.0551
25 70 0.0567
25 48 0.4832
26 54 0.079
26 65 0.2362
26 73 0.1536
27 54 0.0737
27 75 0.2496
28 67 0.3291
28 97 0.0996
28 80 0.0946
28 57 0.0565
29 75 0.0287
29 44 0.0515
29 86 0.0906
29 51 0.2263
31 95 0.1017
31 34 0.0734
32 70 0.5687
32 67 0.2519
32 93 0.2292
32 72 0.0674
34 92 0.0576
34 58 0.171
34 82 0.3058
35 96 0.3559
36 75 0.3621
37 58 0.2822
37 91 0.0309
38 95 0.1021
39 90 0.0339
41 63 0.325
41 84 0.1574
42 95 0.0889
42 78 0.0691
43 49 0.1913
44 65 0.3198
44 53 0.2066
45 73 0.0557
45 62 0.1101
46 70 0.2213
46 72 0.0666
47 62 0.1157
48 83 0.0501
48 87 0.1645
49 55 0.1419
49 85 0.0651
50 75 0.0964
50 66 0.1458
50 74 0.0966
51 53 0.161
52 64 0.0456
54 64 0.1688
54 69 0.0373
54 80 0.1751
55 77 0.0462
55 86 0.259
56 97 0.4053
56 84 0.1614
57 60 0.2442
57 89 0.1804
57 90 0.1952
58 76 0.3501
58 89 0.1169
58 72 0.0598
63 97 0.0518
63 70 0.0641
63 64 0.3196
64 85 0.0403
64 86 0.3148
65 94 0.2305
66 88 0.3188
67 83 0.2345
69 70 0.0717
69 79 0.2504
70 84 0.1141
70 74 0.0507
71 82 0.0794
71 99 0.1062
73 86 0.0232
75 78 0.2077
77 97 0.2557
77 93 0.0449
79 90 0.231
80 92 0.0335
86 94 0.1478
89 99 0.4123
91 92 0.1948
