100 150 num_nodes_f_dist 100
0 88 0.0796
0 44 0.1898
0 96 0.1629
1 92 0.1172
2 47 0.1667
2 89 0.9034
2 23 0.1246
2 65 0.1998
2 46 0.2188
3 4 0.3712
3 29 0.0642
3 86 0.4081
3 8 0.7072
3 39 0.3925
3 13 0.2576
3 66 0.0619
4 74 0.1581
4 7 0.1302
4 19 0.1744
4 32 0.1151
4 90 0.0285
5 93 0.1714
5 31 0.2191
5 94 0.0588
6 34 0.1167
6 53 0.3395
7 11 0.3103
7 13 0.2186
7 54 0.2815
7 85 0.1196
9 43 0.2776
9 32 0.0041
10 46 0.1797
10 14 0.2249
10 75 0.0947
11 84 0.0871
11 30 0.2333
12 21 0.1399
12 13 0.0308
12 23 0.0436
13 87 0.1428
13 27 0.1825
14 36 0.7315
14 20 0.3428
15 66 0.2412
16 32 0.2432
16 57 0.533
16 20 0.0812
17 22 0.6243
17 34 0.2288
17 71 0.0346
18 41 0.0678
19 90 0.0297
20 87 0.2117
20 57 0.4784
20 94 0.3943
21 94 0.0214
21 71 0.2309
21 78 0.149
22 30 0.1837
22 41 0.1622
22 31 0.1632
23 57 0.1165
23 66 0.0981
24 95 0.3048
26 62 0.0261
26 31 0.1706
26 93 0.5694
27 77 0.1763
27 48 0.0346
28 84 0.2291
28 60 0.3268
29 75 0.1874
29 65 0.1613
29 31 0.1028
29 79 0.0561
29 96 0.0899
31 67 0.4022
32 77 0.129
32 46 0.0667
33 96 0.0578
33 43 0.1948
33 77 0.0457
34 64 0.0349
34 98 0.1295
35 62 0.0753
35 67 0.6391
37 88 0.1798
38 90 0.0766
39 85 0.4267
39 61 0.1007
39 93 0.0467
39 58 0.1883
40 48 0.1797
40 87 0.0922
41 89 0.111
43 62 0.1009
44 59 0.1024
45 46 0.3712
45 65 0.1542
46 59 0.2696
46 65 0.0873
46 75 0.0723
46 78 0.1352
47 65 0.0289
49 75 0.0927
49 52 0.2389
50 92 0.1054
50 99 0.1246
51 96 0.104
51 79 0.133
52 75 0.3077
53 94 0.2671
53 83 0.0902
54 67 0.1729
54 87 0.2075
54 55 0.3738
55 81 0.3187
56 69 0.1759
56 91 0.2744
57 70 0.2178
58 84 0.262
58 62 0.3814
58 81 0.1107
59 83 0.1857
59 85 0.3596
61 84 0.0958
62 65 0.3485
63 64 0.3891
64 71 0.0269
64 66 0.1244
65 92 0.087
66 96 0.9144
66 74 0.0499
67 97 0.1065
67 74 0.038
68 82 0.0978
71 86 0.1167
71 92 0.0698
72 92 0.0733
73 83 0.4236
74 75 0.13
77 98 0.3786
78 83 0.0493
78 80 0.0127
79 87 0.1342
79 90 0.1522
87 97 0.2664
91 94 0.2431
91 97 0.0927
