100 200 num_nodes_f_dist 100
0 9 0.0835
0 25 0.3633
0 16 0.0159
0 99 0.1599
0 91 0.2446
1 77 0.0304
1 94 0.2328
1 43 0.0015
1 6 0.0974
2 19 0.0001
2 40 0.0227
2 75 0.0087
2 47 0.0053
2 67 0.0158
3 99 0.004
3 35 0.2179
3 98 0.1297
4 17 0.0023
4 39 0.0046
4 68 0.0482
4 15 0.0016
4 52 0.0571
4 28 0.0147
4 88 0.0648
4 91 0.004
5 38 0.1707
5 15 0.0119
5 97 0.1558
5 88 0.0005
5 31 0.3105
5 16 0.5616
5 22 0.0611
6 78 0.0052
6 96 0.0262
6 54 0.0069
6 15 0.0024
7 17 0.0315
7 86 0.125
7 45 0.0753
7 99 0.0776
8 74 0.0701
8 20 0.0161
8 61 0.0528
8 52 0.0457
8 75 0.2509
9 40 0.0126
10 21 0.0011
10 79 0.0021
10 72 0.1741
11 44 0.0359
11 65 0.6157
12 46 0.0338
12 13 0.0389
13 72 0.0116
13 76 0.0193
13 71 0.0051
13 48 0.0081
14 43 0.0713
15 36 0.2954
15 21 0.1713
15 68 0.0014
15 54 0.0392
16 69 0.2793
16 94 0.1122
16 53 0.021
16 32 0.0442
16 71 0.0012
17 56 0.1141
17 46 0.0073
19 29 0.2161
19 81 0.0058
19 33 0.006
19 52 0.1249
20 89 0.0231
20 40 0.26
22 40 0.0126
23 46 0.0556
23 41 0.0417
23 35 0.0001
24 91 0.0007
24 67 0.0068
24 42 0.0809
25 52 0.2236
25 65 0.0687
25 28 0.0181
27 63 0.1488
27 81 0.0179
27 83 0.7361
28 83 0.291
28 56 0.0397
28 34 0.0016
29 70 0.0835
29 74 0.0069
29 43 0.3049
30 75 0.0002
30 64 0.6107
30 91 0.1309
30 34 0.0016
30 84 0.0997
30 35 0.0078
31 34 0.0574
32 80 0.6064
33 60 0.0034
33 86 0.006
33 66 0.1453
33 38 0.0073
33 46 0.1402
34 60 0.1074
34 73 0.0227
34 55 0.0131
34 59 0.0043
34 79 0.0773
35 70 0.1186
35 90 0.0006
36 69 0.0294
37 54 0.0391
37 78 0.0004
37 66 0.01
37 53 0.0682
38 80 0.0086
38 55 0.0122
38 70 0.0201
38 58 0.011
38 64 0.0018
38 75 0.1236
39 64 0.2284
40 43 0.0364
40 97 0.0001
40 73 0.0085
41 89 0.0917
41 76 0.0037
41 60 0.0151
42 75 0.0045
42 59 0.0014
42 86 0.0032
43 87 0.0127
43 94 0.1436
43 82 0.0047
44 68 0.0033
44 75 0.008
44 81 0.0289
44 49 0.0074
45 86 0.1266
45 77 0.1055
47 77 0.2871
47 76 0.0003
47 58 0.0433
48 91 0.0882
48 78 0.1216
48 92 0.0181
49 66 0.0
49 91 0.0004
49 73 0.2502
49 82 0.0697
50 81 0.0103
50 54 0.0425
51 73 0.4098
52 74 0.0062
52 68 0.0381
53 64 0.1585
53 98 0.0002
53 74 0.0024
53 72 0.9586
55 99 0.4515
55 86 0.0678
55 65 0.0035
55 73 0.0797
57 72 0.0009
58 66 0.0037
58 95 0.0235
60 80 0.0146
60 69 0.2223
60 70 0.0028
61 81 0.0036
61 79 0.028
61 95 0.0815
61 69 0.0924
62 94 0.0001
62 80 0.0946
62 64 0.0337
64 79 0.0089
66 95 0.2867
66 67 0.0448
69 73 0.0293
71 91 0.0737
72 87 0.0302
73 93 0.0838
75 97 0.0436
75 80 0.0408
75 76 0.0361
76 92 0.0243
76 87 0.0017
77 85 0.2977
77 78 0.1186
80 81 0.3244
81 92 0.1232
83 91 0.1111
83 89 0.0013
84 96 0.0398
85 99 0.0822
