100 150 num_nodes_f_dist 100
0 37 0.1457
0 27 0.2037
1 46 0.2995
1 78 0.1583
1 66 0.2287
2 8 0.0377
2 41 0.0018
3 27 0.1541
3 5 0.4127
3 10 0.19
4 15 0.1685
4 28 0.3976
4 89 0.0577
5 10 0.1776
5 59 0.1904
5 58 0.2131
5 69 0.2426
5 95 0.2317
5 24 0.0281
5 46 0.448
6 41 0.1759
6 70 0.1952
7 28 0.1444
7 12 0.3506
7 14 0.2333
7 21 0.0712
8 25 0.1098
9 87 0.22
9 35 0.1625
10 36 0.0959
10 98 0.0873
11 19 0.1169
11 77 0.3262
11 35 0.2747
11 55 0.3161
12 73 0.2547
13 92 0.1675
13 33 0.1437
14 72 0.2141
14 32 0.1805
14 76 0.1547
15 30 0.1702
16 98 0.3024
17 37 0.0809
17 99 0.2269
18 86 0.092
18 33 0.0957
19 41 0.1246
19 77 0.3563
20 29 0.0536
20 76 0.1326
20 27 0.3558
20 25 0.4364
21 39 0.2861
21 46 0.3433
21 94 0.1386
21 43 0.224
22 99 0.1476
22 31 0.0432
22 42 0.0473
23 45 0.1218
24 34 0.0414
24 65 0.3246
24 56 0.0311
24 63 0.3303
25 52 0.1857
25 41 0.2111
25 83 0.5593
25 61 0.1326
26 56 0.0905
26 54 0.4539
26 98 0.2009
26 73 0.1541
27 54 0.34
27 67 0.2313
28 48 0.067
29 90 0.0263
29 53 0.1103
30 38 0.1824
30 56 0.0535
31 60 0.8927
31 41 0.4252
31 82 0.1594
31 67 0.0933
32 48 0.0824
32 77 0.1335
33 82 0.2283
33 39 0.0869
34 43 0.1293
34 85 0.0619
35 46 0.1432
35 80 0.5265
35 56 0.1858
35 97 0.2855
36 76 0.1358
36 41 0.2017
37 97 0.4982
37 80 0.1434
37 58 0.0399
37 79 0.2152
37 46 0.1311
37 67 0.3035
37 84 0.096
38 70 0.0454
39 97 0.1818
40 72 0.1546
40 53 0.3067
41 75 0.106
42 73 0.1368
42 71 0.0617
43 85 0.3715
43 89 0.1463
45 89 0.2893
47 93 0.1853
49 64 0.0788
49 63 0.0616
49 51 0.0087
50 61 0.1595
50 63 0.1205
50 79 0.2292
50 98 0.05
51 70 0.2983
51 83 0.1922
52 54 0.0917
52 79 0.2814
52 99 0.1462
52 62 0.1521
53 56 0.3308
55 57 0.0443
55 95 0.1818
56 67 0.092
59 72 0.1503
60 82 0.1276
60 95 0.1388
60 99 0.4587
62 74 0.2033
62 71 0.5158
66 68 0.0456
71 81 0.9157
73 90 0.0817
74 78 0.0684
76 86 0.1659
77 85 0.148
80 81 0.2269
80 85 0.1471
81 88 0.1073
83 99 0.2587
83 91 0.4979
83 87 0.1319
86 94 0.2731
