100 200 num_nodes_f_dist 100
0 16 6.492461547879299e-16
0 26 0.007991717452597854
0 75 2.743309028787093e-08
0 47 0.1888762939044072
0 48 1.3703933302053674e-13
1 93 4.829763708274758e-17
1 57 6.459163960714525e-29
1 60 0.00011503195061233252
2 46 13.981389745325606
2 95 1.153081882054912e-13
2 70 1.2299603686885908e-14
2 40 4.1487707256009513e-26
3 59 2.538713626357701e-09
3 25 0.5088079333087349
4 55 11.382736742307314
4 51 7.74585333600124e-10
4 81 0.010819497448127323
4 97 20.841781158941945
4 53 2.4265428643826196e-08
4 70 7.004059770030775e-07
5 90 1.350966537051751e-23
5 60 0.012861578765460357
6 83 2.8672400130849692e-09
6 10 1.9696006309899894e-05
6 17 8.307104336086612e-16
7 32 8.439646114165148e-09
7 18 2.5187585544928667e-09
7 53 9.579538577362807e-31
8 42 3.843141941934441e-11
8 39 2.4085759756426175e-09
8 99 0.0004248165246120661
9 17 9.138821660478164e-13
9 78 0.0004115425236076949
10 22 3.416051045572278e-25
10 88 9.897954270445232e-22
11 26 0.0007272782707657766
11 69 0.7358869308178175
11 23 0.0013303558970080328
11 77 2.0478039824961349e-10
12 37 5.240210207334103
13 69 0.022001592689186493
13 75 9.51232406308258
13 52 0.02073302374453867
13 41 0.07405114006096494
14 20 0.0029633076795918247
14 18 3.1807095074579786e-06
14 40 3.696496806433536e-07
14 88 5.727556346845336e-24
15 25 6.380735828209855e-05
16 56 40.58795975895978
16 26 5.505352633174187e-07
16 80 0.00027824023405313946
16 53 0.05489063673859559
17 25 2.838510559501371e-14
18 33 6.0949943062669e-21
18 43 9.754348040791395e-16
18 37 4.912448672858358e-16
18 66 3.5183711727868875e-08
18 20 0.013748375326747223
18 69 0.10287068176499065
19 80 7.047047704611387e-11
19 47 0.10536537284762401
20 97 0.0009692919741981623
20 92 0.99963496424628
20 75 3.879527135870077e-07
20 49 4.375618108308073e-14
21 53 0.04900911196065553
21 55 1.6369550206968421e-16
21 66 5.5967175483268106e-06
21 67 0.00034299240501591927
21 78 7.041092674752859e-10
21 28 7.511490579345859e-26
22 90 0.5767679102339413
22 80 1.7501304550503265e-11
22 74 9.784121371213171e-19
22 44 9.455802179907476e-07
23 35 0.050286046330994684
23 26 0.2802663778986453
23 40 1.0340897693864464e-12
23 79 6.491502463880774
23 83 0.011300546272712791
23 87 2.4562237079722564e-08
23 61 1.6398503762185435e-23
24 70 0.0017342835105884152
25 69 1.5346342313388255e-14
25 88 6.166742063526138e-14
25 46 0.18529637013484115
26 75 0.06407282480790208
27 52 0.0002617229905484205
27 99 9.55360462683538e-19
28 97 8.142852042955171e-13
28 63 8.536537057655309e-07
30 94 0.018652802144447023
30 91 1.5014180592679612e-12
31 99 3.324593366768527e-05
31 48 0.00023211680338134264
31 73 0.00013039176542152617
31 96 0.00021701684921174516
32 79 5.402920287071355e-10
32 67 7.452952128046835e-05
32 58 1.0931014150827766e-07
32 41 4.829829609159664e-08
32 53 3.023350206022216e-27
33 62 7.077264899275367e-15
33 94 17.397312267945196
34 62 4.6901745240675536e-23
34 92 0.00016260575151849806
35 89 6.804920015130278
35 37 7.316574242621909e-05
35 85 0.0051520298331785485
35 44 7.182017722787753e-05
35 52 0.00194877119636835
36 59 2.025190223827182e-05
36 61 0.20224370739937855
37 40 1.49345167656662
37 47 0.0006764370207257775
37 91 2.398998986415646
37 45 0.011197270130197933
37 61 3.36010061525435e-26
38 49 2.4638746162225326e-30
38 77 3.87874748461673
38 53 1.8880621253024175e-05
38 78 1.894408641079215e-31
38 63 5.171168930989724e-05
39 45 7.854316047628014
39 87 3.108016602689907e-10
39 40 0.02436585623927827
39 61 1.0439879895774332e-06
39 46 6.123507390009575e-23
39 62 5.0699885948117414e-23
40 61 0.5419014364086722
41 80 4.9797974768264475e-24
42 63 2.632827299647732e-36
42 46 4.809265346144338e-10
43 90 0.000661338478480128
43 65 1.7142843518682335e-06
43 63 1.2854101527166217
43 83 3.739492387991947e-14
43 74 6.271071685051934e-10
44 59 9.02575459810473e-06
44 76 22.1281337419735
44 82 6.580995601081655e-24
44 51 1.633515005525875e-13
44 84 0.0077706832509139125
45 94 5.7276127778143935e-06
45 51 0.008491729355070506
45 65 1.8937773881345943e-05
45 88 4.915680636359033e-10
45 86 1.2180989733702454e-16
46 53 1.4407500297738105e-06
46 78 0.00018173947487117457
46 64 4.190891660544799e-09
47 60 5.492485796616837e-06
47 70 0.27279733742417966
47 59 0.00038244835749999453
48 74 0.4634111753645122
48 68 3.956185278146416e-08
48 84 2.72180680559082e-06
48 76 9.80076554964471e-10
48 72 2.1385439060531142e-11
48 90 1.3603026211061457e-33
49 98 0.40301624144595455
51 60 1.5128063807013286e-25
52 94 3.068491303721425e-05
52 72 0.03898515334276959
53 83 2.5510659006578515e-52
53 93 3.193652695691267e-09
54 55 3.2459528219191893e-21
56 79 1.5195413532585673e-18
57 88 4.1661652509437755e-09
58 79 1.3320367715457424
58 62 1.956310754081089e-06
59 99 0.0006654551346727471
60 61 0.005037636869714143
61 89 0.00017143847098625485
61 72 1.2024213039485742e-14
64 82 2.98831610795974e-14
65 70 4.241092550339638e-10
65 69 0.8430075507614807
66 85 3.075284489944213e-05
67 83 3.902895027328769
68 76 1.1394317549739597e-13
68 82 0.49349779826516826
70 99 0.013169531350073427
70 79 3.693425796279313
71 90 3.0479572945345725e-12
72 93 3.2110809589415515e-11
72 78 0.04037881338781924
74 99 0.49193109278364827
75 84 4.478669639336466e-09
76 86 4.715511667877206
80 86 0.07279772339696453
80 91 1.2983067407617112e-05
81 99 1.899477461258416e-06
85 92 1.0027184518835359e-05
88 94 28.225581177245893
88 92 5.519428324150969e-15
88 93 0.0009316586975257643
88 98 5.785960761587872
95 99 1.046483287214633e-25
