60 120 num_nodes 60
0 44 0.1
0 56 0.9
0 14 0.9
0 24 0.9
0 22 0.9
0 28 0.5
1 57 0.7
1 20 0.1
1 46 0.1
1 59 0.7
1 30 0.5
1 51 0.9
1 55 0.9
2 30 0.3
2 19 0.5
2 16 0.7
3 27 0.7
4 48 0.7
4 5 0.7
4 18 0.3
5 23 0.3
5 55 0.7
6 31 0.5
6 57 0.1
6 11 0.1
6 32 0.7
7 16 0.5
7 47 0.7
7 17 0.7
8 36 0.9
8 51 0.1
10 49 0.7
10 41 0.3
10 32 0.9
10 42 0.3
11 23 0.1
11 35 0.3
11 37 0.1
11 22 0.1
12 42 0.7
12 49 0.9
12 35 0.1
13 50 0.5
13 27 0.1
13 35 0.1
14 37 0.1
14 33 0.7
14 22 0.7
14 43 0.7
14 48 0.5
14 25 0.7
14 40 0.3
15 47 0.3
15 17 0.1
16 33 0.7
17 28 0.7
17 58 0.5
18 29 0.7
18 55 0.9
18 19 0.7
21 57 0.3
21 39 0.5
22 32 0.1
22 29 0.1
22 26 0.5
23 25 0.5
23 36 0.5
24 41 0.3
24 53 0.3
24 43 0.5
25 32 0.5
25 51 0.1
25 37 0.7
26 53 0.7
26 42 0.1
26 32 0.5
27 38 0.7
27 32 0.9
28 30 0.5
28 48 0.1
28 42 0.5
29 38 0.7
30 55 0.5
31 48 0.1
31 35 0.3
31 54 0.9
31 46 0.7
31 52 0.9
32 59 0.9
32 47 0.9
33 53 0.7
33 49 0.7
34 41 0.1
34 58 0.9
35 58 0.5
35 56 0.5
35 55 0.3
35 42 0.5
35 51 0.5
36 54 0.9
37 56 0.9
37 54 0.7
37 39 0.5
38 46 0.1
39 50 0.5
39 51 0.5
40 46 0.7
41 59 0.1
43 47 0.1
43 53 0.9
44 49 0.3
45 46 0.3
45 54 0.1
46 51 0.5
48 49 0.9
50 54 0.9
51 54 0.3
52 56 0.9
52 59 0.3
53 58 0.7
