60 120 num_nodes 60
0 46 0.3
0 24 0.5
0 22 0.5
1 55 0.3
1 14 0.5
1 43 0.7
1 4 0.9
1 58 0.3
1 19 0.5
1 28 0.1
2 38 0.1
2 57 0.5
2 3 0.1
2 46 0.9
2 37 0.7
2 9 0.5
2 47 0.3
3 5 0.5
3 6 0.7
3 17 0.5
3 56 0.5
4 50 0.7
5 23 0.5
5 7 0.1
5 42 0.9
6 58 0.7
6 53 0.9
7 18 0.3
8 11 0.1
8 54 0.7
8 52 0.7
8 33 0.3
9 45 0.3
10 53 0.7
10 27 0.5
10 35 0.7
10 28 0.7
10 59 0.3
11 15 0.7
11 20 0.9
11 57 0.1
11 47 0.1
12 47 0.3
13 38 0.3
13 31 0.7
13 52 0.7
14 20 0.7
14 37 0.1
14 30 0.9
15 33 0.3
15 17 0.9
15 50 0.5
16 19 0.5
16 23 0.7
16 57 0.5
17 32 0.5
17 31 0.5
17 39 0.5
19 30 0.9
19 51 0.9
19 46 0.1
20 59 0.3
20 43 0.7
21 52 0.9
21 31 0.9
22 37 0.5
22 42 0.1
22 29 0.5
23 34 0.9
23 29 0.5
23 32 0.9
23 50 0.3
23 54 0.9
24 58 0.5
25 40 0.1
25 48 0.5
26 47 0.5
26 37 0.5
27 57 0.5
28 59 0.9
28 50 0.3
28 35 0.1
29 41 0.3
29 56 0.3
29 46 0.7
31 59 0.5
31 42 0.7
32 55 0.1
32 35 0.3
32 33 0.3
33 56 0.9
33 58 0.5
33 48 0.7
33 44 0.3
35 43 0.9
35 58 0.1
36 46 0.7
36 41 0.5
37 43 0.3
38 49 0.5
39 41 0.3
39 56 0.3
39 40 0.5
39 55 0.1
42 54 0.5
43 59 0.5
43 56 0.7
44 52 0.7
45 47 0.5
45 53 0.9
45 48 0.9
46 51 0.5
47 51 0.5
48 58 0.3
49 58 0.5
50 53 0.1
50 55 0.9
52 58 0.3
54 55 0.9
56 58 0.5
