35 52 num_nodes 35
0 30 0.1
0 4 0.9
0 21 0.9
1 19 0.1
1 17 0.3
1 18 0.1
2 10 0.9
2 6 0.7
2 7 0.3
2 24 0.1
2 19 0.7
2 12 0.9
2 21 0.1
4 30 0.5
4 22 0.9
5 30 0.3
6 34 0.9
6 32 0.1
7 18 0.7
8 23 0.3
8 31 0.9
8 24 0.5
9 25 0.1
9 14 0.1
9 26 0.9
9 16 0.1
10 20 0.1
12 30 0.3
13 16 0.3
13 17 0.1
14 16 0.5
14 21 0.5
15 34 0.7
15 32 0.3
15 19 0.3
16 27 0.1
17 30 0.5
17 21 0.1
17 27 0.7
18 26 0.9
19 27 0.1
19 33 0.9
20 23 0.1
22 24 0.9
24 33 0.5
24 27 0.9
24 29 0.5
25 28 0.3
26 32 0.9
26 34 0.9
26 27 0.9
30 34 0.3
