60 90 num_nodes 60
0 58 0.5
0 36 0.1
1 4 0.1
1 59 0.7
1 2 0.3
1 20 0.5
2 51 0.1
2 5 0.3
2 23 0.7
3 14 0.5
3 53 0.3
4 26 0.1
4 52 0.9
5 9 0.7
5 23 0.7
5 17 0.9
5 57 0.5
6 46 0.3
6 52 0.7
6 20 0.7
7 21 0.5
8 16 0.7
9 21 0.5
9 49 0.5
10 12 0.5
10 28 0.5
10 21 0.5
10 29 0.7
11 49 0.5
11 15 0.9
11 22 0.3
11 59 0.7
12 26 0.9
12 43 0.5
12 58 0.7
12 57 0.3
13 16 0.9
14 19 0.5
14 45 0.7
15 19 0.3
15 30 0.7
15 55 0.1
16 51 0.1
16 52 0.7
17 23 0.1
17 51 0.3
17 33 0.3
17 28 0.3
17 48 0.1
18 58 0.9
18 19 0.1
18 36 0.3
18 27 0.3
18 29 0.9
18 47 0.9
18 20 0.5
18 39 0.9
18 28 0.1
19 53 0.5
19 54 0.1
20 37 0.3
20 43 0.9
21 42 0.1
22 44 0.1
23 50 0.3
23 51 0.5
24 32 0.7
24 38 0.1
25 30 0.5
25 35 0.3
26 41 0.7
27 38 0.3
27 47 0.1
29 40 0.1
30 44 0.5
32 48 0.3
33 34 0.9
34 41 0.9
35 55 0.7
35 40 0.7
37 39 0.1
38 54 0.7
39 43 0.5
40 55 0.9
41 53 0.9
45 56 0.1
46 54 0.7
48 51 0.9
52 59 0.7
54 56 0.5
