35 52 num_nodes 35
0 13 0.7
0 21 0.3
0 24 0.1
1 33 0.7
1 19 0.7
1 22 0.3
1 25 0.7
2 28 0.5
2 27 0.3
2 25 0.1
3 10 0.1
3 16 0.3
4 10 0.9
4 16 0.1
4 19 0.7
5 13 0.1
5 34 0.5
5 9 0.3
6 15 0.5
6 29 0.7
7 23 0.7
7 15 0.3
8 28 0.5
9 10 0.1
9 23 0.1
11 24 0.9
11 13 0.5
11 30 0.9
11 12 0.3
11 19 0.3
12 34 0.5
12 24 0.3
15 29 0.9
15 30 0.3
15 22 0.5
16 22 0.9
16 33 0.1
16 29 0.1
17 26 0.7
17 21 0.3
18 20 0.5
18 23 0.9
19 21 0.3
19 22 0.1
19 20 0.7
19 30 0.9
20 30 0.9
21 32 0.5
22 29 0.7
22 32 0.3
23 26 0.9
24 34 0.5
