epsilon
epsilon
0.025000 0.848195
0.025000 3.583655
0.025000 3.509043
0.025000 0.691273
0.025000 0.855982
0.030000 0.621063
0.030000 2.052281
0.030000 2.509124
0.030000 0.466714
0.030000 0.606713
0.035000 0.410598
0.035000 1.398235
0.035000 1.965776
0.035000 0.332630
0.035000 0.421156
0.040000 0.338497
0.040000 1.189898
0.040000 1.403416
0.040000 0.255404
0.040000 0.324320
0.045000 0.248105
0.045000 0.912219
0.045000 1.138696
0.045000 0.190868
0.045000 0.252819
0.050000 0.229925
0.050000 0.649231
0.050000 0.976893
0.050000 0.156184
0.050000 0.205161
0.055000 0.157620
0.055000 0.381441
0.055000 0.742462
0.055000 0.120212
0.055000 0.163331
0.060000 0.130840
0.060000 0.619005
0.060000 0.793982
0.060000 0.112123
0.060000 0.141676
0.065000 0.110808
0.065000 0.370486
0.065000 0.687504
0.065000 0.092077
0.065000 0.115349
0.070000 0.096125
0.070000 0.322688
0.070000 0.556167
0.070000 0.076169
0.070000 0.096063
