epsilon
epsilon
0.025000 0.665110
0.025000 1.575662
0.025000 1.334900
0.025000 1.107321
0.025000 0.726504
0.030000 0.433036
0.030000 1.018607
0.030000 0.913722
0.030000 0.743601
0.030000 0.493806
0.035000 0.309442
0.035000 0.709323
0.035000 0.651434
0.035000 0.555501
0.035000 0.358954
0.040000 0.240248
0.040000 0.524890
0.040000 0.497520
0.040000 0.422227
0.040000 0.268556
0.045000 0.178327
0.045000 0.405530
0.045000 0.387006
0.045000 0.341528
0.045000 0.209536
0.050000 0.141119
0.050000 0.329915
0.050000 0.309702
0.050000 0.269436
0.050000 0.172063
0.055000 0.116406
0.055000 0.268412
0.055000 0.245644
0.055000 0.222421
0.055000 0.137373
0.060000 0.095638
0.060000 0.223344
0.060000 0.211758
0.060000 0.187508
0.060000 0.116782
0.065000 0.082680
0.065000 0.189472
0.065000 0.181206
0.065000 0.122581
0.065000 0.098166
0.070000 0.069550
0.070000 0.163869
0.070000 0.155722
0.070000 0.106228
0.070000 0.086676
