epsilon
epsilon
0.025000 0.492288
0.025000 0.631749
0.025000 0.961171
0.025000 0.794627
0.025000 0.810459
0.030000 0.341275
0.030000 0.422717
0.030000 0.648464
0.030000 0.543987
0.030000 0.556268
0.035000 0.243030
0.035000 0.288514
0.035000 0.360970
0.035000 0.389892
0.035000 0.417911
0.040000 0.216523
0.040000 0.212574
0.040000 0.324909
0.040000 0.298254
0.040000 0.311910
0.045000 0.164370
0.045000 0.159652
0.045000 0.201236
0.045000 0.223775
0.045000 0.239634
0.050000 0.108116
0.050000 0.125405
0.050000 0.157229
0.050000 0.176951
0.050000 0.191872
0.055000 0.087683
0.055000 0.100431
0.055000 0.128086
0.055000 0.148690
0.055000 0.161439
0.060000 0.072453
0.060000 0.084116
0.060000 0.092377
0.060000 0.124158
0.060000 0.132758
0.065000 0.062002
0.065000 0.071198
0.065000 0.089598
0.065000 0.108335
0.065000 0.114007
0.070000 0.053728
0.070000 0.061082
0.070000 0.075886
0.070000 0.093596
0.070000 0.098278
