35 70 num_nodes 35
0 30 0.1
0 4 0.1
0 21 0.5
1 19 0.5
1 17 0.9
1 18 0.5
1 24 0.9
1 3 0.1
1 23 0.5
1 6 0.5
2 10 0.9
2 6 0.1
2 7 0.1
2 24 0.5
2 19 0.1
2 12 0.3
2 21 0.9
3 8 0.7
4 30 0.3
4 22 0.7
5 30 0.3
6 34 0.1
6 32 0.1
6 27 0.9
7 18 0.9
8 23 0.5
8 31 0.1
8 24 0.9
8 19 0.7
9 25 0.3
9 14 0.5
9 26 0.9
9 16 0.9
10 20 0.5
11 23 0.7
11 20 0.9
12 30 0.3
13 16 0.5
13 17 0.5
14 16 0.5
14 21 0.3
14 32 0.7
15 34 0.7
15 32 0.9
15 19 0.9
15 17 0.9
16 27 0.7
16 29 0.7
16 23 0.3
17 30 0.3
17 21 0.7
17 27 0.5
17 31 0.7
18 26 0.5
19 27 0.7
19 33 0.7
19 20 0.9
19 24 0.1
20 23 0.3
20 26 0.7
21 29 0.5
22 24 0.1
24 33 0.9
24 27 0.7
24 29 0.1
25 28 0.9
26 32 0.9
26 34 0.5
26 27 0.7
30 34 0.9
