80 240 edge_degree 3.0
0 57 0.15926330421902957
0 49 0.08124546942157906
0 68 0.6533439129235612
0 22 0.021589529771731564
1 69 0.9493275853885222
1 25 0.8042447108351823
1 35 0.08367256871131246
1 16 0.21759793121340432
1 78 0.3589075943757831
1 11 0.1565669257615936
1 3 0.6104414892419883
1 37 0.6613037276026624
1 58 0.5635229137621427
2 3 0.48150247638119015
2 37 0.9736162323005604
2 57 0.2424911839269125
2 55 0.7424771924707209
2 28 0.3641462368319843
2 63 0.18904443991830233
2 20 0.7414496682200529
2 9 0.8093139494393933
2 7 0.06465911364885979
3 49 0.2607678342540445
3 40 0.21418683868270993
3 54 0.19523678200528338
3 60 0.4951467253938161
3 29 0.8056789939069536
3 39 0.02025472859727484
3 67 0.4918028106554929
3 62 0.16646448062678787
4 61 0.42744486819710903
4 32 0.5297739345722905
4 20 0.0028102571106394247
4 71 0.5151944078230779
4 65 0.4162651184032319
4 69 0.16453258019033046
5 39 0.953209294456016
5 8 0.7347810440886282
5 52 0.7013036271573188
5 37 0.9664299123066707
5 24 0.6641731942061854
5 40 0.6659568000326863
6 39 0.1784376954670337
6 20 0.5153231133965692
7 61 0.42744417870750406
7 38 0.035783006341629564
8 32 0.8574766686237373
8 37 0.16658946086205262
8 51 0.36239359317987696
8 40 0.8700482604878649
8 57 0.21855562004385487
9 10 0.5700235121349573
9 48 0.5266793839819965
9 34 0.11930832051726903
9 70 0.5135940229497702
9 41 0.4052495788143722
10 17 0.17274735170948863
10 34 0.5591687018327461
10 46 0.5636930156000854
11 47 0.7453104944773927
11 70 0.8799332957545017
11 35 0.21369387585960165
11 57 0.7728300461132972
11 31 0.6667545898246099
11 78 0.28432741824300445
12 62 0.5163472075823266
12 23 0.8301578953851286
12 44 0.8147293837888719
12 48 0.13276995245713352
12 26 0.41020770337702117
12 42 0.9751045639981878
12 64 0.13320836515586942
13 75 0.5534711793554716
13 20 0.2089177762121196
13 33 0.6939629766558341
13 49 0.592166373598909
13 41 0.5276024739658431
13 35 0.14963714664745764
13 39 0.47789589993918447
14 79 0.17731716415515664
14 60 0.852796589032271
14 37 0.4549892381157683
14 43 0.4845448941491497
14 58 0.38615459701416255
14 52 0.8662843505986366
14 57 0.6988566398805409
14 32 0.8444632606986712
15 63 0.7071840189123293
15 37 0.37360235888867566
16 65 0.10112443482002886
16 27 0.19786587421848922
16 18 0.03392971681598633
16 37 0.28320037886036764
16 17 0.9595800531458444
17 72 0.7881553448368556
17 62 0.23203713166794337
17 75 0.6507873752135721
18 50 0.42837263087986244
18 40 0.4324279378643152
18 26 0.8515635128570884
19 60 0.03491420902321596
19 22 0.8283417160435596
20 21 0.10162785064099311
20 53 0.5996142567884871
21 34 0.820198915257868
21 79 0.4820420078577443
21 30 0.3104367466326148
21 33 0.7693816220522742
22 53 0.07901967778845387
22 70 0.35686601251894223
22 65 0.12972883126372048
22 38 0.7981125076869425
22 51 0.1435256782380937
23 74 0.46284897525573065
23 44 0.309432941890747
23 69 0.010050889359386694
23 41 0.037946685754401854
24 38 0.17128804673530917
24 53 0.9105862549137856
24 63 0.1326876186088204
25 70 0.6148898259625705
25 48 0.17056523289384984
25 41 0.42429647355618816
25 31 0.6134828935357782
26 48 0.6820656005062854
26 54 0.5804960458384435
26 77 0.65803982629877
26 73 0.16354937627400512
26 39 0.6828100405525988
26 70 0.4577179635496199
27 48 0.5183211015802287
27 75 0.12287295639832518
27 34 0.7417892697964882
27 68 0.9202750699414624
27 79 0.624288545311067
28 67 0.27024038515948057
28 58 0.4803954115748983
28 66 0.1927655099762673
28 57 0.41713146747768404
28 72 0.9680919516741066
28 30 0.12687835723017016
28 61 0.028462488237006922
29 34 0.36514499269032474
29 70 0.9545458571186924
29 44 0.7998646149196289
29 64 0.3304116996439799
29 51 0.22340488476902554
29 49 0.4868782176827875
29 62 0.7665112424199707
30 68 0.17744392859653302
30 77 0.3478153829110169
30 75 0.37294471571692955
31 51 0.8185228599790418
31 34 0.29251486762742773
31 38 0.03927498315562694
31 32 0.7872917123664701
32 67 0.574835865971317
32 65 0.6762826643432746
32 72 0.9881149802847481
32 47 0.7915264091493196
32 70 0.3335536203998105
32 69 0.4538472846157877
33 45 0.8858913020504263
33 35 0.10858919962356173
34 58 0.363982452552992
34 42 0.5451570305024506
36 75 0.7788148029010464
36 51 0.26037803082378863
37 58 0.7813450039989827
37 64 0.6021408634387507
37 46 0.019379625390778088
37 69 0.036174400899607884
37 76 0.6798251423934942
38 39 0.4601548157227585
40 61 0.9439705761685999
40 57 0.9522658362227168
40 50 0.09510540625403652
40 74 0.9681610346374419
40 79 0.09820033027232444
40 67 0.3681638110540296
40 63 0.5030339680498359
41 63 0.7000078392986885
41 54 0.2827664268689647
41 78 0.027953839819857773
42 64 0.24393253131235904
42 78 0.26064766275282825
43 49 0.34198409092058857
43 54 0.375982133436096
43 73 0.2820100005815207
43 50 0.02672134791447378
43 52 0.6586392496532807
44 65 0.24160463636616025
44 53 0.7507705112780094
44 70 0.6509099129825235
45 73 0.3014532787197911
45 62 0.17859412251815554
45 63 0.4833984392279498
45 74 0.293939233679128
46 70 0.8424557831741311
46 72 0.3280052146646023
47 62 0.47533584146363983
48 55 0.9609990915193702
50 75 0.3337679453657646
50 66 0.9500683940505172
50 74 0.2488191460452246
50 73 0.07653546687266943
50 72 0.08959582216546857
52 64 0.845482237205458
53 71 0.6749553229989742
53 73 0.061528003442210766
54 64 0.8343325711671647
54 69 0.2331049533344296
55 77 0.5531706609671968
55 75 0.040497823854154014
55 68 0.483446956886338
55 70 0.8949271182833468
56 63 0.6668386059718481
56 65 0.8262712722642349
56 68 0.3685672668820381
56 64 0.9919768316802836
57 60 0.1661659499184558
57 64 0.9649708001572905
58 76 0.7516521111867666
58 72 0.6379352951323359
60 69 0.5021043462092322
62 68 0.39463119206251174
63 64 0.060195813742849325
64 76 0.9059850404957746
65 77 0.22683734302618908
66 71 0.8682627316802197
68 72 0.8294743742084816
69 70 0.7290943436482277
69 79 0.45535101946812695
69 78 0.03281755855205715
70 77 0.6199979291413354
70 74 0.5397901037209464
70 73 0.43268208820220566
71 78 0.8275640839485586
74 76 0.6073986045841507
75 78 0.5115753475057453
