30 54 edge_degree 1.8
0 27 0.3532475071533574
0 7 0.562157591979154
1 2 0.6961931187396263
1 19 0.30488985008386027
1 28 0.8615449810031065
2 11 0.16217452489128603
4 5 0.6527822949063218
5 26 0.06340654886798769
5 13 0.19305393576691288
5 17 0.39516661514814333
5 7 0.6425421689149879
5 10 0.38925174924446415
5 28 0.543952743141798
5 14 0.7935721275634928
6 19 0.9951124099549534
7 16 0.48537949116048873
7 10 0.15083906244552492
8 9 0.13260735449418182
8 16 0.6186901662276698
8 15 0.6739213802336663
10 29 0.29840662499826076
11 17 0.5043591431796685
11 14 0.3424634754277528
11 16 0.0690087247863872
11 25 0.8402255751281457
11 18 0.6157871171364426
11 27 0.7921254581606686
11 21 0.8223829610838481
12 20 0.26549583587899905
12 29 0.7681673721058585
12 24 0.1005583301124271
13 28 0.8404609553939124
13 23 0.186541981369153
14 29 0.5372873589386359
14 25 0.7759317089088601
14 20 0.9668221537698121
14 28 0.3795661888546382
14 23 0.8918821078769165
15 29 0.6512394306221242
15 21 0.6250567017701554
16 27 0.4411873325264315
16 28 0.47016797962485424
16 29 0.9143443416049373
17 21 0.5274090493415503
17 29 0.3839847642504225
18 21 0.7625251990397874
18 23 0.18775773112971095
21 27 0.6134285226892872
22 23 0.4023472341448897
22 26 0.7991067556340705
23 25 0.4449829827883973
24 29 0.6201266671346568
25 26 0.3374458045987302
28 29 0.9775833164600906
