30 90 edge_degree 3.0
0 29 0.41142718258001787
0 21 0.483582240153816
0 26 0.3891542158873831
0 4 0.835204163207521
0 9 0.5769764230023852
0 10 0.8546905450830213
0 12 0.6976938480475697
1 18 0.2797235745649159
1 4 0.23684351504089707
1 19 0.01442418257691147
1 12 0.7359855633643397
1 7 0.4337233330161704
1 6 0.08907824588285462
1 27 0.4241162977053694
2 19 0.6251066836185024
2 24 0.6643587868648776
2 3 0.9438230804045171
2 11 0.6655043723153062
2 25 0.657359209275481
3 11 0.6160336838958538
3 18 0.8383253086702516
3 27 0.01909280965369131
3 17 0.8713034570384044
4 17 0.9341878355663039
4 27 0.4914831145456927
4 28 0.5778256958603643
4 22 0.6288681499348061
4 11 0.4254518372530868
5 24 0.46287682937322605
5 22 0.08008667566040817
6 7 0.7409538902202443
6 15 0.7020877150801861
6 20 0.6652877480923356
7 18 0.4739191362810272
7 20 0.12352917369354366
7 29 0.5780038563672106
8 17 0.8436352209219884
8 27 0.4203950253165869
8 21 0.21612358560042344
8 9 0.8382530314962323
8 16 0.5912334376169275
8 19 0.8110970019104502
9 24 0.5529788156365973
9 13 0.745821960524722
9 17 0.9664649900342354
10 28 0.47448052204892865
10 17 0.643454387336822
10 18 0.6283122030457114
11 29 0.6894263570939146
11 17 0.09701778484303625
12 20 0.9420934140949689
12 23 0.13351873951030369
12 28 0.5906312427314941
12 18 0.964944252835289
12 16 0.6597221868169661
13 29 0.7052245558223912
13 24 0.800933788478059
13 18 0.6199174862244858
13 28 0.2270069676956511
13 20 0.8683287700243123
13 25 0.5275912420946699
14 29 0.5226648329007502
14 27 0.20534159668757945
15 19 0.7951665413775614
15 26 0.765778304885082
15 22 0.41954250439428986
15 17 0.090746113144894
15 27 0.5584338115899443
15 20 0.4495275089954661
16 29 0.05376685493934685
16 26 0.9992619661110401
17 26 0.9160716735441009
17 19 0.8486630349417114
18 20 0.08188526414523145
18 25 0.4186780673293191
18 28 0.9631823014222787
18 26 0.5655374773120345
18 22 0.41213612882513795
19 21 0.9808748514825193
19 24 0.7076292548617577
19 25 0.9569811510097638
20 27 0.6765300504668429
20 22 0.7931491457481427
21 29 0.15797507553394907
22 25 0.8840059904950757
22 27 0.491146945309861
22 23 0.6743722137586943
23 29 0.09812742767338656
27 28 0.01129138770013216
28 29 0.5741378450736675
