80 200 edge_degree 2.5
0 38 0.4152747191694214
0 27 0.6252501170536098
0 69 0.3237282466996899
0 21 0.8247498984049201
0 6 0.966006042166931
1 73 0.7706229040599094
1 78 0.1362992888598047
1 66 0.6865985215274567
1 32 0.7797525328439087
2 51 0.44214354925432986
2 41 0.6245529994018855
2 38 0.7066213782876679
2 77 0.290505579079686
3 33 0.3424915601725812
3 58 0.5114377440727373
3 56 0.11058296905336329
3 79 0.10276327558020038
4 41 0.2282658241305463
4 62 0.4836081008501716
4 10 0.07003343888327396
5 33 0.19825274519510716
5 10 0.8773636314380722
5 45 0.7536899374999445
5 46 0.12566538111726966
5 77 0.16347791519905674
5 63 0.30688558242469843
5 50 0.2984593067331568
5 17 0.8894622070300697
6 40 0.5854334974997276
6 25 0.4429607145763663
7 28 0.7683517061334582
7 29 0.449710592671387
7 21 0.18813026570643654
7 34 0.6225320276341597
8 11 0.2272974713240321
8 52 0.4958196197545809
8 25 0.5170990407369133
8 58 0.08481232507040315
9 37 0.14520027124643764
9 63 0.2378259816718451
9 10 0.5977332213172625
9 14 0.516010608429804
9 66 0.3020347073640549
9 11 0.054862840808741264
9 73 0.7443755078736057
10 36 0.5573725529405168
10 46 0.2260409064313894
10 55 0.5816874819791549
11 77 0.2006260532948182
11 70 0.4012966472141146
11 49 0.474819536162849
11 67 0.4125733567612163
12 41 0.907280403157683
12 56 0.9839350655351555
12 51 0.5626672924814735
12 45 0.15814255577702596
13 50 0.6745064831079314
13 22 0.4314899224497448
14 26 0.016775915937847996
14 72 0.9688153625884269
14 32 0.9239064889838569
14 76 0.9427012967648096
14 69 0.9756874450174698
14 22 0.7099528660081768
15 42 0.3962471296681709
15 67 0.29735966192132324
15 54 0.06458162677916357
15 39 0.9357127366556003
16 79 0.4134406540735972
17 32 0.5974860204216784
17 43 0.5638444951611308
18 25 0.3365334364264617
18 41 0.07562892045655578
18 32 0.8840819357330353
18 77 0.6326237901888914
19 61 0.7163230554843959
19 41 0.24405633785157232
19 76 0.1685098916516269
19 22 0.3841394376049456
19 65 0.16636892818357185
20 57 0.4355371971593338
20 42 0.72667045686947
20 27 0.2166323610294123
20 77 0.9166663919672898
20 47 0.7932680643686463
20 23 0.47105284688578963
21 39 0.19866374778947982
21 58 0.17646781061324412
21 73 0.39121547002913215
21 59 0.63504540337728
21 71 0.7958919052756621
22 31 0.14430804902799976
22 37 0.30030632912728017
22 79 0.8480242180078216
22 51 0.46433118636830717
22 41 0.8801285374117275
23 35 0.1062680640860364
23 29 0.2125194870309406
23 69 0.0272627167868964
24 34 0.7986405054776557
24 52 0.46906635152328013
24 79 0.1277140184808564
24 63 0.835505214591805
24 35 0.9723027315572491
25 56 0.31976878668227116
25 71 0.655778349385863
25 61 0.964825225186767
25 30 0.07798239331189527
25 73 0.5956457736413328
26 54 0.5880609639527697
26 29 0.7111154314203832
26 55 0.6800290363331459
26 48 0.5490848244029499
27 33 0.16257054781149383
27 54 0.22316086011074776
27 34 0.5112146206481745
28 53 0.19276220565064295
28 70 0.8508411586726652
28 61 0.6019288947908915
28 39 0.7882343666571204
29 39 0.822544323779781
29 62 0.21122190345162306
29 47 0.8252158577375275
30 38 0.7318709396464002
30 78 0.2299173723995872
30 62 0.1570137306377979
31 64 0.7018850826284976
31 74 0.14366577131207603
31 56 0.3096539984095713
31 67 0.4670749596241549
31 52 0.5614171955553848
32 77 0.7232544341897439
33 53 0.7726040054836141
33 43 0.31845938159762666
35 46 0.9073805780830806
35 60 0.9473444485272621
35 59 0.368918095605241
35 74 0.08012435927437289
36 55 0.6325232242507065
36 41 0.9049209169189216
36 47 0.3247034926734996
36 56 0.7836607078480213
37 70 0.4515427673090666
37 47 0.5360312603603147
37 73 0.26660750560777124
37 56 0.3440749173665536
37 52 0.7268336009797418
37 43 0.4047973243304632
37 45 0.2590195058890604
38 44 0.9195314991071362
38 61 0.16535887684130968
38 79 0.2193454528446378
39 65 0.6602652785905803
39 49 0.5106327282250933
39 72 0.8269061354684636
40 60 0.3227300271725905
40 78 0.22200241106660235
40 51 0.3875363028066642
41 75 0.32690717686893944
41 63 0.8985706612018094
41 68 0.7150380685453849
42 71 0.8705600420073775
42 47 0.08435412237644646
43 49 0.1627349310890175
43 60 0.5041093487450453
43 50 0.47588012699474047
44 79 0.8304934530241845
44 77 0.6447502433834184
45 55 0.771488473392779
46 79 0.5674147763442403
46 76 0.6061144321365355
46 78 0.08038468591998105
48 76 0.5040321566769752
48 50 0.3301625214207121
49 51 0.6841201158617286
50 56 0.8858630111641925
51 72 0.9368338576128973
51 76 0.5795167816180277
51 64 0.43536598948440886
52 79 0.23242547638701272
52 56 0.7271603556873402
52 75 0.5704573214169099
53 67 0.3647878806230511
53 56 0.6350972531836844
54 76 0.9290213715870452
55 65 0.02153848077956244
56 64 0.22814434628457592
57 67 0.019591990689663552
58 69 0.7090298229011395
58 71 0.22948996992770498
59 69 0.01271689400220255
60 72 0.880418945865273
60 67 0.7778056080973877
61 67 0.7178448383359569
62 69 0.05362422601636996
62 71 0.9063759598900135
62 76 0.11273144796551782
63 74 0.5569640639051686
66 68 0.9186377647991428
78 79 0.3555994774529081
