30 54 edge_degree 1.8
0 16 0.9165128743635609
0 23 0.20743735805232766
0 27 0.03617308070702452
0 6 0.2152696885490628
0 9 0.31422701326063296
0 19 0.4408638112684212
0 12 0.15033603660511796
0 26 0.8950105230709544
1 20 0.8834367830462383
1 8 0.02244118994445876
2 25 0.24098217084287432
2 10 0.674325174864611
3 11 0.3303932668941779
3 17 0.02407680374015886
4 19 0.8552760364115448
4 8 0.07404595605314312
5 28 0.8575006958288897
5 8 0.798400958069278
5 24 0.9289631628720517
5 27 0.25210602597737297
5 9 0.07610749917984616
5 6 0.2659797274257508
5 29 0.16861185745099938
5 10 0.9438902303830323
5 22 0.8578097235730294
6 13 0.5479060125016633
6 24 0.5330371236752693
6 10 0.5361580788800243
6 22 0.4416667084055722
7 24 0.730633140967111
7 12 0.7330269690680025
7 18 0.2770993801530989
8 19 0.5445663381172822
9 26 0.5550013825133062
9 11 0.2803687864576715
11 23 0.8271382437654798
11 13 0.022881587927605418
11 27 0.46618673902828944
12 24 0.3549956341917905
12 28 0.45894832925347295
12 18 0.7115524163670891
14 26 0.9509744003772586
14 19 0.10949863920836056
15 27 0.5656567402752587
15 22 0.1779009717187403
17 28 0.661195722386388
17 25 0.03413865071890798
18 19 0.41184750909135037
20 29 0.37371509121989355
20 21 0.428268435469611
21 22 0.8950543309842693
22 25 0.49023605399586767
23 26 0.22908008091584176
27 29 0.12652831218725824
