40 80 num_nodes 40
0 12 0.033115123645094724
0 24 0.4053360716466383
0 2 0.1979947496474972
1 23 0.9291979694643879
1 11 0.8129296924873008
1 15 0.9046597197880287
1 4 0.037545057258674075
1 2 0.15072457672376505
1 19 0.14420147354263613
1 6 0.40080444342473076
2 37 0.9612872045383329
2 17 0.6321772926522423
2 27 0.2514347595297568
2 38 0.9187231579471377
3 5 0.23360974304368498
3 6 0.5973460282431247
3 36 0.8267563549698512
3 13 0.41821755445490305
3 23 0.012985981294892035
4 21 0.9654512785593914
5 23 0.3545044453242625
5 7 0.6177386929178745
5 20 0.6056127313468623
6 14 0.29611270298739123
7 18 0.329480771500392
8 32 0.31406485926756256
8 33 0.9200766014688292
8 10 0.2201762665789202
8 28 0.3129099061540438
9 15 0.10488324945551497
9 39 0.0409355711968068
10 19 0.8209186991520898
10 27 0.2852172388675259
10 33 0.08008082796232452
10 28 0.14885330735940194
10 20 0.17708748567788712
11 35 0.9640685270178183
11 20 0.358293854679152
11 28 0.5693529166915291
11 23 0.345504224050202
11 33 0.18819835409628205
13 38 0.06870963970033384
13 19 0.4974162400391091
14 15 0.03640176234841053
14 31 0.6831836965599116
14 30 0.09499265308953075
15 33 0.537127335716277
15 17 0.6234483207288339
16 38 0.20527994062475297
16 23 0.3459423411706226
16 25 0.5691635191173476
17 31 0.6563621966361797
17 39 0.6655502876172594
17 37 0.30223183731580605
19 30 0.3942314464792114
19 32 0.32071548415237616
20 29 0.4486253724945761
21 31 0.9566199723547713
22 23 0.9152853003959267
22 32 0.8582905034807419
22 36 0.5143192530513084
22 39 0.7823954243011967
23 34 0.556169620424504
23 32 0.943046377300761
23 37 0.9021814257626666
23 39 0.004600100437194055
24 27 0.1594625744561622
25 32 0.643113577249249
25 29 0.31472296530148136
25 31 0.027307410095714357
26 33 0.13967571320874972
26 37 0.9865006385996704
28 32 0.04148448172730168
28 35 0.17395276982305607
29 35 0.9164642504026328
31 32 0.9488098582118077
32 35 0.9355757260057773
32 39 0.48670962937231776
33 35 0.5078693800285957
33 37 0.9015116543050183
