40 80 num_nodes 40
0 13 0.42865221315006974
0 38 0.9806464328278327
0 28 0.5597002943940769
1 29 0.812901937694496
1 19 0.9937224336880686
1 16 0.6676843082225498
1 35 0.9345390893944312
2 11 0.6179510417766546
2 18 0.42144260796298216
2 15 0.24878830122626516
2 3 0.7077316040396059
3 15 0.18514145710702512
3 11 0.4869789088931975
3 10 0.3390664970529037
3 26 0.3587559592035038
4 10 0.27401393423101494
4 16 0.5984527185203745
4 21 0.3962573458505202
5 27 0.17263264936909462
5 34 0.6946789427091951
5 9 0.5342309141668461
5 38 0.4320634248719515
5 31 0.9683654058791653
6 34 0.08998373334044951
6 29 0.08136016484869468
6 26 0.9575869662299082
7 10 0.2810780104799575
7 15 0.20770720571284462
7 9 0.25185036878295886
8 39 0.09941740268699428
8 13 0.3306651901469666
8 36 0.951233555446754
9 10 0.10186332689962474
9 23 0.1185048236786308
9 26 0.30898796625106495
9 18 0.7558444206326431
10 27 0.1238780108227201
10 33 0.6439149388959693
11 24 0.4628361081517619
11 13 0.3315124025879521
11 20 0.9979852634900517
11 19 0.924657657674231
11 31 0.00018872654851265214
11 21 0.6129760868870388
12 34 0.9536444792888082
12 24 0.49425594765246694
12 39 0.9731466985091403
13 21 0.7448491578306823
15 24 0.32963216528717165
15 36 0.4409189302917247
16 39 0.14569284633301827
16 33 0.16194755237652392
16 29 0.6590628058538591
17 26 0.8684373004936082
17 21 0.8899213658390036
17 18 0.18206323482924847
18 20 0.7614837329272366
19 21 0.4929800894335653
19 22 0.868348385435102
19 30 0.612536588418026
19 20 0.4616001962285833
20 30 0.9857742165908611
21 31 0.32356963864288024
22 33 0.4606009741491962
22 25 0.36276527866528263
22 29 0.9666714366983483
22 32 0.7582556971929456
22 38 0.9712209318257702
23 30 0.8423828585613246
23 26 0.38397738145958127
23 37 0.3066028615662372
24 37 0.017122794178225043
24 34 0.4680696672161162
25 34 0.8962438284428776
25 30 0.04781008572508949
28 39 0.9726680853918228
29 39 0.7986505011496163
29 31 0.4240316200937171
32 39 0.6790980655554548
37 38 0.5175579874318256
