edge_degree
edge_degree
1.000000 0.292000
1.000000 0.349000
1.000000 0.323000
1.000000 0.184000
1.000000 0.446000
1.200000 0.433000
1.200000 0.677000
1.200000 0.462000
1.200000 0.322000
1.200000 0.325000
1.400000 0.506000
1.400000 0.603000
1.400000 0.482000
1.400000 0.413000
1.400000 0.605000
1.600000 0.653000
1.600000 0.540000
1.600000 0.512000
1.600000 0.816000
1.600000 0.452000
1.800000 1.152000
1.800000 2.197000
1.800000 0.748000
1.800000 0.627000
1.800000 1.577000
2.000000 98.544000
2.000000 1.618000
2.000000 1.111000
2.000000 0.913000
2.000000 0.821000
2.200000 149.335000
2.200000 1.822000
2.200000 68.241000
2.200000 391.180000
2.200000 1.683000
