edge_degree
edge_degree
1.000000 0.129980
1.000000 0.467055
1.000000 0.096633
1.000000 0.464721
1.000000 0.456432
1.200000 22.300397
1.200000 23.019202
1.200000 0.167339
1.200000 0.152625
1.200000 23.899257
1.400000 25.454650
1.400000 24.743828
1.400000 2.067523
1.400000 0.695216
1.400000 25.621185
1.600000 32.697167
1.600000 0.798399
1.600000 27.571146
1.600000 33.224637
1.600000 24.923819
1.800000 1.662524
1.800000 28.759214
1.800000 28.780297
1.800000 34.724262
1.800000 2.125711
2.000000 511.823804
2.000000 9.094670
2.000000 29.485829
2.000000 3.005681
2.000000 5.866601
2.200000 989.960084
2.200000 30.384693
2.200000 609.063913
2.200000 3406.966304
2.200000 46.213185
