edge_degree
edge_degree
1.000000 0.307000
1.000000 0.369000
1.000000 0.241000
1.000000 0.154000
1.000000 0.282000
1.200000 0.418000
1.200000 0.491000
1.200000 0.844000
1.200000 0.251000
1.200000 0.319000
1.400000 0.392000
1.400000 0.388000
1.400000 0.399000
1.400000 0.243000
1.400000 0.378000
1.600000 0.399000
1.600000 1.334000
1.600000 0.603000
1.600000 0.883000
1.600000 0.402000
1.800000 1.274000
1.800000 1.260000
1.800000 3.216000
1.800000 2.307000
1.800000 0.593000
2.000000 1.615000
2.000000 5.800000
2.000000 0.878000
2.000000 3.899000
2.000000 10.480000
2.200000 1.009000
2.200000 4.787000
2.200000 0.621000
2.200000 4.109000
2.200000 3.862000
2.400000 7.825000
2.400000 5.331000
2.400000 24.353000
2.400000 1.673000
2.400000 21.943000
2.600000 3.580000
2.600000 49.540000
2.600000 447.523000
2.600000 134.057000
2.600000 11.106000
