30 60 num_nodes 30
0 28 0.9
0 22 0.9
0 10 0.7
0 23 0.5
0 29 0.9
1 15 0.5
2 24 0.3
2 11 0.3
3 8 0.7
3 15 0.3
3 28 0.5
3 5 0.1
3 23 0.7
3 16 0.5
4 18 0.3
5 11 0.3
5 24 0.1
6 25 0.9
6 13 0.1
6 21 0.3
7 18 0.9
7 16 0.1
7 11 0.5
7 21 0.1
7 24 0.5
7 23 0.5
8 14 0.7
9 14 0.7
9 27 0.1
10 28 0.3
12 20 0.9
12 26 0.9
12 21 0.5
12 16 0.7
12 25 0.3
13 19 0.9
13 26 0.9
13 16 0.1
13 21 0.3
14 15 0.5
14 24 0.5
14 21 0.7
15 24 0.9
15 17 0.7
15 27 0.7
16 29 0.5
16 26 0.3
17 20 0.1
17 29 0.1
17 28 0.3
18 28 0.3
18 27 0.9
20 29 0.5
20 23 0.1
21 23 0.5
22 23 0.3
22 24 0.9
23 25 0.9
25 27 0.7
26 29 0.3
