30 60 num_nodes 30
0 27 0.7
0 7 0.5
1 2 0.9
1 19 0.3
1 28 0.7
2 11 0.5
4 5 0.9
5 26 0.1
5 13 0.7
5 17 0.1
5 7 0.1
5 10 0.1
5 28 0.7
5 14 0.5
6 19 0.7
7 16 0.7
7 10 0.5
8 9 0.3
8 16 0.1
8 15 0.7
8 19 0.3
9 15 0.5
9 25 0.7
10 29 0.7
11 17 0.5
11 14 0.9
11 16 0.5
11 25 0.3
11 18 0.1
11 27 0.7
11 21 0.1
12 20 0.9
12 29 0.1
12 24 0.3
13 28 0.3
13 23 0.1
13 18 0.3
14 29 0.5
14 25 0.3
14 20 0.1
14 28 0.7
14 23 0.3
15 29 0.1
15 21 0.5
16 27 0.7
16 28 0.5
16 29 0.9
16 17 0.7
17 21 0.5
17 29 0.9
18 21 0.5
18 23 0.5
19 20 0.9
21 27 0.3
22 23 0.9
22 26 0.1
23 25 0.7
24 29 0.5
25 26 0.5
28 29 0.5
