30 60 num_nodes 30
0 29 0.1
0 21 0.9
0 26 0.1
1 18 0.1
1 4 0.5
2 19 0.9
2 24 0.9
2 3 0.3
2 11 0.1
2 25 0.7
3 11 0.9
3 18 0.9
4 17 0.1
4 27 0.1
4 28 0.9
5 24 0.1
5 22 0.7
6 7 0.7
6 15 0.3
6 20 0.7
7 18 0.9
7 20 0.1
8 17 0.7
8 27 0.5
8 21 0.7
8 9 0.7
9 24 0.3
9 13 0.3
10 28 0.9
10 17 0.1
11 29 0.3
11 17 0.5
12 20 0.9
12 23 0.3
12 28 0.9
12 18 0.9
13 29 0.3
13 24 0.5
13 18 0.7
14 29 0.7
15 19 0.3
15 26 0.9
15 22 0.9
15 17 0.1
15 27 0.9
15 20 0.5
16 29 0.7
16 26 0.5
17 26 0.3
18 20 0.7
18 25 0.7
18 28 0.5
18 26 0.5
19 21 0.3
20 27 0.1
20 22 0.5
21 29 0.9
22 25 0.1
22 27 0.9
23 29 0.1
