50 75 num_nodes 50
0 18 0.9
0 23 0.1
1 4 0.1
1 13 0.9
1 2 0.3
1 20 0.5
2 5 0.1
2 29 0.9
3 14 0.9
3 6 0.9
4 12 0.1
4 43 0.1
5 9 0.5
5 38 0.3
5 17 0.5
5 18 0.7
6 46 0.1
6 16 0.3
6 36 0.9
7 15 0.9
8 18 0.5
9 43 0.7
9 20 0.3
10 19 0.5
10 14 0.7
10 38 0.3
10 23 0.9
11 49 0.9
11 15 0.9
11 22 0.7
11 21 0.7
12 17 0.1
12 32 0.7
12 26 0.5
12 20 0.3
12 28 0.1
14 45 0.5
15 19 0.3
15 30 0.9
16 41 0.3
16 19 0.9
16 24 0.1
17 23 0.1
17 40 0.7
17 28 0.9
17 48 0.7
18 48 0.9
18 40 0.9
18 38 0.7
18 29 0.7
18 20 0.9
18 39 0.9
18 23 0.9
19 35 0.9
19 48 0.3
20 37 0.1
21 42 0.5
21 44 0.5
21 36 0.7
22 44 0.1
23 46 0.7
24 32 0.1
25 30 0.7
25 35 0.3
26 27 0.9
26 39 0.7
27 28 0.1
27 47 0.1
30 41 0.3
33 34 0.3
35 40 0.7
36 45 0.7
37 39 0.7
41 49 0.7
43 47 0.3
