50 100 num_nodes 50
0 46 0.9
0 8 0.1
0 13 0.5
0 37 0.1
0 28 0.1
1 29 0.9
1 23 0.7
1 47 0.5
1 35 0.1
2 45 0.7
2 27 0.7
2 25 0.3
2 40 0.3
3 41 0.9
3 16 0.1
3 5 0.7
3 9 0.3
3 26 0.9
4 8 0.5
4 21 0.7
4 19 0.3
5 13 0.3
5 34 0.1
5 11 0.5
6 34 0.5
6 37 0.1
6 26 0.1
7 10 0.9
7 12 0.5
7 9 0.1
8 28 0.3
8 13 0.1
8 40 0.9
9 16 0.7
9 21 0.7
9 40 0.5
9 23 0.7
9 18 0.1
10 48 0.1
10 26 0.7
10 46 0.7
10 27 0.1
10 33 0.3
11 17 0.9
11 13 0.3
11 20 0.1
11 45 0.1
11 39 0.1
11 40 0.5
12 34 0.5
12 44 0.1
13 26 0.1
13 49 0.9
15 49 0.3
15 24 0.3
15 36 0.3
15 48 0.9
15 47 0.9
16 39 0.5
16 33 0.7
16 29 0.5
17 44 0.9
17 18 0.5
18 20 0.5
18 23 0.7
19 24 0.3
19 38 0.7
19 22 0.9
19 43 0.7
19 20 0.7
19 30 0.7
20 30 0.3
21 45 0.3
21 32 0.9
21 31 0.3
22 47 0.3
22 25 0.7
22 29 0.1
22 32 0.7
22 38 0.7
23 30 0.7
23 26 0.3
23 39 0.5
24 49 0.7
24 37 0.5
24 34 0.3
25 30 0.1
26 41 0.9
29 49 0.7
29 39 0.7
29 31 0.7
30 44 0.9
33 41 0.3
34 38 0.5
36 46 0.9
38 43 0.1
40 43 0.7
44 47 0.3
44 46 0.3
47 49 0.9
